Time (Myr) 	 Time-t0 (yr) 	 5deg L_bol (L_sol) 	 15 	 25 	 35 	 45 	 55 	 65 	 75 	 85
1.818000e-01   2.500000e+03    7.084774e-02 	 7.083209e-02 	 7.082710e-02 	 7.084435e-02 	 7.086318e-02 	 7.087024e-02 	 7.087941e-02 	 7.087893e-02 	 7.085928e-02
1.843000e-01 	 5.000000e+03 	 7.359077e-02 	 7.356595e-02 	 7.355138e-02 	 7.356130e-02 	 7.358280e-02 	 7.360075e-02 	 7.360849e-02 	 7.359450e-02 	 7.358016e-02
1.868000e-01 	 7.500000e+03 	 7.616022e-02 	 7.613671e-02 	 7.611246e-02 	 7.610378e-02 	 7.610731e-02 	 7.610681e-02 	 7.609913e-02 	 7.607465e-02 	 7.605153e-02
1.893000e-01 	 1.000000e+04 	 7.840102e-02 	 7.836972e-02 	 7.834512e-02 	 7.833782e-02 	 7.834611e-02 	 7.834825e-02 	 7.834783e-02 	 7.832283e-02 	 7.830440e-02
1.918000e-01 	 1.250000e+04 	 8.045933e-02 	 8.043505e-02 	 8.040458e-02 	 8.039248e-02 	 8.039881e-02 	 8.040453e-02 	 8.040922e-02 	 8.038564e-02 	 8.036986e-02
1.943000e-01 	 1.500000e+04 	 6.965812e-02 	 6.971076e-02 	 6.975112e-02 	 6.975885e-02 	 6.975650e-02 	 6.973982e-02 	 6.968758e-02 	 6.958078e-02 	 6.517330e-02
1.968000e-01 	 1.750000e+04 	 7.902988e-02 	 7.916212e-02 	 7.925646e-02 	 7.929932e-02 	 7.926277e-02 	 7.916792e-02 	 7.898311e-02 	 7.787672e-02 	 6.840738e-02
1.993000e-01 	 2.000000e+04 	 8.328128e-02 	 8.340575e-02 	 8.346752e-02 	 8.347797e-02 	 8.340354e-02 	 8.326127e-02 	 8.302138e-02 	 7.937089e-02 	 7.092969e-02
2.018000e-01 	 2.250000e+04 	 1.391419e-01 	 1.392022e-01 	 1.391945e-01 	 1.389922e-01 	 1.386140e-01 	 1.379727e-01 	 1.369738e-01 	 1.232621e-01 	 1.124216e-01
2.043000e-01 	 2.500000e+04 	 3.249808e-01 	 3.247172e-01 	 3.241066e-01 	 3.228173e-01 	 3.208100e-01 	 3.179638e-01 	 3.138134e-01 	 2.716557e-01 	 2.555655e-01
2.068000e-01 	 2.750000e+04 	 6.017405e-01 	 6.006555e-01 	 5.992254e-01 	 5.960192e-01 	 5.911184e-01 	 5.842552e-01 	 5.739192e-01 	 4.909821e-01 	 4.619058e-01
2.093000e-01 	 3.000000e+04 	 2.323529e+00 	 2.328617e+00 	 2.312184e+00 	 2.298553e+00 	 2.278210e+00 	 2.246909e+00 	 2.201306e+00 	 2.004386e+00 	 1.893905e+00
2.118000e-01 	 3.250000e+04 	 4.778594e+00 	 4.768629e+00 	 4.754483e+00 	 4.730032e+00 	 4.689256e+00 	 4.623985e+00 	 4.524375e+00 	 4.211118e+00 	 3.978397e+00
2.143000e-01 	 3.500000e+04 	 4.819606e+00 	 4.815923e+00 	 4.806389e+00 	 4.789434e+00 	 4.754739e+00 	 4.694509e+00 	 4.598395e+00 	 4.264023e+00 	 4.014613e+00
2.168000e-01 	 3.750000e+04 	 3.339882e+00 	 3.335683e+00 	 3.330993e+00 	 3.315010e+00 	 3.294524e+00 	 3.250775e+00 	 3.183703e+00 	 2.957082e+00 	 2.782503e+00
2.193000e-01 	 4.000000e+04 	 9.242276e+00 	 9.223804e+00 	 9.190807e+00 	 9.145458e+00 	 9.067439e+00 	 8.939430e+00 	 8.734679e+00 	 8.108906e+00 	 7.618068e+00
2.218000e-01 	 4.250000e+04 	 7.973509e+00 	 7.969393e+00 	 7.969455e+00 	 7.950840e+00 	 7.908287e+00 	 7.812826e+00 	 7.648365e+00 	 7.031646e+00 	 6.603874e+00
2.227200e-01 	 4.342000e+04 	 4.021445e+01 	 4.014204e+01 	 3.998227e+01 	 3.977227e+01 	 3.952064e+01 	 3.900144e+01 	 3.805982e+01 	 3.496920e+01 	 3.278865e+01
2.243000e-01 	 4.500000e+04 	 1.202817e+01 	 1.200236e+01 	 1.200132e+01 	 1.198121e+01 	 1.189803e+01 	 1.176327e+01 	 1.150165e+01 	 1.054520e+01 	 9.911803e+00
2.268000e-01 	 4.750000e+04 	 3.965789e+00 	 3.961427e+00 	 3.951214e+00 	 3.940277e+00 	 3.918575e+00 	 3.876428e+00 	 3.792042e+00 	 3.454368e+00 	 3.220650e+00
2.293000e-01 	 5.000000e+04 	 6.494585e+00 	 6.495772e+00 	 6.486356e+00 	 6.466401e+00 	 6.430057e+00 	 6.341938e+00 	 6.200951e+00 	 5.631435e+00 	 5.280467e+00
2.318000e-01 	 5.250000e+04 	 5.756462e+00 	 5.749222e+00 	 5.742309e+00 	 5.719455e+00 	 5.679189e+00 	 5.606175e+00 	 5.475696e+00 	 4.975044e+00 	 4.659743e+00
2.325800e-01 	 5.328001e+04 	 7.753631e+01 	 7.746479e+01 	 7.734407e+01 	 7.667846e+01 	 7.596243e+01 	 7.456489e+01 	 7.270661e+01 	 6.688133e+01 	 6.312315e+01
2.326000e-01 	 5.330000e+04 	 5.853469e+01 	 5.833996e+01 	 5.790605e+01 	 5.763692e+01 	 5.699594e+01 	 5.610529e+01 	 5.454878e+01 	 4.998065e+01 	 4.692716e+01
2.326400e-01 	 5.334000e+04 	 4.285592e+01 	 4.286350e+01 	 4.253867e+01 	 4.230005e+01 	 4.184118e+01 	 4.118421e+01 	 4.008838e+01 	 3.671076e+01 	 3.443638e+01
2.327800e-01 	 5.348000e+04 	 5.074935e+01 	 5.074426e+01 	 5.047751e+01 	 5.013918e+01 	 4.969734e+01 	 4.883760e+01 	 4.745699e+01 	 4.329354e+01 	 4.064350e+01
2.343000e-01 	 5.500000e+04 	 4.355180e+00 	 4.359009e+00 	 4.347737e+00 	 4.333765e+00 	 4.312108e+00 	 4.260119e+00 	 4.160979e+00 	 3.720692e+00 	 3.489513e+00
2.368000e-01 	 5.750000e+04 	 4.850819e+00 	 4.851001e+00 	 4.847215e+00 	 4.828373e+00 	 4.838333e+00 	 4.748669e+00 	 4.636381e+00 	 4.137613e+00 	 3.861995e+00
2.393000e-01 	 6.000000e+04 	 4.418987e+00 	 4.415093e+00 	 4.415124e+00 	 4.402061e+00 	 4.361904e+00 	 4.310548e+00 	 4.207913e+00 	 3.757913e+00 	 3.512798e+00
2.418000e-01 	 6.250000e+04 	 4.477775e+00 	 4.473027e+00 	 4.496802e+00 	 4.450945e+00 	 4.412587e+00 	 4.346790e+00 	 4.240556e+00 	 3.776697e+00 	 3.529994e+00
2.443000e-01 	 6.500000e+04 	 1.400841e+01 	 1.396299e+01 	 1.392336e+01 	 1.390065e+01 	 1.380539e+01 	 1.364503e+01 	 1.329529e+01 	 1.184365e+01 	 1.103567e+01
2.468000e-01 	 6.750000e+04 	 2.631967e+00 	 2.625908e+00 	 2.617857e+00 	 2.604486e+00 	 2.583228e+00 	 2.544559e+00 	 2.475557e+00 	 2.152020e+00 	 2.006324e+00
2.493000e-01 	 7.000000e+04 	 2.295751e+00 	 2.292780e+00 	 2.284437e+00 	 2.271802e+00 	 2.253401e+00 	 2.222489e+00 	 2.160473e+00 	 1.865382e+00 	 1.733217e+00
2.496000e-01 	 7.029999e+04 	 4.731503e+01 	 4.734835e+01 	 4.701583e+01 	 4.685405e+01 	 4.644796e+01 	 4.579965e+01 	 4.439056e+01 	 3.939975e+01 	 3.682210e+01
2.496200e-01 	 7.032001e+04 	 4.868286e+01 	 4.868592e+01 	 4.861080e+01 	 4.826232e+01 	 4.796754e+01 	 4.701972e+01 	 4.583217e+01 	 4.054518e+01 	 3.789861e+01
2.496400e-01 	 7.034000e+04 	 4.490211e+01 	 4.484345e+01 	 4.474205e+01 	 4.448386e+01 	 4.408226e+01 	 4.345138e+01 	 4.220443e+01 	 3.745067e+01 	 3.498013e+01
2.498600e-01 	 7.056001e+04 	 4.980726e+01 	 4.981694e+01 	 4.951659e+01 	 4.919882e+01 	 4.891790e+01 	 4.811280e+01 	 4.663872e+01 	 4.128308e+01 	 3.869875e+01
2.498800e-01 	 7.058000e+04 	 5.165474e+01 	 5.160723e+01 	 5.145957e+01 	 5.114835e+01 	 5.052672e+01 	 4.971385e+01 	 4.820199e+01 	 4.279444e+01 	 4.017813e+01
2.499200e-01 	 7.061999e+04 	 3.048814e+01 	 3.051121e+01 	 3.027558e+01 	 3.027586e+01 	 2.987236e+01 	 2.940648e+01 	 2.858884e+01 	 2.540413e+01 	 2.370716e+01
2.499600e-01 	 7.066001e+04 	 4.785001e+01 	 4.801554e+01 	 4.771661e+01 	 4.752386e+01 	 4.694695e+01 	 4.632654e+01 	 4.495736e+01 	 3.989690e+01 	 3.733143e+01
2.499800e-01 	 7.068000e+04 	 4.903931e+01 	 4.915022e+01 	 4.894670e+01 	 4.850225e+01 	 4.818480e+01 	 4.731530e+01 	 4.592801e+01 	 4.081503e+01 	 3.821514e+01
2.518000e-01 	 7.250000e+04 	 8.792644e+00 	 8.789748e+00 	 8.786541e+00 	 8.751755e+00 	 8.670070e+00 	 8.545443e+00 	 8.311001e+00 	 7.322595e+00 	 6.839573e+00
2.543000e-01 	 7.500000e+04 	 8.221683e+00 	 8.214928e+00 	 8.196907e+00 	 8.159861e+00 	 8.081906e+00 	 7.962855e+00 	 7.707251e+00 	 6.687399e+00 	 6.243215e+00
2.568000e-01 	 7.750000e+04 	 3.738353e+00 	 3.738971e+00 	 3.723181e+00 	 3.705798e+00 	 3.661290e+00 	 3.606023e+00 	 3.481535e+00 	 2.963555e+00 	 2.765246e+00
2.593000e-01 	 8.000000e+04 	 6.734477e+00 	 6.710928e+00 	 6.693903e+00 	 6.694436e+00 	 6.599157e+00 	 6.514708e+00 	 6.250249e+00 	 5.335978e+00 	 4.982526e+00
2.600400e-01 	 8.073998e+04 	 1.192422e+02 	 1.190009e+02 	 1.183862e+02 	 1.177344e+02 	 1.165601e+02 	 1.144801e+02 	 1.100345e+02 	 9.515704e+01 	 8.858890e+01
2.600600e-01 	 8.076002e+04 	 4.567124e+01 	 4.578552e+01 	 4.575478e+01 	 4.482623e+01 	 4.505027e+01 	 4.428945e+01 	 4.249172e+01 	 3.647306e+01 	 3.404709e+01
2.601200e-01 	 8.082001e+04 	 1.024678e+02 	 1.021243e+02 	 1.025534e+02 	 1.023438e+02 	 1.002160e+02 	 9.901746e+01 	 9.530474e+01 	 8.198545e+01 	 7.675184e+01
2.601800e-01 	 8.087999e+04 	 2.293111e+01 	 2.293682e+01 	 2.285059e+01 	 2.281298e+01 	 2.256549e+01 	 2.221374e+01 	 2.143425e+01 	 1.844537e+01 	 1.720190e+01
2.602200e-01 	 8.091999e+04 	 4.237993e+01 	 4.246797e+01 	 4.239969e+01 	 4.176389e+01 	 4.180836e+01 	 4.111057e+01 	 3.944813e+01 	 3.394023e+01 	 3.168873e+01
2.618000e-01 	 8.250000e+04 	 2.695637e+00 	 2.693006e+00 	 2.683038e+00 	 2.668337e+00 	 2.637538e+00 	 2.590759e+00 	 2.483853e+00 	 2.070442e+00 	 1.927110e+00
2.630000e-01 	 8.370001e+04 	 5.268363e+01 	 5.268791e+01 	 5.262167e+01 	 5.221184e+01 	 5.169516e+01 	 5.085647e+01 	 4.903827e+01 	 4.248650e+01 	 3.975407e+01
2.630200e-01 	 8.372001e+04 	 1.755969e+02 	 1.745984e+02 	 1.742796e+02 	 1.726973e+02 	 1.698473e+02 	 1.667633e+02 	 1.608582e+02 	 1.392127e+02 	 1.298230e+02
2.630400e-01 	 8.374001e+04 	 2.254762e+01 	 2.258146e+01 	 2.253068e+01 	 2.240386e+01 	 2.219111e+01 	 2.182630e+01 	 2.105516e+01 	 1.815020e+01 	 1.697376e+01
2.631000e-01 	 8.380000e+04 	 1.108780e+02 	 1.106711e+02 	 1.097856e+02 	 1.094392e+02 	 1.083473e+02 	 1.064299e+02 	 1.023482e+02 	 8.886938e+01 	 8.278773e+01
2.631800e-01 	 8.387998e+04 	 5.060854e+01 	 5.049474e+01 	 5.033625e+01 	 4.994996e+01 	 4.938928e+01 	 4.855380e+01 	 4.675901e+01 	 4.016330e+01 	 3.744186e+01
2.633000e-01 	 8.400000e+04 	 5.084943e+01 	 5.085979e+01 	 5.063216e+01 	 5.026578e+01 	 4.985069e+01 	 4.902424e+01 	 4.728284e+01 	 4.079207e+01 	 3.804140e+01
2.643000e-01 	 8.500000e+04 	 5.667674e+00 	 5.663313e+00 	 5.649206e+00 	 5.616260e+00 	 5.556775e+00 	 5.463034e+00 	 5.251168e+00 	 4.436817e+00 	 4.126723e+00
2.668000e-01 	 8.750000e+04 	 4.701373e+00 	 4.697364e+00 	 4.671461e+00 	 4.642786e+00 	 4.586499e+00 	 4.504162e+00 	 4.344805e+00 	 3.653018e+00 	 3.379642e+00
2.693000e-01 	 9.000000e+04 	 4.252985e+00 	 4.250408e+00 	 4.239183e+00 	 4.210048e+00 	 4.161008e+00 	 4.083402e+00 	 3.909124e+00 	 3.255743e+00 	 3.024568e+00
2.703400e-01 	 9.103999e+04 	 6.184168e+01 	 6.162385e+01 	 6.147466e+01 	 6.120464e+01 	 6.041286e+01 	 5.944268e+01 	 5.693681e+01 	 4.880873e+01 	 4.555676e+01
2.703600e-01 	 9.105999e+04 	 1.789077e+02 	 1.783033e+02 	 1.772686e+02 	 1.759031e+02 	 1.739746e+02 	 1.705456e+02 	 1.630877e+02 	 1.388534e+02 	 1.291807e+02
2.703800e-01 	 9.107999e+04 	 3.880650e+01 	 3.882246e+01 	 3.869587e+01 	 3.852797e+01 	 3.814453e+01 	 3.740890e+01 	 3.589538e+01 	 3.071701e+01 	 2.863499e+01
2.704800e-01 	 9.118001e+04 	 5.399616e+01 	 5.396905e+01 	 5.378349e+01 	 5.341802e+01 	 5.282298e+01 	 5.203265e+01 	 4.986082e+01 	 4.236716e+01 	 3.941861e+01
2.718000e-01 	 9.250000e+04 	 7.920616e+00 	 7.931147e+00 	 7.917857e+00 	 7.856380e+00 	 7.768834e+00 	 7.622579e+00 	 7.203748e+00 	 5.970688e+00 	 5.544811e+00
2.732800e-01 	 9.397999e+04 	 4.085410e+01 	 4.064167e+01 	 4.066439e+01 	 4.034959e+01 	 3.987390e+01 	 3.907813e+01 	 3.700024e+01 	 3.107423e+01 	 2.889623e+01
2.733000e-01 	 9.399999e+04 	 4.095197e+01 	 4.104198e+01 	 4.094999e+01 	 4.064382e+01 	 4.020753e+01 	 3.941102e+01 	 3.734938e+01 	 3.148672e+01 	 2.933651e+01
2.743000e-01 	 9.500000e+04 	 4.801610e+00 	 4.794704e+00 	 4.773717e+00 	 4.739651e+00 	 4.685454e+00 	 4.598894e+00 	 4.362609e+00 	 3.573422e+00 	 3.301203e+00
2.768000e-01 	 9.750000e+04 	 1.760590e+01 	 1.759407e+01 	 1.759367e+01 	 1.741531e+01 	 1.727606e+01 	 1.694789e+01 	 1.610179e+01 	 1.358203e+01 	 1.260868e+01
2.791000e-01 	 9.980000e+04 	 4.273416e+01 	 4.272440e+01 	 4.252185e+01 	 4.218718e+01 	 4.172824e+01 	 4.087185e+01 	 3.879996e+01 	 3.250106e+01 	 3.022994e+01
2.792000e-01 	 9.989998e+04 	 6.987876e+01 	 6.993776e+01 	 6.954397e+01 	 6.891624e+01 	 6.815132e+01 	 6.660223e+01 	 6.318612e+01 	 5.268647e+01 	 4.890177e+01
2.793000e-01 	 1.000000e+05 	 9.000458e+01 	 8.843801e+01 	 8.841392e+01 	 8.753643e+01 	 8.822405e+01 	 8.488537e+01 	 8.145272e+01 	 6.739265e+01 	 6.286563e+01
2.794800e-01 	 1.001800e+05 	 9.186922e+01 	 9.164971e+01 	 9.173399e+01 	 9.084197e+01 	 8.973738e+01 	 8.823276e+01 	 8.335351e+01 	 6.986644e+01 	 6.515671e+01
2.796200e-01 	 1.003200e+05 	 6.223970e+01 	 6.213869e+01 	 6.217889e+01 	 6.165664e+01 	 6.100818e+01 	 5.987864e+01 	 5.685137e+01 	 4.781140e+01 	 4.462477e+01
2.797200e-01 	 1.004200e+05 	 4.175052e+01 	 4.186919e+01 	 4.186531e+01 	 4.157410e+01 	 4.099447e+01 	 4.020919e+01 	 3.809856e+01 	 3.200400e+01 	 2.979938e+01
2.799200e-01 	 1.006200e+05 	 4.603724e+01 	 4.596950e+01 	 4.596931e+01 	 4.568054e+01 	 4.509576e+01 	 4.432877e+01 	 4.200408e+01 	 3.515270e+01 	 3.276664e+01
2.799400e-01 	 1.006400e+05 	 1.114984e+02 	 1.112419e+02 	 1.108975e+02 	 1.099807e+02 	 1.087894e+02 	 1.065411e+02 	 1.010742e+02 	 8.480559e+01 	 7.902431e+01
2.800200e-01 	 1.007200e+05 	 1.966427e+02 	 1.966297e+02 	 1.962017e+02 	 1.941394e+02 	 1.925813e+02 	 1.879428e+02 	 1.779702e+02 	 1.488276e+02 	 1.387368e+02
2.801000e-01 	 1.008000e+05 	 1.626612e+02 	 1.630860e+02 	 1.620483e+02 	 1.611123e+02 	 1.585018e+02 	 1.559406e+02 	 1.481277e+02 	 1.243857e+02 	 1.155429e+02
2.802200e-01 	 1.009200e+05 	 9.310547e+01 	 9.299432e+01 	 9.245215e+01 	 9.213775e+01 	 9.067338e+01 	 8.905287e+01 	 8.467990e+01 	 7.104187e+01 	 6.618058e+01
2.805800e-01 	 1.012800e+05 	 5.530853e+01 	 5.524533e+01 	 5.503141e+01 	 5.462865e+01 	 5.391968e+01 	 5.278473e+01 	 5.003781e+01 	 4.162802e+01 	 3.876356e+01
2.806000e-01 	 1.013000e+05 	 5.391638e+01 	 5.492621e+01 	 5.387426e+01 	 5.421145e+01 	 5.342927e+01 	 5.224574e+01 	 4.927395e+01 	 4.048156e+01 	 3.764243e+01
2.806200e-01 	 1.013200e+05 	 4.973662e+01 	 4.965830e+01 	 5.015049e+01 	 4.976802e+01 	 4.836722e+01 	 4.828661e+01 	 4.502110e+01 	 3.770447e+01 	 3.495254e+01
2.807000e-01 	 1.014000e+05 	 4.806443e+01 	 4.805771e+01 	 4.800776e+01 	 4.766786e+01 	 4.706933e+01 	 4.613749e+01 	 4.350424e+01 	 3.637071e+01 	 3.382239e+01
2.807200e-01 	 1.014200e+05 	 4.419426e+01 	 4.409618e+01 	 4.401325e+01 	 4.372122e+01 	 4.326832e+01 	 4.232924e+01 	 3.988687e+01 	 3.328742e+01 	 3.098006e+01
2.811000e-01 	 1.018000e+05 	 4.510150e+01 	 4.486244e+01 	 4.478418e+01 	 4.451527e+01 	 4.385610e+01 	 4.318036e+01 	 4.056592e+01 	 3.362635e+01 	 3.137541e+01
2.811200e-01 	 1.018200e+05 	 5.522308e+01 	 5.518176e+01 	 5.504527e+01 	 5.469038e+01 	 5.394686e+01 	 5.278882e+01 	 4.968323e+01 	 4.136272e+01 	 3.847396e+01
2.811400e-01 	 1.018400e+05 	 6.227390e+01 	 6.285428e+01 	 6.247537e+01 	 6.157815e+01 	 6.089527e+01 	 6.034891e+01 	 5.687631e+01 	 4.710171e+01 	 4.376314e+01
2.811600e-01 	 1.018600e+05 	 4.299617e+01 	 4.310563e+01 	 4.296658e+01 	 4.268399e+01 	 4.221276e+01 	 4.135357e+01 	 3.902013e+01 	 3.245180e+01 	 3.024618e+01
2.818000e-01 	 1.025000e+05 	 1.446327e+01 	 1.446180e+01 	 1.449193e+01 	 1.433291e+01 	 1.422129e+01 	 1.388273e+01 	 1.300091e+01 	 1.064004e+01 	 9.887888e+00
2.843000e-01 	 1.050000e+05 	 2.989995e+00 	 2.983848e+00 	 2.969759e+00 	 2.942880e+00 	 2.899263e+00 	 2.833055e+00 	 2.599534e+00 	 2.032368e+00 	 1.868961e+00
2.845600e-01 	 1.052600e+05 	 6.561362e+01 	 6.554491e+01 	 6.532685e+01 	 6.490751e+01 	 6.417073e+01 	 6.281628e+01 	 5.925545e+01 	 4.927281e+01 	 4.587915e+01
2.845800e-01 	 1.052800e+05 	 5.826400e+01 	 5.804879e+01 	 5.788577e+01 	 5.752250e+01 	 5.681906e+01 	 5.578489e+01 	 5.277911e+01 	 4.396989e+01 	 4.095769e+01
2.868000e-01 	 1.075000e+05 	 5.007680e+00 	 4.989090e+00 	 4.945069e+00 	 4.907387e+00 	 4.842915e+00 	 4.759398e+00 	 4.469939e+00 	 3.576359e+00 	 3.289642e+00
2.872400e-01 	 1.079400e+05 	 4.501937e+01 	 4.409508e+01 	 4.456583e+01 	 4.352210e+01 	 4.359637e+01 	 4.271489e+01 	 4.040230e+01 	 3.315880e+01 	 3.079319e+01
2.872800e-01 	 1.079800e+05 	 5.475724e+01 	 5.452895e+01 	 5.443510e+01 	 5.424777e+01 	 5.356760e+01 	 5.226870e+01 	 4.963965e+01 	 4.141066e+01 	 3.845931e+01
2.873800e-01 	 1.080800e+05 	 5.974721e+01 	 5.975437e+01 	 5.961311e+01 	 5.921629e+01 	 5.847918e+01 	 5.724682e+01 	 5.427164e+01 	 4.527278e+01 	 4.207949e+01
2.874600e-01 	 1.081600e+05 	 5.274632e+01 	 5.275607e+01 	 5.258226e+01 	 5.213377e+01 	 5.139573e+01 	 5.026583e+01 	 4.769257e+01 	 3.958563e+01 	 3.684906e+01
2.876000e-01 	 1.083000e+05 	 4.749463e+01 	 4.748628e+01 	 4.719728e+01 	 4.696992e+01 	 4.636999e+01 	 4.551096e+01 	 4.324578e+01 	 3.592554e+01 	 3.330355e+01
2.883200e-01 	 1.090200e+05 	 5.065829e+01 	 5.070982e+01 	 5.040363e+01 	 5.010972e+01 	 4.957172e+01 	 4.864308e+01 	 4.590555e+01 	 3.790390e+01 	 3.513094e+01
2.884000e-01 	 1.091000e+05 	 5.927370e+01 	 5.924786e+01 	 5.900155e+01 	 5.856985e+01 	 5.790724e+01 	 5.662893e+01 	 5.341163e+01 	 4.388823e+01 	 4.081433e+01
2.884800e-01 	 1.091800e+05 	 9.378997e+01 	 9.370825e+01 	 9.341542e+01 	 9.280252e+01 	 9.162606e+01 	 8.967924e+01 	 8.451890e+01 	 7.029367e+01 	 6.516578e+01
2.885400e-01 	 1.092400e+05 	 7.135553e+01 	 7.127971e+01 	 7.092258e+01 	 7.050642e+01 	 6.949061e+01 	 6.803168e+01 	 6.411072e+01 	 5.293851e+01 	 4.925306e+01
2.885600e-01 	 1.092600e+05 	 4.709039e+01 	 4.718597e+01 	 4.688505e+01 	 4.659144e+01 	 4.610077e+01 	 4.523208e+01 	 4.229612e+01 	 3.494882e+01 	 3.252003e+01
2.893000e-01 	 1.100000e+05 	 2.095233e+01 	 2.085257e+01 	 2.080060e+01 	 2.065406e+01 	 2.037050e+01 	 1.998914e+01 	 1.841445e+01 	 1.497052e+01 	 1.391991e+01
2.893400e-01 	 1.100400e+05 	 5.045957e+01 	 5.043451e+01 	 5.040051e+01 	 5.007954e+01 	 4.949169e+01 	 4.828055e+01 	 4.489635e+01 	 3.697354e+01 	 3.430177e+01
2.896800e-01 	 1.103800e+05 	 4.493332e+01 	 4.494023e+01 	 4.480892e+01 	 4.451367e+01 	 4.441603e+01 	 4.336225e+01 	 3.967583e+01 	 3.250666e+01 	 3.014472e+01
2.918000e-01 	 1.125000e+05 	 2.391299e+01 	 2.388693e+01 	 2.377425e+01 	 2.356927e+01 	 2.322397e+01 	 2.267923e+01 	 2.033967e+01 	 1.634459e+01 	 1.512440e+01
2.943000e-01 	 1.150000e+05 	 4.744703e+00 	 4.739102e+00 	 4.713949e+00 	 4.665405e+00 	 4.595153e+00 	 4.481984e+00 	 3.953210e+00 	 3.032025e+00 	 2.784661e+00
2.968000e-01 	 1.175000e+05 	 3.756236e+00 	 3.751318e+00 	 3.728783e+00 	 3.690322e+00 	 3.626580e+00 	 3.532745e+00 	 3.124163e+00 	 2.365864e+00 	 2.164523e+00
2.971600e-01 	 1.178600e+05 	 3.867920e+01 	 3.850923e+01 	 3.845100e+01 	 3.809091e+01 	 3.745942e+01 	 3.667343e+01 	 3.370195e+01 	 2.738038e+01 	 2.534382e+01
2.971800e-01 	 1.178800e+05 	 4.290533e+01 	 4.287056e+01 	 4.280520e+01 	 4.247285e+01 	 4.189259e+01 	 4.089165e+01 	 3.772866e+01 	 3.066890e+01 	 2.834138e+01
2.972000e-01 	 1.179000e+05 	 4.409528e+01 	 4.406033e+01 	 4.385678e+01 	 4.356471e+01 	 4.287430e+01 	 4.195509e+01 	 3.874277e+01 	 3.149651e+01 	 2.911839e+01
2.972400e-01 	 1.179400e+05 	 4.151285e+01 	 4.149827e+01 	 4.136792e+01 	 4.100702e+01 	 4.045607e+01 	 3.954196e+01 	 3.646545e+01 	 2.971822e+01 	 2.746830e+01
2.972600e-01 	 1.179600e+05 	 3.910128e+01 	 3.910984e+01 	 3.912316e+01 	 3.870928e+01 	 3.814043e+01 	 3.726753e+01 	 3.427455e+01 	 2.782154e+01 	 2.576015e+01
2.993000e-01 	 1.200000e+05 	 2.084298e+01 	 2.083364e+01 	 2.072734e+01 	 2.051256e+01 	 2.024206e+01 	 1.976271e+01 	 1.816231e+01 	 1.458687e+01 	 1.347618e+01
2.999400e-01 	 1.206400e+05 	 4.049300e+01 	 4.055936e+01 	 4.039984e+01 	 4.006717e+01 	 3.956877e+01 	 3.871933e+01 	 3.588478e+01 	 2.912406e+01 	 2.692559e+01
2.999600e-01 	 1.206600e+05 	 7.841107e+01 	 7.831937e+01 	 7.771166e+01 	 7.709337e+01 	 7.600470e+01 	 7.422252e+01 	 6.865322e+01 	 5.526914e+01 	 5.128313e+01
3.000400e-01 	 1.207400e+05 	 1.403027e+02 	 1.402597e+02 	 1.398630e+02 	 1.383074e+02 	 1.369036e+02 	 1.334777e+02 	 1.238376e+02 	 1.011150e+02 	 9.370133e+01
3.001200e-01 	 1.208200e+05 	 6.985500e+01 	 7.080625e+01 	 6.970314e+01 	 6.907157e+01 	 6.883864e+01 	 6.724872e+01 	 6.226118e+01 	 5.028622e+01 	 4.666884e+01
3.002000e-01 	 1.209000e+05 	 4.002112e+01 	 4.009103e+01 	 3.989506e+01 	 3.969598e+01 	 3.917526e+01 	 3.832570e+01 	 3.544075e+01 	 2.869244e+01 	 2.660093e+01
3.018000e-01 	 1.225000e+05 	 2.935328e+00 	 2.927492e+00 	 2.912347e+00 	 2.878316e+00 	 2.826233e+00 	 2.753884e+00 	 2.511689e+00 	 1.884727e+00 	 1.723485e+00
3.043000e-01 	 1.250000e+05 	 8.178085e+00 	 8.160273e+00 	 8.122342e+00 	 8.080646e+00 	 7.919800e+00 	 7.738180e+00 	 7.089711e+00 	 5.524859e+00 	 5.095080e+00
3.068000e-01 	 1.275000e+05 	 5.815676e+00 	 5.795022e+00 	 5.772920e+00 	 5.711890e+00 	 5.619421e+00 	 5.467195e+00 	 4.856829e+00 	 3.704844e+00 	 3.384435e+00
3.068800e-01 	 1.275800e+05 	 9.210979e+01 	 9.213210e+01 	 9.236035e+01 	 9.109175e+01 	 8.968394e+01 	 8.740984e+01 	 8.136349e+01 	 6.562883e+01 	 6.071446e+01
3.069000e-01 	 1.276000e+05 	 5.659269e+01 	 5.665465e+01 	 5.621960e+01 	 5.585462e+01 	 5.487700e+01 	 5.358270e+01 	 4.933739e+01 	 3.974923e+01 	 3.672128e+01
3.069200e-01 	 1.276200e+05 	 7.326660e+01 	 7.300854e+01 	 7.285761e+01 	 7.239732e+01 	 7.128103e+01 	 6.957233e+01 	 6.469698e+01 	 5.208266e+01 	 4.818933e+01
3.069400e-01 	 1.276400e+05 	 5.520986e+01 	 5.517759e+01 	 5.511258e+01 	 5.457138e+01 	 5.370872e+01 	 5.237596e+01 	 4.821947e+01 	 3.874926e+01 	 3.583377e+01
3.069800e-01 	 1.276800e+05 	 4.640091e+01 	 4.628700e+01 	 4.605308e+01 	 4.556121e+01 	 4.481057e+01 	 4.357855e+01 	 4.011865e+01 	 3.229723e+01 	 2.989797e+01
3.093000e-01 	 1.300000e+05 	 7.759178e+00 	 7.751196e+00 	 7.716993e+00 	 7.640722e+00 	 7.519889e+00 	 7.328418e+00 	 6.545800e+00 	 4.986621e+00 	 4.541853e+00
3.100800e-01 	 1.307800e+05 	 8.234255e+01 	 8.225294e+01 	 8.190719e+01 	 8.122577e+01 	 8.009276e+01 	 7.831086e+01 	 7.237668e+01 	 5.849859e+01 	 5.400246e+01
3.101000e-01 	 1.308000e+05 	 5.450156e+01 	 5.451263e+01 	 5.425672e+01 	 5.370231e+01 	 5.291757e+01 	 5.163406e+01 	 4.749403e+01 	 3.814012e+01 	 3.524472e+01
3.101200e-01 	 1.308200e+05 	 3.787206e+01 	 3.773429e+01 	 3.758520e+01 	 3.721333e+01 	 3.653063e+01 	 3.559679e+01 	 3.232331e+01 	 2.578018e+01 	 2.376184e+01
3.102600e-01 	 1.309600e+05 	 4.052436e+01 	 4.051150e+01 	 4.032255e+01 	 3.998216e+01 	 3.941394e+01 	 3.847931e+01 	 3.502058e+01 	 2.810417e+01 	 2.595576e+01
3.102800e-01 	 1.309800e+05 	 4.430663e+01 	 4.422107e+01 	 4.391071e+01 	 4.353936e+01 	 4.284241e+01 	 4.165492e+01 	 3.786598e+01 	 3.024441e+01 	 2.786771e+01
3.103000e-01 	 1.310000e+05 	 6.467964e+01 	 6.456117e+01 	 6.427652e+01 	 6.386949e+01 	 6.284151e+01 	 6.133601e+01 	 5.618286e+01 	 4.507352e+01 	 4.169095e+01
3.106600e-01 	 1.313600e+05 	 3.378718e+01 	 3.377263e+01 	 3.360162e+01 	 3.331184e+01 	 3.283128e+01 	 3.205874e+01 	 2.927427e+01 	 2.337134e+01 	 2.147840e+01
3.109400e-01 	 1.316400e+05 	 3.494094e+01 	 3.485967e+01 	 3.462543e+01 	 3.439420e+01 	 3.390102e+01 	 3.309283e+01 	 3.014517e+01 	 2.404972e+01 	 2.209563e+01
3.113600e-01 	 1.320600e+05 	 1.464954e+02 	 1.465326e+02 	 1.457977e+02 	 1.445232e+02 	 1.422742e+02 	 1.384221e+02 	 1.267741e+02 	 1.022715e+02 	 9.466613e+01
3.113800e-01 	 1.320800e+05 	 3.129930e+01 	 3.127410e+01 	 3.114236e+01 	 3.085366e+01 	 3.033158e+01 	 2.957587e+01 	 2.670296e+01 	 2.120704e+01 	 1.955889e+01
3.114000e-01 	 1.321000e+05 	 3.606637e+00 	 3.595314e+00 	 3.572700e+00 	 3.529807e+00 	 3.459959e+00 	 3.360152e+00 	 2.824515e+00 	 2.045969e+00 	 1.850287e+00
3.114200e-01 	 1.321200e+05 	 5.142445e+00 	 5.129981e+00 	 5.100629e+00 	 5.041132e+00 	 4.945462e+00 	 4.804521e+00 	 4.124114e+00 	 3.053213e+00 	 2.786939e+00
3.114400e-01 	 1.321400e+05 	 4.246133e+01 	 4.243847e+01 	 4.218504e+01 	 4.183267e+01 	 4.119093e+01 	 4.026235e+01 	 3.649892e+01 	 2.916900e+01 	 2.683310e+01
3.116600e-01 	 1.323600e+05 	 4.243694e+01 	 4.240001e+01 	 4.231358e+01 	 4.179873e+01 	 4.111753e+01 	 4.009391e+01 	 3.608203e+01 	 2.868712e+01 	 2.638607e+01
3.116800e-01 	 1.323800e+05 	 1.529004e+02 	 1.525162e+02 	 1.521357e+02 	 1.504446e+02 	 1.481018e+02 	 1.443429e+02 	 1.321592e+02 	 1.063444e+02 	 9.829988e+01
3.117000e-01 	 1.324000e+05 	 4.129021e+01 	 4.124554e+01 	 4.110079e+01 	 4.067515e+01 	 3.998029e+01 	 3.899794e+01 	 3.488962e+01 	 2.762838e+01 	 2.540268e+01
3.117400e-01 	 1.324400e+05 	 1.052707e+01 	 1.048983e+01 	 1.042420e+01 	 1.031367e+01 	 1.013850e+01 	 9.864095e+00 	 8.645567e+00 	 6.636782e+00 	 6.093730e+00
3.117600e-01 	 1.324600e+05 	 4.041017e+01 	 4.044832e+01 	 4.031063e+01 	 3.993650e+01 	 3.935972e+01 	 3.840254e+01 	 3.463150e+01 	 2.741324e+01 	 2.513545e+01
3.118000e-01 	 1.325000e+05 	 3.230196e+01 	 3.209032e+01 	 3.195715e+01 	 3.184040e+01 	 3.135067e+01 	 3.049813e+01 	 2.758451e+01 	 2.179687e+01 	 2.013123e+01
3.119400e-01 	 1.326400e+05 	 9.861495e+01 	 9.854142e+01 	 9.813869e+01 	 9.692221e+01 	 9.552120e+01 	 9.311206e+01 	 8.502008e+01 	 6.835983e+01 	 6.318488e+01
3.119600e-01 	 1.326600e+05 	 1.484807e+02 	 1.482257e+02 	 1.474046e+02 	 1.466669e+02 	 1.437386e+02 	 1.401310e+02 	 1.283660e+02 	 1.033517e+02 	 9.525472e+01
3.119800e-01 	 1.326800e+05 	 2.334178e+01 	 2.327047e+01 	 2.319720e+01 	 2.294932e+01 	 2.253749e+01 	 2.201552e+01 	 1.960312e+01 	 1.541174e+01 	 1.412155e+01
3.120400e-01 	 1.327400e+05 	 1.974299e+02 	 1.978178e+02 	 1.975735e+02 	 1.956138e+02 	 1.922698e+02 	 1.870191e+02 	 1.707612e+02 	 1.374479e+02 	 1.267080e+02
3.120600e-01 	 1.327600e+05 	 3.160784e+01 	 3.159599e+01 	 3.143037e+01 	 3.111799e+01 	 3.065444e+01 	 2.991232e+01 	 2.697562e+01 	 2.133101e+01 	 1.962243e+01
3.123200e-01 	 1.330200e+05 	 3.683030e+01 	 3.684366e+01 	 3.665616e+01 	 3.634188e+01 	 3.577062e+01 	 3.491530e+01 	 3.139969e+01 	 2.474642e+01 	 2.277583e+01
3.143000e-01 	 1.350000e+05 	 6.690924e+00 	 6.677978e+00 	 6.635228e+00 	 6.545716e+00 	 6.428430e+00 	 6.242961e+00 	 5.449329e+00 	 4.084873e+00 	 3.732389e+00
3.168000e-01 	 1.375000e+05 	 8.425627e+00 	 8.442101e+00 	 8.373023e+00 	 8.282109e+00 	 8.150932e+00 	 7.919956e+00 	 6.989170e+00 	 5.297891e+00 	 4.830257e+00
3.193000e-01 	 1.400000e+05 	 1.140607e+01 	 1.139584e+01 	 1.132549e+01 	 1.120383e+01 	 1.098206e+01 	 1.066822e+01 	 9.260285e+00 	 7.010768e+00 	 6.394236e+00
3.218000e-01 	 1.425000e+05 	 3.522811e+00 	 3.518169e+00 	 3.496415e+00 	 3.458769e+00 	 3.385707e+00 	 3.280475e+00 	 2.605356e+00 	 1.802781e+00 	 1.612257e+00
3.240200e-01 	 1.447200e+05 	 8.459070e+01 	 8.460124e+01 	 8.428169e+01 	 8.352821e+01 	 8.186863e+01 	 7.969732e+01 	 7.151218e+01 	 5.607605e+01 	 5.160053e+01
3.240800e-01 	 1.447800e+05 	 1.355804e+01 	 1.353456e+01 	 1.346574e+01 	 1.332287e+01 	 1.307876e+01 	 1.271804e+01 	 1.097410e+01 	 8.300617e+00 	 7.532404e+00
3.241200e-01 	 1.448200e+05 	 6.484829e+01 	 6.480799e+01 	 6.448968e+01 	 6.380078e+01 	 6.268358e+01 	 6.089892e+01 	 5.436524e+01 	 4.276545e+01 	 3.910561e+01
3.241600e-01 	 1.448600e+05 	 2.909761e+01 	 2.902546e+01 	 2.884734e+01 	 2.849001e+01 	 2.804023e+01 	 2.720676e+01 	 2.382363e+01 	 1.850124e+01 	 1.692873e+01
3.242600e-01 	 1.449600e+05 	 2.975303e+01 	 2.970201e+01 	 2.960615e+01 	 2.923276e+01 	 2.868954e+01 	 2.789580e+01 	 2.452143e+01 	 1.907705e+01 	 1.745701e+01
3.243000e-01 	 1.450000e+05 	 1.949360e+01 	 1.942713e+01 	 1.930145e+01 	 1.895057e+01 	 1.868006e+01 	 1.812691e+01 	 1.564297e+01 	 1.201051e+01 	 1.094686e+01
3.268000e-01 	 1.475000e+05 	 3.795268e+00 	 3.783939e+00 	 3.749719e+00 	 3.696531e+00 	 3.611369e+00 	 3.496295e+00 	 2.842540e+00 	 1.976191e+00 	 1.773727e+00
3.293000e-01 	 1.500000e+05 	 4.009884e+00 	 3.996200e+00 	 3.963965e+00 	 3.907819e+00 	 3.823291e+00 	 3.692910e+00 	 2.946044e+00 	 2.069306e+00 	 1.843833e+00
3.318000e-01 	 1.525000e+05 	 5.359892e+00 	 5.327130e+00 	 5.307997e+00 	 5.236047e+00 	 5.130503e+00 	 4.963279e+00 	 3.925073e+00 	 2.723566e+00 	 2.427019e+00
3.343000e-01 	 1.550000e+05 	 4.105551e+00 	 4.088833e+00 	 4.060789e+00 	 4.001242e+00 	 3.910921e+00 	 3.785744e+00 	 2.829048e+00 	 1.923593e+00 	 1.709228e+00
3.368000e-01 	 1.575000e+05 	 4.484179e+00 	 4.470196e+00 	 4.443886e+00 	 4.386561e+00 	 4.287965e+00 	 4.151669e+00 	 3.070198e+00 	 2.086417e+00 	 1.853586e+00
3.393000e-01 	 1.600000e+05 	 5.687763e+00 	 5.676963e+00 	 5.638507e+00 	 5.561550e+00 	 5.444859e+00 	 5.247203e+00 	 3.860265e+00 	 2.652615e+00 	 2.357582e+00
3.410400e-01 	 1.617400e+05 	 2.594892e+01 	 2.592979e+01 	 2.567079e+01 	 2.537718e+01 	 2.478038e+01 	 2.402501e+01 	 1.917037e+01 	 1.418195e+01 	 1.281481e+01
3.410600e-01 	 1.617600e+05 	 2.954622e+01 	 2.955978e+01 	 2.933581e+01 	 2.899557e+01 	 2.841505e+01 	 2.745791e+01 	 2.201819e+01 	 1.642715e+01 	 1.489877e+01
3.410800e-01 	 1.617800e+05 	 3.074149e+01 	 3.062214e+01 	 3.041315e+01 	 3.005121e+01 	 2.943051e+01 	 2.846413e+01 	 2.282234e+01 	 1.702349e+01 	 1.543918e+01
3.411000e-01 	 1.618000e+05 	 2.615378e+01 	 2.609576e+01 	 2.593700e+01 	 2.560253e+01 	 2.506582e+01 	 2.427349e+01 	 1.939920e+01 	 1.437057e+01 	 1.297552e+01
3.412200e-01 	 1.619200e+05 	 2.857510e+01 	 2.853681e+01 	 2.831976e+01 	 2.794430e+01 	 2.734310e+01 	 2.643383e+01 	 2.117516e+01 	 1.570599e+01 	 1.421508e+01
3.412400e-01 	 1.619400e+05 	 3.253680e+01 	 3.249333e+01 	 3.216090e+01 	 3.175338e+01 	 3.101798e+01 	 3.010797e+01 	 2.411921e+01 	 1.803308e+01 	 1.635048e+01
3.413200e-01 	 1.620200e+05 	 1.967449e+01 	 1.966267e+01 	 1.950507e+01 	 1.927488e+01 	 1.884114e+01 	 1.821978e+01 	 1.417073e+01 	 1.038875e+01 	 9.378363e+00
3.413600e-01 	 1.620600e+05 	 2.900417e+01 	 2.901483e+01 	 2.888759e+01 	 2.851812e+01 	 2.782918e+01 	 2.698242e+01 	 2.160652e+01 	 1.602805e+01 	 1.449206e+01
3.413800e-01 	 1.620800e+05 	 2.804023e+01 	 2.797399e+01 	 2.776860e+01 	 2.745319e+01 	 2.670440e+01 	 2.589917e+01 	 2.064985e+01 	 1.530980e+01 	 1.383621e+01
3.418000e-01 	 1.625000e+05 	 2.340355e+01 	 2.343145e+01 	 2.326909e+01 	 2.292281e+01 	 2.247711e+01 	 2.176942e+01 	 1.696935e+01 	 1.253483e+01 	 1.132826e+01
3.418600e-01 	 1.625600e+05 	 3.051753e+01 	 3.039997e+01 	 3.016896e+01 	 2.977488e+01 	 2.906555e+01 	 2.811744e+01 	 2.209532e+01 	 1.641294e+01 	 1.477088e+01
3.418800e-01 	 1.625800e+05 	 4.075301e+01 	 4.074823e+01 	 4.047477e+01 	 3.982629e+01 	 3.886342e+01 	 3.733360e+01 	 2.976870e+01 	 2.186049e+01 	 1.960115e+01
3.419000e-01 	 1.626000e+05 	 3.670333e+01 	 3.663823e+01 	 3.638426e+01 	 3.584934e+01 	 3.512777e+01 	 3.398415e+01 	 2.733616e+01 	 2.041450e+01 	 1.848091e+01
3.443000e-01 	 1.650000e+05 	 4.253192e+00 	 4.242214e+00 	 4.212185e+00 	 4.154089e+00 	 4.065662e+00 	 3.933133e+00 	 2.409727e+00 	 1.571720e+00 	 1.374930e+00
3.468000e-01 	 1.675000e+05 	 4.303059e+00 	 4.281783e+00 	 4.243778e+00 	 4.181173e+00 	 4.083495e+00 	 3.944981e+00 	 2.794539e+00 	 1.855170e+00 	 1.641794e+00
3.493000e-01 	 1.700000e+05 	 6.750067e+00 	 6.743032e+00 	 6.691273e+00 	 6.600251e+00 	 6.452554e+00 	 6.234440e+00 	 4.653621e+00 	 3.177225e+00 	 2.827471e+00
3.508000e-01 	 1.715000e+05 	 2.607320e+01 	 2.605929e+01 	 2.590840e+01 	 2.552658e+01 	 2.501368e+01 	 2.413921e+01 	 1.888814e+01 	 1.384110e+01 	 1.246766e+01
3.508800e-01 	 1.715800e+05 	 4.328064e+01 	 4.304160e+01 	 4.275835e+01 	 4.201839e+01 	 4.088770e+01 	 3.941222e+01 	 3.135824e+01 	 2.309966e+01 	 2.081210e+01
3.509200e-01 	 1.716200e+05 	 2.437206e+01 	 2.429965e+01 	 2.409744e+01 	 2.376869e+01 	 2.326144e+01 	 2.249539e+01 	 1.755600e+01 	 1.283734e+01 	 1.156406e+01
3.509800e-01 	 1.716800e+05 	 2.747888e+01 	 2.745303e+01 	 2.718900e+01 	 2.684827e+01 	 2.615263e+01 	 2.527841e+01 	 1.974839e+01 	 1.442285e+01 	 1.301315e+01
3.510000e-01 	 1.717000e+05 	 2.731170e+01 	 2.728049e+01 	 2.714137e+01 	 2.661207e+01 	 2.603940e+01 	 2.515103e+01 	 1.941134e+01 	 1.392094e+01 	 1.254279e+01
3.513000e-01 	 1.720000e+05 	 2.360498e+01 	 2.355550e+01 	 2.335950e+01 	 2.299535e+01 	 2.247286e+01 	 2.169085e+01 	 1.654002e+01 	 1.205804e+01 	 1.081130e+01
3.518000e-01 	 1.725000e+05 	 1.091320e+01 	 1.090508e+01 	 1.081535e+01 	 1.065288e+01 	 1.040544e+01 	 1.004880e+01 	 7.293105e+00 	 5.099392e+00 	 4.532443e+00
3.543000e-01 	 1.750000e+05 	 1.173933e+01 	 1.171017e+01 	 1.164471e+01 	 1.148369e+01 	 1.122079e+01 	 1.084993e+01 	 7.774237e+00 	 5.401908e+00 	 4.814125e+00
3.568000e-01 	 1.775000e+05 	 7.595664e+00 	 7.575256e+00 	 7.514577e+00 	 7.406146e+00 	 7.235708e+00 	 6.989918e+00 	 4.690172e+00 	 3.147058e+00 	 2.771030e+00
3.590400e-01 	 1.797400e+05 	 2.523346e+01 	 2.510900e+01 	 2.493705e+01 	 2.456059e+01 	 2.393687e+01 	 2.314099e+01 	 1.698217e+01 	 1.210765e+01 	 1.081769e+01
3.590800e-01 	 1.797800e+05 	 2.890685e+01 	 2.880427e+01 	 2.968024e+01 	 2.916840e+01 	 2.836772e+01 	 2.638350e+01 	 1.973318e+01 	 1.364865e+01 	 1.223331e+01
3.591200e-01 	 1.798200e+05 	 2.691721e+01 	 2.680233e+01 	 2.656471e+01 	 2.615053e+01 	 2.548194e+01 	 2.461102e+01 	 1.814177e+01 	 1.297659e+01 	 1.160594e+01
3.591400e-01 	 1.798400e+05 	 2.683828e+01 	 2.675024e+01 	 2.650757e+01 	 2.610806e+01 	 2.546250e+01 	 2.464177e+01 	 1.812185e+01 	 1.291452e+01 	 1.152776e+01
3.591600e-01 	 1.798600e+05 	 2.365820e+01 	 2.364501e+01 	 2.349903e+01 	 2.318267e+01 	 2.268655e+01 	 2.191698e+01 	 1.601521e+01 	 1.138694e+01 	 1.015567e+01
3.593000e-01 	 1.800000e+05 	 5.637895e+00 	 5.613226e+00 	 5.550217e+00 	 5.457719e+00 	 5.308266e+00 	 5.110403e+00 	 3.213066e+00 	 2.075559e+00 	 1.803216e+00
3.599200e-01 	 1.806200e+05 	 2.452691e+01 	 2.450070e+01 	 2.426714e+01 	 2.390271e+01 	 2.329790e+01 	 2.247285e+01 	 1.624125e+01 	 1.138733e+01 	 1.013789e+01
3.599400e-01 	 1.806400e+05 	 2.213029e+01 	 2.209949e+01 	 2.193602e+01 	 2.153965e+01 	 2.103013e+01 	 2.028080e+01 	 1.437845e+01 	 1.017846e+01 	 9.028634e+00
3.618000e-01 	 1.825000e+05 	 4.483382e+00 	 4.471299e+00 	 4.439996e+00 	 4.374892e+00 	 4.273769e+00 	 4.117228e+00 	 2.757788e+00 	 1.729251e+00 	 1.497534e+00
3.643000e-01 	 1.850000e+05 	 4.942162e+00 	 4.930248e+00 	 4.889250e+00 	 4.824550e+00 	 4.700654e+00 	 4.535596e+00 	 3.013138e+00 	 1.915869e+00 	 1.664410e+00
3.668000e-01 	 1.875000e+05 	 8.702056e+00 	 8.672396e+00 	 8.600135e+00 	 8.462093e+00 	 8.248900e+00 	 7.946902e+00 	 5.557370e+00 	 3.717889e+00 	 3.276804e+00
3.693000e-01 	 1.900000e+05 	 6.131131e+00 	 6.113672e+00 	 6.064557e+00 	 5.977195e+00 	 5.820208e+00 	 5.619510e+00 	 3.613775e+00 	 2.331683e+00 	 2.022341e+00
3.706600e-01 	 1.913600e+05 	 2.170781e+01 	 2.164928e+01 	 2.147217e+01 	 2.115554e+01 	 2.061790e+01 	 1.987568e+01 	 1.381314e+01 	 9.666716e+00 	 8.540703e+00
3.718000e-01 	 1.925000e+05 	 1.030105e+01 	 1.026268e+01 	 1.018118e+01 	 1.003905e+01 	 9.804991e+00 	 9.480901e+00 	 5.890523e+00 	 3.887925e+00 	 3.359228e+00
3.743000e-01 	 1.950000e+05 	 6.003759e+00 	 5.991077e+00 	 5.926861e+00 	 5.832972e+00 	 5.684148e+00 	 5.478403e+00 	 3.449196e+00 	 2.191561e+00 	 1.888857e+00
3.768000e-01 	 1.975000e+05 	 6.600697e+00 	 6.576002e+00 	 6.501771e+00 	 6.395864e+00 	 6.236914e+00 	 5.990065e+00 	 3.494307e+00 	 2.175987e+00 	 1.865204e+00
3.786200e-01 	 1.993200e+05 	 4.376396e+01 	 4.130817e+01 	 4.089022e+01 	 4.006418e+01 	 4.107753e+01 	 3.914828e+01 	 2.421884e+01 	 1.644671e+01 	 1.440000e+01
3.786600e-01 	 1.993600e+05 	 9.973694e+01 	 9.952647e+01 	 9.833276e+01 	 9.670018e+01 	 9.385326e+01 	 8.969475e+01 	 6.207595e+01 	 4.317564e+01 	 3.829690e+01
3.787600e-01 	 1.994600e+05 	 4.662189e+01 	 4.614965e+01 	 4.575515e+01 	 4.605714e+01 	 4.348313e+01 	 4.169050e+01 	 2.820719e+01 	 1.987198e+01 	 1.750910e+01
3.790400e-01 	 1.997400e+05 	 2.434115e+01 	 2.435782e+01 	 2.408998e+01 	 2.375451e+01 	 2.305672e+01 	 2.221201e+01 	 1.452728e+01 	 9.870465e+00 	 8.645144e+00
3.793000e-01 	 2.000000e+05 	 2.792441e+01 	 2.775838e+01 	 2.756390e+01 	 2.701747e+01 	 2.631440e+01 	 2.518525e+01 	 1.657717e+01 	 1.124392e+01 	 9.914226e+00
3.796000e-01 	 2.003000e+05 	 2.249781e+01 	 2.243169e+01 	 2.221281e+01 	 2.182877e+01 	 2.130589e+01 	 2.041252e+01 	 1.327406e+01 	 8.975532e+00 	 7.866511e+00
3.818000e-01 	 2.025000e+05 	 8.009498e+00 	 7.988631e+00 	 7.986878e+00 	 7.781794e+00 	 7.580250e+00 	 7.295502e+00 	 4.353312e+00 	 2.724461e+00 	 2.335044e+00
3.843000e-01 	 2.050000e+05 	 8.203433e+00 	 8.190628e+00 	 8.115616e+00 	 7.988061e+00 	 7.789873e+00 	 7.493883e+00 	 4.371100e+00 	 2.717687e+00 	 2.318174e+00
3.868000e-01 	 2.075000e+05 	 5.168307e+00 	 5.153419e+00 	 5.100926e+00 	 5.019875e+00 	 4.893843e+00 	 4.712357e+00 	 2.471338e+00 	 1.458892e+00 	 1.227277e+00
3.888800e-01 	 2.095800e+05 	 1.898627e+01 	 1.893578e+01 	 1.876246e+01 	 1.846554e+01 	 1.797970e+01 	 1.753331e+01 	 1.007439e+01 	 6.586646e+00 	 5.685193e+00
3.893000e-01 	 2.100000e+05 	 1.102741e+01 	 1.098654e+01 	 1.088885e+01 	 1.072744e+01 	 1.045726e+01 	 1.006909e+01 	 5.625740e+00 	 3.596741e+00 	 3.082603e+00
3.913200e-01 	 2.120200e+05 	 1.923772e+01 	 1.918652e+01 	 1.901836e+01 	 1.873470e+01 	 1.824681e+01 	 1.755213e+01 	 1.065315e+01 	 6.956300e+00 	 6.032109e+00
3.913400e-01 	 2.120400e+05 	 2.139726e+01 	 2.022430e+01 	 2.124862e+01 	 2.085633e+01 	 1.928111e+01 	 1.855600e+01 	 1.130074e+01 	 7.439481e+00 	 6.425264e+00
3.913800e-01 	 2.120800e+05 	 2.027466e+01 	 2.012436e+01 	 1.992793e+01 	 1.966969e+01 	 1.889196e+01 	 1.807892e+01 	 1.108507e+01 	 7.210993e+00 	 6.246107e+00
3.914000e-01 	 2.121000e+05 	 1.984526e+01 	 1.979886e+01 	 1.953840e+01 	 1.922195e+01 	 1.869102e+01 	 1.793438e+01 	 1.091917e+01 	 7.144483e+00 	 6.196698e+00
3.914200e-01 	 2.121200e+05 	 1.922401e+01 	 1.941453e+01 	 1.889481e+01 	 1.881638e+01 	 1.828430e+01 	 1.749182e+01 	 1.048468e+01 	 6.825237e+00 	 5.915675e+00
3.915800e-01 	 2.122800e+05 	 2.060429e+01 	 2.048053e+01 	 2.024442e+01 	 1.993590e+01 	 1.936633e+01 	 1.854995e+01 	 1.106960e+01 	 7.217906e+00 	 6.252043e+00
3.916000e-01 	 2.123000e+05 	 2.104064e+01 	 2.093614e+01 	 2.071074e+01 	 2.034790e+01 	 1.979116e+01 	 1.901618e+01 	 1.164370e+01 	 7.639404e+00 	 6.606643e+00
3.917200e-01 	 2.124200e+05 	 2.584849e+01 	 2.575266e+01 	 2.553202e+01 	 2.510226e+01 	 2.440102e+01 	 2.349674e+01 	 1.501225e+01 	 9.958458e+00 	 8.714650e+00
3.917400e-01 	 2.124400e+05 	 2.829600e+01 	 2.817556e+01 	 2.751342e+01 	 2.747495e+01 	 2.632614e+01 	 2.566290e+01 	 1.632604e+01 	 1.077249e+01 	 9.416472e+00
3.917600e-01 	 2.124600e+05 	 1.939451e+01 	 1.927865e+01 	 1.908725e+01 	 1.874667e+01 	 1.823668e+01 	 1.751201e+01 	 1.048744e+01 	 6.818047e+00 	 5.899322e+00
3.918000e-01 	 2.125000e+05 	 4.854025e+00 	 4.832399e+00 	 4.785458e+00 	 4.703812e+00 	 4.585232e+00 	 4.414236e+00 	 2.358807e+00 	 1.362844e+00 	 1.142630e+00
3.920600e-01 	 2.127600e+05 	 6.662615e+01 	 6.606185e+01 	 6.519180e+01 	 6.394966e+01 	 6.190081e+01 	 5.915800e+01 	 4.025939e+01 	 2.745431e+01 	 2.422540e+01
3.920800e-01 	 2.127800e+05 	 3.727369e+02 	 3.706697e+02 	 3.674528e+02 	 3.618047e+02 	 3.499760e+02 	 3.349298e+02 	 2.566369e+02 	 1.811769e+02 	 1.606788e+02
3.921000e-01 	 2.128000e+05 	 5.411868e+02 	 5.395459e+02 	 5.334478e+02 	 5.219407e+02 	 5.050588e+02 	 4.830087e+02 	 3.685303e+02 	 2.568871e+02 	 2.280633e+02
3.921200e-01 	 2.128200e+05 	 4.268087e+02 	 4.251820e+02 	 4.211196e+02 	 4.127116e+02 	 4.032761e+02 	 3.856429e+02 	 2.960721e+02 	 2.130300e+02 	 1.890645e+02
3.921800e-01 	 2.128800e+05 	 1.896153e+02 	 1.896541e+02 	 1.877187e+02 	 1.843381e+02 	 1.789480e+02 	 1.721520e+02 	 1.236724e+02 	 8.582983e+01 	 7.622768e+01
3.922200e-01 	 2.129200e+05 	 8.149364e+02 	 8.132531e+02 	 8.030019e+02 	 7.846224e+02 	 7.603797e+02 	 7.248192e+02 	 5.690993e+02 	 4.039043e+02 	 3.600331e+02
3.922400e-01 	 2.129400e+05 	 4.414205e+02 	 4.386580e+02 	 4.342892e+02 	 4.247829e+02 	 4.119830e+02 	 3.943068e+02 	 3.007943e+02 	 2.143778e+02 	 1.906619e+02
3.923200e-01 	 2.130200e+05 	 7.645255e+02 	 7.628368e+02 	 7.553318e+02 	 7.391170e+02 	 7.166757e+02 	 6.849171e+02 	 5.357551e+02 	 3.791828e+02 	 3.374393e+02
3.923400e-01 	 2.130400e+05 	 5.516596e+02 	 5.491265e+02 	 5.423991e+02 	 5.348155e+02 	 5.177089e+02 	 4.932425e+02 	 3.754413e+02 	 2.633730e+02 	 2.328607e+02
3.923800e-01 	 2.130800e+05 	 2.263928e+02 	 2.255437e+02 	 2.236506e+02 	 2.191570e+02 	 2.121414e+02 	 2.026849e+02 	 1.497834e+02 	 1.052907e+02 	 9.313823e+01
3.924200e-01 	 2.131200e+05 	 3.402139e+02 	 3.447171e+02 	 3.339365e+02 	 3.335034e+02 	 3.235509e+02 	 3.044245e+02 	 2.313583e+02 	 1.607662e+02 	 1.422288e+02
3.924400e-01 	 2.131400e+05 	 1.802434e+02 	 1.808272e+02 	 1.787629e+02 	 1.751617e+02 	 1.706098e+02 	 1.632543e+02 	 1.186428e+02 	 8.184693e+01 	 7.254344e+01
3.924800e-01 	 2.131800e+05 	 9.623967e+01 	 9.571346e+01 	 9.536331e+01 	 9.375261e+01 	 9.075459e+01 	 8.713413e+01 	 6.050635e+01 	 4.115349e+01 	 3.642245e+01
3.925000e-01 	 2.132000e+05 	 6.057101e+01 	 6.087457e+01 	 6.010725e+01 	 5.867159e+01 	 5.542837e+01 	 5.349235e+01 	 3.794589e+01 	 2.529934e+01 	 2.224896e+01
3.925200e-01 	 2.132200e+05 	 2.930659e+01 	 2.927087e+01 	 2.892251e+01 	 2.844214e+01 	 2.770665e+01 	 2.762370e+01 	 1.814678e+01 	 1.153665e+01 	 1.004341e+01
3.943000e-01 	 2.150000e+05 	 6.280908e+00 	 6.261468e+00 	 6.216826e+00 	 6.123500e+00 	 5.974490e+00 	 5.758830e+00 	 2.989847e+00 	 1.707187e+00 	 1.431377e+00
3.968000e-01 	 2.175000e+05 	 4.591677e+00 	 4.572833e+00 	 4.528102e+00 	 4.458441e+00 	 4.346876e+00 	 4.188293e+00 	 1.923323e+00 	 1.044294e+00 	 8.553982e-01
3.971200e-01 	 2.178200e+05 	 1.981408e+01 	 1.977635e+01 	 1.961817e+01 	 1.927159e+01 	 1.879207e+01 	 1.808684e+01 	 9.784342e+00 	 6.202410e+00 	 5.300226e+00
3.971400e-01 	 2.178400e+05 	 1.945822e+01 	 1.937018e+01 	 1.915366e+01 	 1.884024e+01 	 1.834707e+01 	 1.764652e+01 	 9.602247e+00 	 6.110054e+00 	 5.223211e+00
3.975200e-01 	 2.182200e+05 	 2.281374e+01 	 2.270802e+01 	 2.245053e+01 	 2.212852e+01 	 2.153006e+01 	 2.069704e+01 	 1.130735e+01 	 7.138815e+00 	 6.020644e+00
3.975800e-01 	 2.182800e+05 	 3.039204e+01 	 3.029866e+01 	 2.999994e+01 	 2.943267e+01 	 2.867171e+01 	 2.758835e+01 	 1.542156e+01 	 9.818726e+00 	 8.441675e+00
3.976200e-01 	 2.183200e+05 	 2.688490e+01 	 2.680216e+01 	 2.649494e+01 	 2.600659e+01 	 2.530355e+01 	 2.424477e+01 	 1.350492e+01 	 8.536330e+00 	 7.347124e+00
3.978200e-01 	 2.185200e+05 	 2.375737e+01 	 2.374171e+01 	 2.346555e+01 	 2.304587e+01 	 2.237373e+01 	 2.150317e+01 	 1.180978e+01 	 7.444960e+00 	 6.381484e+00
3.978600e-01 	 2.185600e+05 	 1.859653e+01 	 1.853355e+01 	 1.829970e+01 	 1.799051e+01 	 1.750756e+01 	 1.678364e+01 	 8.773198e+00 	 5.401062e+00 	 4.585404e+00
3.985000e-01 	 2.192000e+05 	 4.288711e+01 	 4.263471e+01 	 4.243474e+01 	 4.119067e+01 	 3.987228e+01 	 3.842852e+01 	 2.178065e+01 	 1.399547e+01 	 1.207866e+01
3.985400e-01 	 2.192400e+05 	 6.155130e+01 	 6.125495e+01 	 6.047651e+01 	 5.932924e+01 	 5.761675e+01 	 5.518048e+01 	 3.297312e+01 	 2.148030e+01 	 1.853213e+01
3.986600e-01 	 2.193600e+05 	 3.116314e+01 	 3.106898e+01 	 3.079092e+01 	 3.022545e+01 	 2.942281e+01 	 2.826864e+01 	 1.571842e+01 	 9.975931e+00 	 8.560887e+00
3.987000e-01 	 2.194000e+05 	 4.408166e+01 	 4.386306e+01 	 4.345151e+01 	 4.269638e+01 	 4.150055e+01 	 3.989234e+01 	 2.343832e+01 	 1.517844e+01 	 1.310306e+01
3.987600e-01 	 2.194600e+05 	 2.424675e+01 	 2.409911e+01 	 2.319023e+01 	 2.341548e+01 	 2.213791e+01 	 2.188969e+01 	 1.179121e+01 	 7.274784e+00 	 6.230655e+00
3.991000e-01 	 2.198000e+05 	 2.472197e+01 	 2.464248e+01 	 2.440132e+01 	 2.397510e+01 	 2.332437e+01 	 2.243674e+01 	 1.239207e+01 	 7.798940e+00 	 6.706032e+00
3.992800e-01 	 2.199800e+05 	 6.782939e+01 	 6.802889e+01 	 6.682376e+01 	 6.608644e+01 	 6.367376e+01 	 6.098317e+01 	 3.756921e+01 	 2.502910e+01 	 2.166106e+01
3.993000e-01 	 2.200000e+05 	 6.371312e+01 	 6.339827e+01 	 6.272890e+01 	 6.145307e+01 	 5.962051e+01 	 5.699622e+01 	 3.415530e+01 	 2.224283e+01 	 1.914535e+01
3.993400e-01 	 2.200400e+05 	 1.200387e+02 	 1.193942e+02 	 1.178090e+02 	 1.156530e+02 	 1.120550e+02 	 1.067237e+02 	 6.835163e+01 	 4.590896e+01 	 3.983433e+01
3.993800e-01 	 2.200800e+05 	 5.195775e+01 	 5.176512e+01 	 5.128097e+01 	 5.042291e+01 	 4.838223e+01 	 4.648145e+01 	 2.767131e+01 	 1.790653e+01 	 1.546901e+01
3.994000e-01 	 2.201000e+05 	 3.622344e+01 	 3.608358e+01 	 3.571625e+01 	 3.507953e+01 	 3.414901e+01 	 3.267753e+01 	 1.852285e+01 	 1.180082e+01 	 1.001752e+01
3.995800e-01 	 2.202800e+05 	 2.052082e+01 	 2.042504e+01 	 2.020042e+01 	 1.983333e+01 	 1.935023e+01 	 1.851959e+01 	 9.993168e+00 	 6.312305e+00 	 5.384586e+00
3.996000e-01 	 2.203000e+05 	 2.424697e+01 	 2.409860e+01 	 2.383567e+01 	 2.337785e+01 	 2.275976e+01 	 2.182452e+01 	 1.194857e+01 	 7.460019e+00 	 6.396696e+00
3.996200e-01 	 2.203200e+05 	 2.548979e+01 	 2.537169e+01 	 2.512671e+01 	 2.464550e+01 	 2.396827e+01 	 2.306050e+01 	 1.267191e+01 	 7.964072e+00 	 6.843560e+00
3.996400e-01 	 2.203400e+05 	 2.113080e+01 	 2.109073e+01 	 2.083142e+01 	 2.043220e+01 	 1.992794e+01 	 1.914432e+01 	 1.041386e+01 	 6.469565e+00 	 5.526202e+00
4.018000e-01 	 2.225000e+05 	 1.095730e+01 	 1.091479e+01 	 1.080161e+01 	 1.061867e+01 	 1.033562e+01 	 9.931913e+00 	 4.856639e+00 	 2.834178e+00 	 2.373740e+00
4.027800e-01 	 2.234800e+05 	 8.837171e+02 	 8.827488e+02 	 8.653481e+02 	 8.417872e+02 	 8.109275e+02 	 7.663073e+02 	 5.336535e+02 	 3.492809e+02 	 2.985888e+02
4.028000e-01 	 2.235000e+05 	 4.092072e+02 	 4.090709e+02 	 3.994514e+02 	 3.930401e+02 	 3.741607e+02 	 3.542977e+02 	 2.341337e+02 	 1.506505e+02 	 1.292084e+02
4.028200e-01 	 2.235200e+05 	 2.196218e+02 	 2.135254e+02 	 2.142674e+02 	 2.103007e+02 	 2.026900e+02 	 1.931328e+02 	 1.220676e+02 	 8.012690e+01 	 6.905588e+01
4.028400e-01 	 2.235400e+05 	 8.792586e+01 	 8.767792e+01 	 8.749860e+01 	 8.479140e+01 	 8.235554e+01 	 7.845731e+01 	 4.730222e+01 	 3.054753e+01 	 2.637930e+01
4.029000e-01 	 2.236000e+05 	 1.436048e+02 	 1.428460e+02 	 1.415748e+02 	 1.380470e+02 	 1.338201e+02 	 1.275088e+02 	 7.987388e+01 	 5.177342e+01 	 4.477837e+01
4.029200e-01 	 2.236200e+05 	 9.732690e+01 	 9.685469e+01 	 9.544539e+01 	 9.357997e+01 	 9.047012e+01 	 8.634587e+01 	 5.195378e+01 	 3.381671e+01 	 2.912556e+01
4.029600e-01 	 2.236600e+05 	 2.063316e+01 	 2.004853e+01 	 2.034459e+01 	 1.991748e+01 	 1.898488e+01 	 1.816596e+01 	 9.458805e+00 	 5.730509e+00 	 4.747710e+00
4.030400e-01 	 2.237400e+05 	 5.797486e+01 	 5.792515e+01 	 5.729471e+01 	 5.602968e+01 	 5.438495e+01 	 5.235258e+01 	 2.978621e+01 	 1.903025e+01 	 1.631894e+01
4.030800e-01 	 2.237800e+05 	 2.510498e+01 	 2.509034e+01 	 2.486975e+01 	 2.447708e+01 	 2.382955e+01 	 2.292549e+01 	 1.214996e+01 	 7.466970e+00 	 6.396323e+00
4.033800e-01 	 2.240800e+05 	 1.786387e+01 	 1.779282e+01 	 1.762215e+01 	 1.734225e+01 	 1.693315e+01 	 1.626233e+01 	 8.182732e+00 	 4.926795e+00 	 4.153829e+00
4.043000e-01 	 2.250000e+05 	 6.281873e+00 	 6.256735e+00 	 6.198030e+00 	 6.097758e+00 	 5.948302e+00 	 5.725483e+00 	 2.653493e+00 	 1.457292e+00 	 1.187692e+00
4.068000e-01 	 2.275000e+05 	 6.127277e+00 	 6.106575e+00 	 6.051001e+00 	 5.955453e+00 	 5.811909e+00 	 5.602141e+00 	 2.911205e+00 	 1.591397e+00 	 1.315194e+00
4.076200e-01 	 2.283200e+05 	 1.808082e+01 	 1.803760e+01 	 1.789874e+01 	 1.762644e+01 	 1.719618e+01 	 1.651621e+01 	 1.043074e+01 	 6.495731e+00 	 5.586117e+00
4.077600e-01 	 2.284600e+05 	 1.614859e+01 	 1.611827e+01 	 1.595097e+01 	 1.568313e+01 	 1.527069e+01 	 1.468926e+01 	 9.257203e+00 	 5.729753e+00 	 4.915528e+00
4.081600e-01 	 2.288600e+05 	 2.486317e+01 	 2.475843e+01 	 2.449531e+01 	 2.412651e+01 	 2.344370e+01 	 2.256578e+01 	 1.547296e+01 	 9.923223e+00 	 8.624699e+00
4.087600e-01 	 2.294600e+05 	 3.972249e+01 	 3.962855e+01 	 3.922757e+01 	 3.851212e+01 	 3.742685e+01 	 3.582021e+01 	 2.636266e+01 	 1.754195e+01 	 1.547725e+01
4.093000e-01 	 2.300000e+05 	 2.714529e+01 	 2.704880e+01 	 2.675120e+01 	 2.629308e+01 	 2.553803e+01 	 2.458197e+01 	 1.867237e+01 	 1.216605e+01 	 1.067498e+01
4.094200e-01 	 2.301200e+05 	 2.352475e+01 	 2.341712e+01 	 2.312900e+01 	 2.274105e+01 	 2.214513e+01 	 2.130472e+01 	 1.617533e+01 	 1.044797e+01 	 9.169359e+00
4.097400e-01 	 2.304400e+05 	 1.776465e+01 	 1.782296e+01 	 1.745778e+01 	 1.715171e+01 	 1.668221e+01 	 1.604850e+01 	 1.221004e+01 	 7.697225e+00 	 6.707879e+00
4.100200e-01 	 2.307200e+05 	 1.533731e+01 	 1.521205e+01 	 1.501902e+01 	 1.472330e+01 	 1.431630e+01 	 1.378569e+01 	 1.085708e+01 	 6.770113e+00 	 5.919471e+00
4.101600e-01 	 2.308600e+05 	 1.687527e+01 	 1.672912e+01 	 1.629030e+01 	 1.596337e+01 	 1.552451e+01 	 1.511256e+01 	 1.152108e+01 	 7.286583e+00 	 6.350517e+00
4.101800e-01 	 2.308800e+05 	 1.746903e+01 	 1.736683e+01 	 1.713717e+01 	 1.682434e+01 	 1.635893e+01 	 1.575032e+01 	 1.216688e+01 	 7.842496e+00 	 6.850282e+00
4.102000e-01 	 2.309000e+05 	 1.710812e+01 	 1.700885e+01 	 1.680387e+01 	 1.648725e+01 	 1.602387e+01 	 1.540743e+01 	 1.191646e+01 	 7.356197e+00 	 6.383637e+00
4.102200e-01 	 2.309200e+05 	 1.617842e+01 	 1.607659e+01 	 1.587401e+01 	 1.564508e+01 	 1.521255e+01 	 1.463606e+01 	 1.114472e+01 	 6.918503e+00 	 6.012034e+00
4.118000e-01 	 2.325000e+05 	 5.449203e+00 	 5.430167e+00 	 5.377014e+00 	 5.296357e+00 	 5.146358e+00 	 4.954985e+00 	 3.090855e+00 	 1.629561e+00 	 1.360744e+00
4.142600e-01 	 2.349600e+05 	 1.604391e+01 	 1.595740e+01 	 1.572637e+01 	 1.545271e+01 	 1.496219e+01 	 1.436081e+01 	 9.153012e+00 	 5.528287e+00 	 4.736741e+00
4.143000e-01 	 2.350000e+05 	 1.710570e+01 	 1.704666e+01 	 1.691210e+01 	 1.660974e+01 	 1.614197e+01 	 1.549870e+01 	 9.943063e+00 	 6.050274e+00 	 5.180809e+00
4.145000e-01 	 2.352000e+05 	 2.114549e+01 	 2.114116e+01 	 2.089922e+01 	 2.051961e+01 	 1.997731e+01 	 1.919901e+01 	 1.287609e+01 	 8.027423e+00 	 6.906853e+00
4.147800e-01 	 2.354800e+05 	 2.794253e+01 	 2.786228e+01 	 2.749433e+01 	 2.701276e+01 	 2.615448e+01 	 2.496769e+01 	 1.652087e+01 	 1.047092e+01 	 9.055671e+00
4.152400e-01 	 2.359400e+05 	 2.127693e+01 	 2.122400e+01 	 2.097438e+01 	 2.062920e+01 	 2.003054e+01 	 1.922113e+01 	 1.282283e+01 	 7.976353e+00 	 6.859632e+00
4.154800e-01 	 2.361800e+05 	 1.700999e+01 	 1.691509e+01 	 1.677177e+01 	 1.650257e+01 	 1.601325e+01 	 1.541695e+01 	 1.022225e+01 	 6.177528e+00 	 5.267145e+00
4.157200e-01 	 2.364200e+05 	 1.643079e+01 	 1.639013e+01 	 1.621137e+01 	 1.594471e+01 	 1.547667e+01 	 1.484552e+01 	 9.815086e+00 	 5.827492e+00 	 4.991937e+00
4.157400e-01 	 2.364400e+05 	 1.667742e+01 	 1.654915e+01 	 1.635531e+01 	 1.597122e+01 	 1.548922e+01 	 1.482962e+01 	 9.666186e+00 	 5.664947e+00 	 4.822688e+00
4.168000e-01 	 2.375000e+05 	 7.965394e+00 	 7.945858e+00 	 7.861962e+00 	 7.723575e+00 	 7.507996e+00 	 7.235792e+00 	 4.547581e+00 	 2.489217e+00 	 2.083720e+00
4.193000e-01 	 2.400000e+05 	 9.448260e+00 	 9.410214e+00 	 9.314156e+00 	 9.162908e+00 	 8.901505e+00 	 8.567757e+00 	 5.108210e+00 	 2.839133e+00 	 2.375230e+00
4.218000e-01 	 2.425000e+05 	 5.909871e+00 	 5.880771e+00 	 5.817231e+00 	 5.726685e+00 	 5.580507e+00 	 5.375457e+00 	 2.769635e+00 	 1.419100e+00 	 1.151398e+00
4.231000e-01 	 2.438000e+05 	 1.542101e+01 	 1.539674e+01 	 1.523175e+01 	 1.502677e+01 	 1.462413e+01 	 1.405697e+01 	 7.626645e+00 	 4.388708e+00 	 3.662174e+00
4.231400e-01 	 2.438400e+05 	 1.659431e+01 	 1.663678e+01 	 1.647201e+01 	 1.609683e+01 	 1.576233e+01 	 1.505699e+01 	 8.204990e+00 	 4.748578e+00 	 3.961921e+00
4.231600e-01 	 2.438600e+05 	 1.730414e+01 	 1.719142e+01 	 1.705774e+01 	 1.676697e+01 	 1.631283e+01 	 1.568644e+01 	 8.794085e+00 	 5.248696e+00 	 4.409327e+00
4.232200e-01 	 2.439200e+05 	 2.070917e+01 	 2.072442e+01 	 2.024008e+01 	 2.015114e+01 	 1.983419e+01 	 1.888647e+01 	 1.079056e+01 	 6.344614e+00 	 5.351150e+00
4.232600e-01 	 2.439600e+05 	 1.579326e+01 	 1.572256e+01 	 1.553784e+01 	 1.528224e+01 	 1.483110e+01 	 1.427358e+01 	 7.774218e+00 	 4.503824e+00 	 3.766137e+00
4.243000e-01 	 2.450000e+05 	 8.972131e+00 	 8.929403e+00 	 8.865514e+00 	 8.720058e+00 	 8.491773e+00 	 8.178595e+00 	 4.245137e+00 	 2.299212e+00 	 1.882318e+00
4.268000e-01 	 2.475000e+05 	 8.241544e+00 	 8.594265e+00 	 8.145258e+00 	 8.386718e+00 	 7.822638e+00 	 7.814123e+00 	 4.153977e+00 	 2.135546e+00 	 1.756456e+00
4.293000e-01 	 2.500000e+05 	 4.547731e+00 	 4.534192e+00 	 4.481546e+00 	 4.413128e+00 	 4.300932e+00 	 4.141889e+00 	 2.211322e+00 	 1.070109e+00 	 8.582013e-01
4.318000e-01 	 2.525000e+05 	 1.022410e+01 	 1.015866e+01 	 1.026153e+01 	 1.008004e+01 	 9.783187e+00 	 9.378791e+00 	 5.689064e+00 	 3.125612e+00 	 2.563294e+00
4.343000e-01 	 2.550000e+05 	 8.602191e+00 	 8.589215e+00 	 8.479028e+00 	 8.328730e+00 	 8.096763e+00 	 7.784665e+00 	 4.051329e+00 	 2.097261e+00 	 1.704860e+00
4.368000e-01 	 2.575000e+05 	 4.765223e+00 	 4.750456e+00 	 4.695383e+00 	 4.626423e+00 	 4.505701e+00 	 4.340064e+00 	 2.060511e+00 	 9.738272e-01 	 7.748324e-01
4.393000e-01 	 2.600000e+05 	 4.743778e+00 	 4.720253e+00 	 4.663205e+00 	 4.587940e+00 	 4.461664e+00 	 4.290360e+00 	 2.060333e+00 	 9.579345e-01 	 7.540955e-01
4.403600e-01 	 2.610600e+05 	 1.443186e+01 	 1.433538e+01 	 1.417702e+01 	 1.391425e+01 	 1.329599e+01 	 1.294222e+01 	 6.980217e+00 	 3.728969e+00 	 3.028982e+00
4.404800e-01 	 2.611800e+05 	 1.723672e+01 	 1.712771e+01 	 1.692809e+01 	 1.663446e+01 	 1.615135e+01 	 1.552260e+01 	 8.332095e+00 	 4.636293e+00 	 3.821734e+00
4.407800e-01 	 2.614800e+05 	 2.121035e+01 	 2.109672e+01 	 2.081945e+01 	 2.047003e+01 	 1.990818e+01 	 1.904791e+01 	 1.076717e+01 	 6.069499e+00 	 5.007047e+00
4.414000e-01 	 2.621000e+05 	 1.741594e+01 	 1.727699e+01 	 1.708563e+01 	 1.676043e+01 	 1.644586e+01 	 1.566810e+01 	 9.002649e+00 	 4.896975e+00 	 3.975628e+00
4.418000e-01 	 2.625000e+05 	 1.581352e+01 	 1.570218e+01 	 1.553186e+01 	 1.524277e+01 	 1.483997e+01 	 1.427105e+01 	 8.029594e+00 	 4.348597e+00 	 3.545958e+00
4.419400e-01 	 2.626400e+05 	 1.361186e+01 	 1.350779e+01 	 1.334016e+01 	 1.309398e+01 	 1.271416e+01 	 1.219422e+01 	 6.519514e+00 	 3.505990e+00 	 2.855566e+00
4.443000e-01 	 2.650000e+05 	 4.862965e+00 	 4.836082e+00 	 4.567336e+00 	 4.696408e+00 	 4.559280e+00 	 4.371113e+00 	 2.228331e+00 	 9.699946e-01 	 7.524689e-01
4.468000e-01 	 2.675000e+05 	 4.391992e+00 	 4.366380e+00 	 4.323440e+00 	 4.263338e+00 	 4.153229e+00 	 4.005494e+00 	 2.027801e+00 	 9.041092e-01 	 6.928741e-01
4.493000e-01 	 2.700000e+05 	 4.513604e+00 	 4.475415e+00 	 4.428416e+00 	 4.336565e+00 	 4.213182e+00 	 4.056479e+00 	 2.067738e+00 	 9.199025e-01 	 7.144416e-01
4.518000e-01 	 2.725000e+05 	 5.610913e+00 	 5.569754e+00 	 5.501891e+00 	 5.415848e+00 	 5.266689e+00 	 5.078323e+00 	 2.570683e+00 	 1.192360e+00 	 9.478663e-01
4.543000e-01 	 2.750000e+05 	 4.692318e+00 	 4.655020e+00 	 4.604412e+00 	 4.523196e+00 	 4.406490e+00 	 4.233109e+00 	 2.044432e+00 	 9.271398e-01 	 7.173800e-01
4.568000e-01 	 2.775000e+05 	 4.210530e+00 	 4.188431e+00 	 4.142050e+00 	 4.076409e+00 	 3.971238e+00 	 3.834020e+00 	 1.890286e+00 	 8.058890e-01 	 6.238091e-01
4.593000e-01 	 2.800000e+05 	 4.590047e+00 	 4.570599e+00 	 4.528429e+00 	 4.452236e+00 	 4.345667e+00 	 4.195065e+00 	 1.781635e+00 	 8.034596e-01 	 6.053093e-01
4.618000e-01 	 2.825000e+05 	 5.628353e+00 	 5.605404e+00 	 5.552287e+00 	 5.459024e+00 	 5.338074e+00 	 5.145593e+00 	 1.939741e+00 	 8.833337e-01 	 6.759495e-01
4.643000e-01 	 2.850000e+05 	 5.481294e+00 	 5.465376e+00 	 5.422256e+00 	 5.348270e+00 	 5.221997e+00 	 5.034526e+00 	 1.803327e+00 	 8.279925e-01 	 6.347594e-01
4.668000e-01 	 2.875000e+05 	 5.289363e+00 	 5.276422e+00 	 5.224130e+00 	 5.137846e+00 	 5.011365e+00 	 4.843016e+00 	 1.806745e+00 	 8.110992e-01 	 6.196266e-01
4.693000e-01 	 2.900000e+05 	 4.351667e+00 	 4.310891e+00 	 4.255765e+00 	 4.177646e+00 	 4.064682e+00 	 3.912942e+00 	 1.730807e+00 	 7.402292e-01 	 5.596673e-01
4.717200e-01 	 2.924200e+05 	 1.209020e+01 	 1.207431e+01 	 1.186829e+01 	 1.166856e+01 	 1.133543e+01 	 1.095220e+01 	 5.220426e+00 	 2.614233e+00 	 2.049219e+00
4.717400e-01 	 2.924400e+05 	 1.247066e+01 	 1.222701e+01 	 1.214642e+01 	 1.192427e+01 	 1.148764e+01 	 1.109595e+01 	 5.256102e+00 	 2.628988e+00 	 2.081518e+00
4.717800e-01 	 2.924800e+05 	 1.277419e+01 	 1.266875e+01 	 1.249075e+01 	 1.228239e+01 	 1.193961e+01 	 1.145603e+01 	 5.455807e+00 	 2.733856e+00 	 2.165337e+00
4.718000e-01 	 2.925000e+05 	 1.249806e+01 	 1.239357e+01 	 1.222413e+01 	 1.200082e+01 	 1.164406e+01 	 1.119516e+01 	 5.314139e+00 	 2.672421e+00 	 2.121306e+00
4.718000e-01 	 2.925000e+05 	 1.256274e+01 	 1.248896e+01 	 1.229200e+01 	 1.206011e+01 	 1.194344e+01 	 1.127997e+01 	 5.367249e+00 	 2.679637e+00 	 2.124774e+00
4.718200e-01 	 2.925200e+05 	 1.207063e+01 	 1.198844e+01 	 1.181509e+01 	 1.160916e+01 	 1.129367e+01 	 1.086368e+01 	 5.207014e+00 	 2.606160e+00 	 2.047848e+00
4.743000e-01 	 2.950000e+05 	 4.509369e+00 	 4.474782e+00 	 4.423779e+00 	 4.343984e+00 	 4.239587e+00 	 4.075473e+00 	 1.704818e+00 	 7.356843e-01 	 5.574555e-01
4.768000e-01 	 2.975000e+05 	 4.534405e+00 	 4.508993e+00 	 4.456432e+00 	 4.379614e+00 	 4.271812e+00 	 4.123448e+00 	 1.713490e+00 	 7.486262e-01 	 5.684844e-01
4.793000e-01 	 3.000000e+05 	 9.456203e+00 	 9.372574e+00 	 9.240608e+00 	 9.080087e+00 	 8.816160e+00 	 8.495144e+00 	 3.721057e+00 	 1.769176e+00 	 1.369914e+00
4.795600e-01 	 3.002600e+05 	 1.112472e+01 	 1.097735e+01 	 1.083552e+01 	 1.061669e+01 	 1.031861e+01 	 9.918074e+00 	 4.508054e+00 	 2.150871e+00 	 1.675440e+00
4.799400e-01 	 3.006400e+05 	 2.045159e+01 	 2.020597e+01 	 1.991241e+01 	 1.953598e+01 	 1.900872e+01 	 1.822247e+01 	 8.595936e+00 	 4.453033e+00 	 3.528048e+00
4.800800e-01 	 3.007800e+05 	 8.744765e+00 	 8.657835e+00 	 8.530636e+00 	 8.393546e+00 	 8.154432e+00 	 7.852212e+00 	 3.343649e+00 	 1.543209e+00 	 1.180661e+00
4.801800e-01 	 3.008800e+05 	 1.712688e+01 	 1.697739e+01 	 1.672864e+01 	 1.644036e+01 	 1.599422e+01 	 1.535077e+01 	 6.840284e+00 	 3.450842e+00 	 2.709659e+00
4.802600e-01 	 3.009600e+05 	 1.222321e+01 	 1.211953e+01 	 1.195314e+01 	 1.176971e+01 	 1.141191e+01 	 1.096671e+01 	 4.930547e+00 	 2.373260e+00 	 1.830659e+00
4.804000e-01 	 3.011000e+05 	 1.121634e+01 	 1.110091e+01 	 1.092162e+01 	 1.072772e+01 	 1.042560e+01 	 1.001296e+01 	 4.321807e+00 	 2.126489e+00 	 1.650146e+00
4.804200e-01 	 3.011200e+05 	 1.149793e+01 	 1.142279e+01 	 1.130521e+01 	 1.114158e+01 	 1.083525e+01 	 1.047327e+01 	 4.718388e+00 	 2.241673e+00 	 1.716197e+00
4.804400e-01 	 3.011400e+05 	 1.158858e+01 	 1.150300e+01 	 1.134941e+01 	 1.115298e+01 	 1.086606e+01 	 1.045123e+01 	 4.672264e+00 	 2.208675e+00 	 1.714761e+00
4.804600e-01 	 3.011600e+05 	 1.150236e+01 	 1.136963e+01 	 1.123248e+01 	 1.101347e+01 	 1.071351e+01 	 1.029604e+01 	 4.434253e+00 	 2.185999e+00 	 1.700418e+00
4.804800e-01 	 3.011800e+05 	 1.119235e+01 	 1.111040e+01 	 1.095330e+01 	 1.076808e+01 	 1.052573e+01 	 1.008885e+01 	 4.275791e+00 	 2.035201e+00 	 1.567598e+00
4.806400e-01 	 3.013400e+05 	 1.122695e+01 	 1.112241e+01 	 1.098506e+01 	 1.078101e+01 	 1.051370e+01 	 1.008298e+01 	 4.297768e+00 	 2.067321e+00 	 1.583856e+00
4.806800e-01 	 3.013800e+05 	 1.196299e+01 	 1.183754e+01 	 1.169453e+01 	 1.155603e+01 	 1.115721e+01 	 1.072877e+01 	 4.584170e+00 	 2.223911e+00 	 1.704136e+00
4.807200e-01 	 3.014200e+05 	 1.198882e+01 	 1.190132e+01 	 1.172169e+01 	 1.154989e+01 	 1.125095e+01 	 1.080132e+01 	 4.599384e+00 	 2.215327e+00 	 1.715340e+00
4.807400e-01 	 3.014400e+05 	 1.176208e+01 	 1.167273e+01 	 1.153465e+01 	 1.135023e+01 	 1.103474e+01 	 1.062839e+01 	 4.500929e+00 	 2.159298e+00 	 1.671835e+00
4.807600e-01 	 3.014600e+05 	 1.141846e+01 	 1.132532e+01 	 1.116874e+01 	 1.097346e+01 	 1.065237e+01 	 1.022595e+01 	 4.339455e+00 	 2.083680e+00 	 1.613890e+00
4.809000e-01 	 3.016000e+05 	 2.719333e+01 	 2.694000e+01 	 2.654108e+01 	 2.600835e+01 	 2.524409e+01 	 2.422473e+01 	 1.132127e+01 	 6.031448e+00 	 4.833618e+00
4.810800e-01 	 3.017800e+05 	 1.129961e+01 	 1.119809e+01 	 1.105133e+01 	 1.087067e+01 	 1.058016e+01 	 1.016828e+01 	 4.344173e+00 	 2.069626e+00 	 1.592804e+00
4.812000e-01 	 3.019000e+05 	 4.015963e+01 	 3.981398e+01 	 3.928258e+01 	 3.842962e+01 	 3.734968e+01 	 3.584604e+01 	 1.698442e+01 	 9.399467e+00 	 7.600433e+00
4.816600e-01 	 3.023600e+05 	 8.486207e+01 	 8.433943e+01 	 8.302410e+01 	 8.132918e+01 	 7.873951e+01 	 7.533352e+01 	 3.818320e+01 	 2.214397e+01 	 1.824440e+01
4.816800e-01 	 3.023800e+05 	 2.460418e+01 	 2.440005e+01 	 2.412154e+01 	 2.369270e+01 	 2.302002e+01 	 2.211435e+01 	 9.882104e+00 	 5.149696e+00 	 4.113718e+00
4.818000e-01 	 3.025000e+05 	 4.541010e+01 	 4.510094e+01 	 4.459762e+01 	 4.375404e+01 	 4.246968e+01 	 4.088861e+01 	 1.982917e+01 	 1.058831e+01 	 8.614664e+00
4.818200e-01 	 3.025200e+05 	 6.603932e+01 	 6.533782e+01 	 6.458122e+01 	 6.329543e+01 	 6.148143e+01 	 5.890245e+01 	 2.935799e+01 	 1.663766e+01 	 1.360664e+01
4.819400e-01 	 3.026400e+05 	 2.325452e+01 	 2.313370e+01 	 2.278805e+01 	 2.239553e+01 	 2.181931e+01 	 2.098973e+01 	 9.331363e+00 	 4.845560e+00 	 3.847930e+00
4.823600e-01 	 3.030600e+05 	 1.338192e+01 	 1.329100e+01 	 1.312332e+01 	 1.290587e+01 	 1.257566e+01 	 1.209904e+01 	 4.887956e+00 	 2.368618e+00 	 1.828523e+00
4.828400e-01 	 3.035400e+05 	 1.138393e+01 	 1.129824e+01 	 1.114938e+01 	 1.097005e+01 	 1.069430e+01 	 1.028301e+01 	 4.016692e+00 	 1.917131e+00 	 1.471286e+00
4.830400e-01 	 3.037400e+05 	 1.294395e+01 	 1.287481e+01 	 1.267210e+01 	 1.250378e+01 	 1.214577e+01 	 1.168584e+01 	 4.610132e+00 	 2.207250e+00 	 1.712301e+00
4.831200e-01 	 3.038200e+05 	 1.181000e+01 	 1.171929e+01 	 1.153765e+01 	 1.135792e+01 	 1.104087e+01 	 1.061455e+01 	 4.177982e+00 	 1.999586e+00 	 1.544110e+00
4.832000e-01 	 3.039000e+05 	 1.149190e+01 	 1.166034e+01 	 1.152760e+01 	 1.132671e+01 	 1.100614e+01 	 1.059247e+01 	 4.010655e+00 	 1.897165e+00 	 1.446142e+00
4.843000e-01 	 3.050000e+05 	 5.751387e+00 	 5.718215e+00 	 5.668572e+00 	 5.578526e+00 	 5.447469e+00 	 5.252475e+00 	 1.840526e+00 	 8.197021e-01 	 6.202130e-01
4.868000e-01 	 3.075000e+05 	 4.768476e+00 	 4.728104e+00 	 4.671228e+00 	 4.593351e+00 	 4.474366e+00 	 4.313799e+00 	 1.739090e+00 	 7.383915e-01 	 5.564112e-01
4.873600e-01 	 3.080600e+05 	 2.494257e+01 	 2.464562e+01 	 2.422034e+01 	 2.373402e+01 	 2.298312e+01 	 2.206198e+01 	 1.075383e+01 	 5.697541e+00 	 4.601666e+00
4.877000e-01 	 3.084000e+05 	 7.511667e+01 	 7.446031e+01 	 7.314943e+01 	 7.191409e+01 	 6.957738e+01 	 6.622264e+01 	 3.670199e+01 	 2.113986e+01 	 1.724408e+01
4.877800e-01 	 3.084800e+05 	 3.236921e+01 	 3.214861e+01 	 3.156870e+01 	 3.098781e+01 	 3.009629e+01 	 2.890040e+01 	 1.493337e+01 	 8.046142e+00 	 6.465448e+00
4.880000e-01 	 3.087000e+05 	 1.707914e+01 	 1.694324e+01 	 1.673017e+01 	 1.640067e+01 	 1.595932e+01 	 1.534502e+01 	 7.150663e+00 	 3.582427e+00 	 2.837299e+00
4.891000e-01 	 3.098000e+05 	 1.059120e+01 	 1.049709e+01 	 1.035557e+01 	 1.018392e+01 	 9.883533e+00 	 9.521947e+00 	 4.254356e+00 	 1.987951e+00 	 1.551602e+00
4.892600e-01 	 3.099600e+05 	 1.114186e+01 	 1.103348e+01 	 1.088364e+01 	 1.067807e+01 	 1.039559e+01 	 9.985852e+00 	 4.495920e+00 	 2.112013e+00 	 1.636524e+00
4.893000e-01 	 3.100000e+05 	 1.245814e+01 	 1.233302e+01 	 1.215467e+01 	 1.194596e+01 	 1.165125e+01 	 1.118741e+01 	 5.012425e+00 	 2.379552e+00 	 1.870281e+00
4.897000e-01 	 3.104000e+05 	 1.661696e+01 	 1.641003e+01 	 1.619019e+01 	 1.590226e+01 	 1.544892e+01 	 1.487096e+01 	 6.647060e+00 	 3.303850e+00 	 2.607488e+00
4.899400e-01 	 3.106400e+05 	 2.879622e+01 	 2.846644e+01 	 2.813223e+01 	 2.755268e+01 	 2.672351e+01 	 2.562327e+01 	 1.202239e+01 	 6.337333e+00 	 5.122874e+00
4.906000e-01 	 3.113000e+05 	 1.941035e+01 	 1.923040e+01 	 1.897739e+01 	 1.863809e+01 	 1.811256e+01 	 1.742715e+01 	 7.840896e+00 	 3.992730e+00 	 3.171204e+00
4.912600e-01 	 3.119600e+05 	 1.044687e+01 	 1.035872e+01 	 1.021683e+01 	 1.003557e+01 	 9.761142e+00 	 9.388788e+00 	 4.098680e+00 	 1.904361e+00 	 1.478332e+00
4.918000e-01 	 3.125000e+05 	 8.548292e+00 	 8.468385e+00 	 8.361985e+00 	 8.226918e+00 	 8.012573e+00 	 7.717774e+00 	 3.427702e+00 	 1.548232e+00 	 1.199874e+00
4.943000e-01 	 3.150000e+05 	 6.777390e+00 	 6.720997e+00 	 6.628859e+00 	 6.520665e+00 	 6.350308e+00 	 6.118862e+00 	 2.589424e+00 	 1.119055e+00 	 8.582166e-01
4.968000e-01 	 3.175000e+05 	 4.748623e+00 	 4.702717e+00 	 4.639698e+00 	 4.565246e+00 	 4.450739e+00 	 4.289793e+00 	 1.883805e+00 	 7.552469e-01 	 5.630160e-01
4.972800e-01 	 3.179800e+05 	 1.036655e+01 	 1.024230e+01 	 1.008380e+01 	 9.887712e+00 	 9.596316e+00 	 9.223645e+00 	 4.240812e+00 	 1.915383e+00 	 1.472972e+00
4.979800e-01 	 3.186800e+05 	 1.599591e+01 	 1.580286e+01 	 1.552395e+01 	 1.526166e+01 	 1.477936e+01 	 1.417062e+01 	 6.753441e+00 	 3.233745e+00 	 2.511480e+00
4.993000e-01 	 3.200000e+05 	 1.384902e+01 	 1.371064e+01 	 1.349913e+01 	 1.326031e+01 	 1.289032e+01 	 1.240965e+01 	 5.576613e+00 	 2.612938e+00 	 2.019854e+00
4.996600e-01 	 3.203600e+05 	 1.169317e+01 	 1.154550e+01 	 1.137040e+01 	 1.118059e+01 	 1.085418e+01 	 1.045827e+01 	 4.753705e+00 	 2.160785e+00 	 1.654745e+00
5.018000e-01 	 3.225000e+05 	 1.270319e+01 	 1.261024e+01 	 1.241896e+01 	 1.223763e+01 	 1.195272e+01 	 1.154313e+01 	 5.004283e+00 	 2.236426e+00 	 1.729659e+00
5.022800e-01 	 3.229800e+05 	 5.959180e+02 	 5.883437e+02 	 5.946539e+02 	 5.817757e+02 	 5.614682e+02 	 5.211479e+02 	 3.120572e+02 	 1.853036e+02 	 1.538894e+02
5.023000e-01 	 3.230000e+05 	 2.003070e+02 	 1.990630e+02 	 1.964064e+02 	 1.912724e+02 	 1.856203e+02 	 1.763481e+02 	 9.783781e+01 	 5.727903e+01 	 4.755637e+01
5.023200e-01 	 3.230200e+05 	 1.711545e+01 	 1.689315e+01 	 1.668794e+01 	 1.633308e+01 	 1.589976e+01 	 1.524858e+01 	 6.592741e+00 	 3.105824e+00 	 2.413799e+00
5.023600e-01 	 3.230600e+05 	 1.872113e+02 	 1.847899e+02 	 1.813129e+02 	 1.779536e+02 	 1.716936e+02 	 1.646709e+02 	 8.893520e+01 	 5.296888e+01 	 4.372284e+01
5.024000e-01 	 3.231000e+05 	 6.068627e+02 	 5.900819e+02 	 5.809478e+02 	 5.662854e+02 	 5.533049e+02 	 5.260526e+02 	 3.116965e+02 	 1.864421e+02 	 1.553163e+02
5.024200e-01 	 3.231200e+05 	 3.362879e+02 	 3.337557e+02 	 3.282497e+02 	 3.219142e+02 	 3.112466e+02 	 2.976147e+02 	 1.683079e+02 	 9.952163e+01 	 8.269560e+01
5.024400e-01 	 3.231400e+05 	 9.370166e+01 	 9.309789e+01 	 9.105890e+01 	 8.931598e+01 	 8.641538e+01 	 8.265226e+01 	 4.044299e+01 	 2.215112e+01 	 1.819802e+01
5.025000e-01 	 3.232000e+05 	 2.335765e+02 	 2.315420e+02 	 2.282247e+02 	 2.232765e+02 	 2.156301e+02 	 2.060319e+02 	 1.142842e+02 	 6.716481e+01 	 5.570003e+01
5.025200e-01 	 3.232200e+05 	 1.590312e+02 	 1.565698e+02 	 1.543802e+02 	 1.510721e+02 	 1.477683e+02 	 1.405357e+02 	 7.429620e+01 	 4.279980e+01 	 3.514018e+01
5.026000e-01 	 3.233000e+05 	 4.500842e+01 	 4.459555e+01 	 4.403580e+01 	 4.315388e+01 	 4.181221e+01 	 4.000448e+01 	 1.798047e+01 	 9.442994e+00 	 7.506545e+00
5.026200e-01 	 3.233200e+05 	 8.139499e+01 	 8.026272e+01 	 7.923144e+01 	 7.801050e+01 	 7.527848e+01 	 7.231071e+01 	 3.557583e+01 	 2.006166e+01 	 1.635922e+01
5.026400e-01 	 3.233400e+05 	 1.353564e+02 	 1.338401e+02 	 1.319693e+02 	 1.292757e+02 	 1.249124e+02 	 1.192161e+02 	 6.071902e+01 	 3.425913e+01 	 2.794933e+01
5.026800e-01 	 3.233800e+05 	 7.719443e+01 	 7.644164e+01 	 7.520358e+01 	 7.373883e+01 	 7.147744e+01 	 6.851953e+01 	 3.284975e+01 	 1.795851e+01 	 1.455432e+01
5.027000e-01 	 3.234000e+05 	 5.944914e+01 	 5.890534e+01 	 5.768408e+01 	 5.663016e+01 	 5.480898e+01 	 5.249366e+01 	 2.477827e+01 	 1.313056e+01 	 1.057866e+01
5.027800e-01 	 3.234800e+05 	 2.561386e+01 	 2.551764e+01 	 2.516098e+01 	 2.463439e+01 	 2.392783e+01 	 2.284178e+01 	 9.893401e+00 	 4.888981e+00 	 3.857224e+00
5.032200e-01 	 3.239200e+05 	 1.707140e+01 	 1.699875e+01 	 1.671640e+01 	 1.636860e+01 	 1.588115e+01 	 1.522078e+01 	 6.045115e+00 	 2.816927e+00 	 2.175427e+00
5.041600e-01 	 3.248600e+05 	 1.384485e+01 	 1.370963e+01 	 1.350458e+01 	 1.322925e+01 	 1.287627e+01 	 1.235740e+01 	 4.649735e+00 	 2.092236e+00 	 1.615642e+00
5.043000e-01 	 3.250000e+05 	 1.393035e+01 	 1.387347e+01 	 1.369410e+01 	 1.348299e+01 	 1.317083e+01 	 1.269549e+01 	 4.808830e+00 	 2.199139e+00 	 1.705461e+00
5.046200e-01 	 3.253200e+05 	 1.117423e+01 	 1.110330e+01 	 1.097368e+01 	 1.077007e+01 	 1.049263e+01 	 1.008738e+01 	 3.727669e+00 	 1.640057e+00 	 1.263163e+00
5.050600e-01 	 3.257600e+05 	 1.093344e+01 	 1.086876e+01 	 1.073179e+01 	 1.056065e+01 	 1.028505e+01 	 9.897705e+00 	 3.603884e+00 	 1.594294e+00 	 1.224026e+00
5.052800e-01 	 3.259800e+05 	 1.692420e+01 	 1.680349e+01 	 1.657744e+01 	 1.627583e+01 	 1.583246e+01 	 1.521997e+01 	 5.888387e+00 	 2.782380e+00 	 2.180129e+00
5.056000e-01 	 3.263000e+05 	 6.269210e+01 	 6.239983e+01 	 6.127806e+01 	 6.011220e+01 	 5.838472e+01 	 5.612369e+01 	 2.610002e+01 	 1.405155e+01 	 1.149556e+01
5.056200e-01 	 3.263200e+05 	 4.081622e+01 	 4.038003e+01 	 3.991203e+01 	 3.929737e+01 	 3.823888e+01 	 3.653183e+01 	 1.629579e+01 	 8.577886e+00 	 6.926394e+00
5.057600e-01 	 3.264600e+05 	 1.213416e+01 	 1.202488e+01 	 1.188533e+01 	 1.166078e+01 	 1.135184e+01 	 1.095011e+01 	 4.767546e+00 	 2.165058e+00 	 1.701499e+00
5.058800e-01 	 3.265800e+05 	 1.029109e+01 	 1.020313e+01 	 1.010837e+01 	 9.894096e+00 	 9.639307e+00 	 9.279819e+00 	 4.131873e+00 	 1.835710e+00 	 1.439239e+00
5.062400e-01 	 3.269400e+05 	 9.725784e+00 	 9.659828e+00 	 9.542976e+00 	 9.381060e+00 	 9.134838e+00 	 8.806966e+00 	 4.112021e+00 	 1.825699e+00 	 1.437220e+00
5.064200e-01 	 3.271200e+05 	 1.214272e+01 	 1.203437e+01 	 1.186713e+01 	 1.159116e+01 	 1.133656e+01 	 1.089593e+01 	 5.417430e+00 	 2.443202e+00 	 1.957207e+00
5.068000e-01 	 3.275000e+05 	 9.428519e+00 	 9.352237e+00 	 9.230685e+00 	 9.090994e+00 	 8.863043e+00 	 8.555126e+00 	 4.591023e+00 	 1.998763e+00 	 1.572372e+00
5.068800e-01 	 3.275800e+05 	 8.921639e+00 	 8.820800e+00 	 8.707331e+00 	 8.558218e+00 	 8.405026e+00 	 8.102315e+00 	 4.474805e+00 	 1.993970e+00 	 1.584470e+00
5.093000e-01 	 3.300000e+05 	 4.818462e+00 	 4.760668e+00 	 4.689023e+00 	 4.617777e+00 	 4.493474e+00 	 4.352865e+00 	 2.901127e+00 	 1.102013e+00 	 8.777698e-01
5.118000e-01 	 3.325000e+05 	 4.250081e+00 	 4.186951e+00 	 4.113905e+00 	 4.046060e+00 	 3.939983e+00 	 3.802034e+00 	 2.641329e+00 	 9.972746e-01 	 7.811285e-01
5.143000e-01 	 3.350000e+05 	 4.289483e+00 	 4.223346e+00 	 4.157264e+00 	 4.079534e+00 	 3.969759e+00 	 3.835908e+00 	 2.619027e+00 	 9.958163e-01 	 7.757142e-01
5.168000e-01 	 3.375000e+05 	 6.183513e+00 	 6.099145e+00 	 6.002567e+00 	 5.889593e+00 	 5.732759e+00 	 5.538622e+00 	 3.488028e+00 	 1.392055e+00 	 1.109739e+00
5.193000e-01 	 3.400000e+05 	 5.714933e+00 	 5.592383e+00 	 5.494204e+00 	 5.401005e+00 	 5.230406e+00 	 5.068308e+00 	 3.286624e+00 	 1.297236e+00 	 1.017211e+00
5.218000e-01 	 3.425000e+05 	 5.399716e+00 	 5.300993e+00 	 5.203517e+00 	 5.105056e+00 	 4.952969e+00 	 4.774432e+00 	 3.201678e+00 	 1.224641e+00 	 9.783631e-01
5.243000e-01 	 3.450000e+05 	 5.591995e+00 	 5.512352e+00 	 5.412971e+00 	 5.316212e+00 	 5.170265e+00 	 4.995946e+00 	 3.160773e+00 	 1.213426e+00 	 9.633065e-01
5.268000e-01 	 3.475000e+05 	 6.094506e+00 	 6.011738e+00 	 5.910621e+00 	 5.799357e+00 	 5.660333e+00 	 5.463929e+00 	 3.288747e+00 	 1.292369e+00 	 1.001037e+00
5.293000e-01 	 3.500000e+05 	 6.321852e+00 	 6.246744e+00 	 6.148772e+00 	 6.046674e+00 	 5.893484e+00 	 5.695545e+00 	 3.067195e+00 	 1.203648e+00 	 9.360295e-01
5.318000e-01 	 3.525000e+05 	 6.429945e+00 	 6.345407e+00 	 6.256302e+00 	 6.175614e+00 	 6.001308e+00 	 5.805057e+00 	 3.111895e+00 	 1.201916e+00 	 9.420488e-01
5.343000e-01 	 3.550000e+05 	 6.754221e+00 	 6.686472e+00 	 6.593088e+00 	 6.496530e+00 	 6.341727e+00 	 6.142508e+00 	 2.848816e+00 	 1.097266e+00 	 8.378561e-01
5.368000e-01 	 3.575000e+05 	 8.434390e+00 	 8.334685e+00 	 8.199619e+00 	 8.066751e+00 	 7.825713e+00 	 7.534359e+00 	 2.972005e+00 	 1.196736e+00 	 8.892580e-01
5.373200e-01 	 3.580200e+05 	 8.827575e+00 	 8.762575e+00 	 8.646832e+00 	 8.522094e+00 	 8.315533e+00 	 8.036817e+00 	 3.095287e+00 	 1.247948e+00 	 9.157381e-01
5.393000e-01 	 3.600000e+05 	 1.084051e+01 	 1.068080e+01 	 1.050670e+01 	 1.031856e+01 	 1.002077e+01 	 9.672050e+00 	 4.329535e+00 	 1.811067e+00 	 1.383099e+00
5.393200e-01 	 3.600200e+05 	 1.096690e+01 	 1.082113e+01 	 1.063148e+01 	 1.045182e+01 	 1.015782e+01 	 9.779967e+00 	 4.402567e+00 	 1.832515e+00 	 1.396355e+00
5.415000e-01 	 3.622000e+05 	 8.700650e+00 	 8.605129e+00 	 8.288399e+00 	 8.324801e+00 	 8.105347e+00 	 7.809207e+00 	 3.033305e+00 	 1.228453e+00 	 9.167946e-01
5.418000e-01 	 3.625000e+05 	 8.262455e+00 	 8.179785e+00 	 8.078332e+00 	 7.940509e+00 	 7.751684e+00 	 7.479403e+00 	 2.846778e+00 	 1.136990e+00 	 8.430410e-01
5.443000e-01 	 3.650000e+05 	 6.165120e+00 	 6.084004e+00 	 5.980464e+00 	 5.880710e+00 	 5.727686e+00 	 5.522934e+00 	 2.895392e+00 	 1.094722e+00 	 8.418398e-01
5.468000e-01 	 3.675000e+05 	 5.445658e+00 	 5.392987e+00 	 5.338531e+00 	 5.253523e+00 	 5.137604e+00 	 4.972449e+00 	 1.982338e+00 	 7.313835e-01 	 5.450957e-01
5.493000e-01 	 3.700000e+05 	 4.316392e+00 	 4.261537e+00 	 4.194432e+00 	 4.120515e+00 	 4.021335e+00 	 3.884325e+00 	 1.968843e+00 	 6.934307e-01 	 5.203259e-01
5.518000e-01 	 3.725000e+05 	 5.650321e+00 	 5.590282e+00 	 5.503092e+00 	 5.404637e+00 	 5.278046e+00 	 5.095177e+00 	 2.077144e+00 	 7.729264e-01 	 5.730455e-01
5.543000e-01 	 3.750000e+05 	 4.372127e+00 	 4.317848e+00 	 4.242724e+00 	 4.173817e+00 	 4.063652e+00 	 3.931303e+00 	 1.638170e+00 	 5.674660e-01 	 4.086658e-01
5.559600e-01 	 3.766600e+05 	 7.280439e+00 	 7.110353e+00 	 6.942929e+00 	 6.801104e+00 	 6.591699e+00 	 6.334055e+00 	 3.528344e+00 	 1.316010e+00 	 1.007856e+00
5.561400e-01 	 3.768400e+05 	 8.989489e+00 	 8.813226e+00 	 8.611714e+00 	 8.391113e+00 	 8.127525e+00 	 7.807523e+00 	 4.570898e+00 	 1.788790e+00 	 1.395232e+00
5.568000e-01 	 3.775000e+05 	 7.689308e+00 	 7.495456e+00 	 7.286188e+00 	 7.112599e+00 	 6.877126e+00 	 6.633437e+00 	 4.722338e+00 	 1.851934e+00 	 1.465673e+00
5.588000e-01 	 3.795000e+05 	 1.128797e+01 	 1.110483e+01 	 1.092014e+01 	 1.071756e+01 	 1.043827e+01 	 1.003827e+01 	 4.826654e+00 	 2.010586e+00 	 1.539906e+00
5.593000e-01 	 3.800000e+05 	 1.171975e+01 	 1.155634e+01 	 1.137391e+01 	 1.117693e+01 	 1.084713e+01 	 1.041575e+01 	 4.154817e+00 	 1.689239e+00 	 1.276702e+00
5.596200e-01 	 3.803200e+05 	 1.016323e+01 	 1.005337e+01 	 9.934651e+00 	 9.761321e+00 	 9.489379e+00 	 9.174408e+00 	 3.274267e+00 	 1.351230e+00 	 1.000133e+00
5.602600e-01 	 3.809600e+05 	 8.238307e+00 	 8.160915e+00 	 8.064030e+00 	 7.930731e+00 	 7.747256e+00 	 7.476913e+00 	 2.515099e+00 	 9.895179e-01 	 7.264500e-01
5.618000e-01 	 3.825000e+05 	 5.117708e+00 	 5.048268e+00 	 4.973511e+00 	 4.890781e+00 	 4.772644e+00 	 4.618914e+00 	 2.090502e+00 	 7.526672e-01 	 5.713352e-01
5.643000e-01 	 3.850000e+05 	 4.402507e+00 	 4.353007e+00 	 4.289078e+00 	 4.227755e+00 	 4.126915e+00 	 3.992076e+00 	 1.511788e+00 	 5.398117e-01 	 3.925306e-01
5.668000e-01 	 3.875000e+05 	 7.313834e+00 	 7.247804e+00 	 7.162183e+00 	 7.052652e+00 	 6.885000e+00 	 6.664400e+00 	 2.224986e+00 	 8.437376e-01 	 6.028483e-01
5.693000e-01 	 3.900000e+05 	 6.499981e+00 	 6.415597e+00 	 6.304267e+00 	 6.197599e+00 	 6.039950e+00 	 5.824367e+00 	 2.125860e+00 	 7.787109e-01 	 5.482471e-01
5.695600e-01 	 3.902600e+05 	 7.723555e+00 	 7.632829e+00 	 7.515867e+00 	 7.393910e+00 	 7.220386e+00 	 6.978033e+00 	 2.625876e+00 	 9.791586e-01 	 6.952221e-01
5.700400e-01 	 3.907400e+05 	 8.081060e+00 	 7.948292e+00 	 7.807894e+00 	 7.655103e+00 	 7.454805e+00 	 7.190010e+00 	 2.834036e+00 	 1.038475e+00 	 7.424896e-01
5.702800e-01 	 3.909800e+05 	 8.719161e+00 	 8.558932e+00 	 8.417615e+00 	 8.254213e+00 	 8.023220e+00 	 7.738924e+00 	 3.048542e+00 	 1.136220e+00 	 8.116017e-01
5.715600e-01 	 3.922600e+05 	 8.136277e+00 	 8.013935e+00 	 7.888967e+00 	 7.739942e+00 	 7.544121e+00 	 7.274124e+00 	 2.760877e+00 	 1.027952e+00 	 7.378709e-01
5.718000e-01 	 3.925000e+05 	 7.896504e+00 	 7.793162e+00 	 7.674751e+00 	 7.548024e+00 	 7.381017e+00 	 7.119102e+00 	 2.720475e+00 	 1.003158e+00 	 7.166963e-01
5.722400e-01 	 3.929400e+05 	 7.620317e+00 	 7.525946e+00 	 7.405052e+00 	 7.285737e+00 	 7.103939e+00 	 6.851369e+00 	 2.502136e+00 	 9.408670e-01 	 6.658442e-01
5.743000e-01 	 3.950000e+05 	 6.767483e+00 	 6.693810e+00 	 6.619023e+00 	 6.506977e+00 	 6.360410e+00 	 6.153699e+00 	 2.099839e+00 	 7.776659e-01 	 5.595150e-01
5.768000e-01 	 3.975000e+05 	 5.554960e+00 	 5.478921e+00 	 5.387548e+00 	 5.291269e+00 	 5.156946e+00 	 4.981863e+00 	 2.427030e+00 	 8.716265e-01 	 6.332925e-01
5.793000e-01 	 4.000000e+05 	 5.167569e+00 	 5.107606e+00 	 5.025111e+00 	 4.951423e+00 	 4.826780e+00 	 4.660578e+00 	 1.719241e+00 	 6.169119e-01 	 4.507172e-01
5.818000e-01 	 4.025000e+05 	 4.277549e+00 	 4.222332e+00 	 4.152937e+00 	 4.089611e+00 	 3.983098e+00 	 3.851587e+00 	 1.579554e+00 	 5.464033e-01 	 3.973027e-01
5.843000e-01 	 4.050000e+05 	 5.232953e+00 	 5.175695e+00 	 5.105486e+00 	 5.027407e+00 	 4.908677e+00 	 4.740531e+00 	 1.674177e+00 	 5.930084e-01 	 4.243192e-01
5.855000e-01 	 4.062000e+05 	 7.927948e+00 	 7.835864e+00 	 7.734699e+00 	 7.613337e+00 	 7.425889e+00 	 7.177343e+00 	 2.268888e+00 	 8.407451e-01 	 5.993148e-01
5.855800e-01 	 4.062800e+05 	 1.275003e+01 	 1.261686e+01 	 1.244117e+01 	 1.223187e+01 	 1.194204e+01 	 1.152526e+01 	 3.613928e+00 	 1.477914e+00 	 1.024355e+00
5.856400e-01 	 4.063400e+05 	 1.940842e+01 	 1.920451e+01 	 1.894184e+01 	 1.864897e+01 	 1.823974e+01 	 1.754933e+01 	 5.587926e+00 	 2.337293e+00 	 1.640393e+00
5.857000e-01 	 4.064000e+05 	 6.636296e+00 	 6.568839e+00 	 6.470031e+00 	 6.371877e+00 	 6.220086e+00 	 6.012158e+00 	 1.925000e+00 	 7.010450e-01 	 4.950544e-01
5.857600e-01 	 4.064600e+05 	 8.767286e+00 	 8.684529e+00 	 8.558689e+00 	 8.429137e+00 	 8.234907e+00 	 7.947273e+00 	 2.478063e+00 	 9.415791e-01 	 6.708117e-01
5.868000e-01 	 4.075000e+05 	 5.083528e+00 	 5.039330e+00 	 4.971876e+00 	 4.897671e+00 	 4.786034e+00 	 4.627386e+00 	 1.443907e+00 	 5.132328e-01 	 3.570016e-01
5.893000e-01 	 4.100000e+05 	 4.533011e+00 	 4.480870e+00 	 4.425205e+00 	 4.360248e+00 	 4.294218e+00 	 4.180581e+00 	 1.428720e+00 	 4.821042e-01 	 3.326211e-01
5.918000e-01 	 4.125000e+05 	 4.659570e+00 	 4.597447e+00 	 4.524951e+00 	 4.454838e+00 	 4.343172e+00 	 4.199178e+00 	 1.403521e+00 	 4.770947e-01 	 3.257696e-01
5.943000e-01 	 4.150000e+05 	 7.045620e+00 	 6.978945e+00 	 6.892327e+00 	 6.800298e+00 	 6.640956e+00 	 6.425417e+00 	 1.901359e+00 	 6.974722e-01 	 4.941179e-01
5.944200e-01 	 4.151200e+05 	 7.451083e+00 	 7.372367e+00 	 7.270957e+00 	 7.162306e+00 	 6.998778e+00 	 6.758007e+00 	 1.998989e+00 	 7.434909e-01 	 5.259304e-01
5.945800e-01 	 4.152800e+05 	 8.321461e+00 	 8.231093e+00 	 8.134395e+00 	 8.009610e+00 	 7.827261e+00 	 7.561793e+00 	 2.211609e+00 	 8.330977e-01 	 5.933365e-01
5.949200e-01 	 4.156200e+05 	 9.531336e+00 	 9.462301e+00 	 9.370968e+00 	 9.232232e+00 	 9.050499e+00 	 8.732498e+00 	 2.509399e+00 	 9.642379e-01 	 6.584583e-01
5.952200e-01 	 4.159200e+05 	 8.537663e+00 	 8.472134e+00 	 8.357532e+00 	 8.242170e+00 	 8.052834e+00 	 7.772519e+00 	 2.222274e+00 	 8.560694e-01 	 6.084938e-01
5.954800e-01 	 4.161800e+05 	 7.462279e+00 	 7.415761e+00 	 7.339229e+00 	 7.218245e+00 	 7.081568e+00 	 6.842469e+00 	 2.054616e+00 	 7.650369e-01 	 5.282870e-01
5.968000e-01 	 4.175000e+05 	 4.650494e+00 	 4.599782e+00 	 4.543208e+00 	 4.474484e+00 	 4.375678e+00 	 4.228494e+00 	 1.341848e+00 	 4.843362e-01 	 3.440323e-01
5.993000e-01 	 4.200000e+05 	 4.935831e+00 	 4.883906e+00 	 4.823711e+00 	 4.746032e+00 	 4.638882e+00 	 4.485324e+00 	 1.454820e+00 	 5.252898e-01 	 3.774657e-01
6.018000e-01 	 4.225000e+05 	 4.772586e+00 	 4.731575e+00 	 4.669006e+00 	 4.602171e+00 	 4.497845e+00 	 4.342344e+00 	 1.384686e+00 	 5.022985e-01 	 3.652473e-01
6.043000e-01 	 4.250000e+05 	 5.121135e+00 	 5.078944e+00 	 5.015790e+00 	 4.946652e+00 	 4.844584e+00 	 4.680243e+00 	 1.432089e+00 	 5.303445e-01 	 3.901473e-01
6.068000e-01 	 4.275000e+05 	 5.075694e+00 	 5.000153e+00 	 4.904992e+00 	 4.829483e+00 	 4.699422e+00 	 4.557283e+00 	 1.807315e+00 	 6.120289e-01 	 4.350561e-01
6.093000e-01 	 4.300000e+05 	 4.545806e+00 	 4.456694e+00 	 4.353963e+00 	 4.260303e+00 	 4.135897e+00 	 4.013279e+00 	 1.883566e+00 	 5.979069e-01 	 4.246148e-01
6.111800e-01 	 4.318800e+05 	 6.487081e+00 	 6.327371e+00 	 6.186611e+00 	 6.037134e+00 	 5.860617e+00 	 5.643229e+00 	 2.504591e+00 	 8.671505e-01 	 6.198863e-01
6.113800e-01 	 4.320800e+05 	 2.521009e+01 	 2.473670e+01 	 2.405738e+01 	 2.333312e+01 	 2.266976e+01 	 2.170084e+01 	 9.577056e+00 	 4.141769e+00 	 3.103354e+00
6.115400e-01 	 4.322400e+05 	 4.291948e+01 	 4.188217e+01 	 4.065998e+01 	 3.953482e+01 	 3.809715e+01 	 3.633153e+01 	 1.634135e+01 	 7.582833e+00 	 5.815285e+00
6.116200e-01 	 4.323200e+05 	 2.389768e+01 	 2.326731e+01 	 2.268000e+01 	 2.215332e+01 	 2.142166e+01 	 2.058464e+01 	 9.078719e+00 	 3.974293e+00 	 2.974594e+00
6.118000e-01 	 4.325000e+05 	 1.232970e+01 	 1.205393e+01 	 1.173106e+01 	 1.147835e+01 	 1.109552e+01 	 1.069160e+01 	 4.662248e+00 	 1.799425e+00 	 1.311877e+00
6.118200e-01 	 4.325200e+05 	 9.029320e+00 	 8.820266e+00 	 8.593858e+00 	 8.413374e+00 	 8.141715e+00 	 7.852694e+00 	 3.545325e+00 	 1.278555e+00 	 9.292607e-01
6.120400e-01 	 4.327400e+05 	 6.754561e+00 	 6.601430e+00 	 6.442116e+00 	 6.314495e+00 	 6.120244e+00 	 5.898070e+00 	 2.602999e+00 	 8.981339e-01 	 6.395200e-01
6.126200e-01 	 4.333200e+05 	 6.328084e+00 	 6.194775e+00 	 6.050191e+00 	 5.943888e+00 	 5.754601e+00 	 5.555219e+00 	 2.462912e+00 	 8.391648e-01 	 5.938947e-01
6.143000e-01 	 4.350000e+05 	 4.243969e+00 	 4.150406e+00 	 4.044911e+00 	 3.958355e+00 	 3.832892e+00 	 3.690081e+00 	 1.770740e+00 	 5.578969e-01 	 3.969137e-01
6.162600e-01 	 4.369600e+05 	 5.941700e+00 	 5.803765e+00 	 5.655252e+00 	 5.528695e+00 	 5.351610e+00 	 5.164869e+00 	 2.379090e+00 	 8.076998e-01 	 5.815739e-01
6.166200e-01 	 4.373200e+05 	 6.718322e+00 	 6.582203e+00 	 6.433107e+00 	 6.327267e+00 	 6.133280e+00 	 5.933950e+00 	 2.691345e+00 	 9.186115e-01 	 6.625320e-01
6.168000e-01 	 4.375000e+05 	 7.198056e+00 	 7.037238e+00 	 6.869802e+00 	 6.719737e+00 	 6.510585e+00 	 6.281936e+00 	 2.822011e+00 	 9.914900e-01 	 7.183300e-01
6.176200e-01 	 4.383200e+05 	 8.801296e+00 	 8.608287e+00 	 8.404724e+00 	 8.224480e+00 	 7.968814e+00 	 7.690319e+00 	 3.382187e+00 	 1.222103e+00 	 8.869253e-01
6.186600e-01 	 4.393600e+05 	 6.771097e+00 	 6.629139e+00 	 6.472727e+00 	 6.341054e+00 	 6.154406e+00 	 5.940845e+00 	 2.514082e+00 	 8.839157e-01 	 6.276136e-01
6.192600e-01 	 4.399600e+05 	 6.044955e+00 	 5.931048e+00 	 5.806731e+00 	 5.712106e+00 	 5.559565e+00 	 5.367366e+00 	 2.298926e+00 	 7.778273e-01 	 5.482130e-01
6.193000e-01 	 4.400000e+05 	 5.960512e+00 	 5.834149e+00 	 5.692278e+00 	 5.580082e+00 	 5.418156e+00 	 5.217607e+00 	 2.238232e+00 	 7.620686e-01 	 5.389234e-01
6.218000e-01 	 4.425000e+05 	 4.168203e+00 	 4.080092e+00 	 4.003219e+00 	 3.928278e+00 	 3.807902e+00 	 3.679248e+00 	 1.557257e+00 	 4.970199e-01 	 3.442666e-01
6.227600e-01 	 4.434600e+05 	 6.112785e+00 	 5.990966e+00 	 5.873012e+00 	 5.765261e+00 	 5.603217e+00 	 5.411555e+00 	 2.145088e+00 	 7.417383e-01 	 5.183057e-01
6.233600e-01 	 4.440600e+05 	 7.193673e+00 	 7.064529e+00 	 6.909391e+00 	 6.781747e+00 	 6.595104e+00 	 6.365530e+00 	 2.446313e+00 	 8.619374e-01 	 6.056602e-01
6.243000e-01 	 4.450000e+05 	 7.958602e+00 	 7.816669e+00 	 7.657668e+00 	 7.530875e+00 	 7.323519e+00 	 7.073256e+00 	 2.672235e+00 	 9.692177e-01 	 6.738826e-01
6.250400e-01 	 4.457400e+05 	 8.431717e+00 	 8.277912e+00 	 8.102706e+00 	 7.954197e+00 	 7.737710e+00 	 7.462248e+00 	 2.756843e+00 	 9.987262e-01 	 6.986736e-01
6.268000e-01 	 4.475000e+05 	 8.126887e+00 	 7.988381e+00 	 7.809090e+00 	 7.680514e+00 	 7.446005e+00 	 7.210985e+00 	 2.797390e+00 	 9.914269e-01 	 6.859001e-01
6.273600e-01 	 4.480600e+05 	 7.198607e+00 	 7.040483e+00 	 6.883260e+00 	 6.737272e+00 	 6.548035e+00 	 6.309760e+00 	 2.637268e+00 	 8.914962e-01 	 6.172268e-01
6.279800e-01 	 4.486800e+05 	 6.041165e+00 	 5.923894e+00 	 5.783617e+00 	 5.678984e+00 	 5.508283e+00 	 5.319094e+00 	 2.150615e+00 	 7.103386e-01 	 4.906094e-01
6.293000e-01 	 4.500000e+05 	 4.597339e+00 	 4.530672e+00 	 4.451425e+00 	 4.372173e+00 	 4.281711e+00 	 4.134824e+00 	 1.483455e+00 	 4.994124e-01 	 3.435340e-01
6.318000e-01 	 4.525000e+05 	 6.137142e+00 	 6.038027e+00 	 5.944215e+00 	 5.834022e+00 	 5.679339e+00 	 5.487043e+00 	 1.849630e+00 	 6.326114e-01 	 4.384641e-01
6.384800e-01 	 4.591800e+05 	 4.724602e+00 	 4.672734e+00 	 4.597792e+00 	 4.527134e+00 	 4.425565e+00 	 4.285191e+00 	 1.344422e+00 	 4.440954e-01 	 3.012134e-01
