Time (Myr) 	 Time-t0 (yr) 	 5deg L_bol (L_sol) 	 15 	 25 	 35 	 45 	 55 	 65 	 75 	 85 
7.164000e-02 	 3.997000e+02 	 5.519039e-02 	 5.519150e-02 	 5.519021e-02 	 5.518822e-02 	 5.518866e-02 	 5.518917e-02 	 5.518835e-02 	 5.518889e-02 	 5.518844e-02 
7.204000e-02 	 7.998000e+02 	 5.479504e-02 	 5.479690e-02 	 5.479730e-02 	 5.479578e-02 	 5.479506e-02 	 5.479499e-02 	 5.479493e-02 	 5.479577e-02 	 5.479686e-02 
7.244000e-02 	 1.199700e+03 	 5.446107e-02 	 5.446178e-02 	 5.446051e-02 	 5.445966e-02 	 5.446010e-02 	 5.446079e-02 	 5.446071e-02 	 5.446137e-02 	 5.446213e-02 
7.284000e-02 	 1.599800e+03 	 5.475770e-02 	 5.475812e-02 	 5.475757e-02 	 5.475709e-02 	 5.475800e-02 	 5.475824e-02 	 5.475754e-02 	 5.475764e-02 	 5.475809e-02 
7.324000e-02 	 1.999700e+03 	 5.535167e-02 	 5.535299e-02 	 5.535329e-02 	 5.535289e-02 	 5.535325e-02 	 5.535383e-02 	 5.535323e-02 	 5.535359e-02 	 5.535448e-02 
7.364000e-02 	 2.399700e+03 	 5.577152e-02 	 5.577262e-02 	 5.577180e-02 	 5.577028e-02 	 5.577072e-02 	 5.577156e-02 	 5.577171e-02 	 5.577151e-02 	 5.577286e-02 
7.404000e-02 	 2.799800e+03 	 5.622866e-02 	 5.623000e-02 	 5.623032e-02 	 5.622966e-02 	 5.623018e-02 	 5.623080e-02 	 5.623021e-02 	 5.623018e-02 	 5.623156e-02 
7.444000e-02 	 3.199800e+03 	 5.670632e-02 	 5.670751e-02 	 5.670710e-02 	 5.670678e-02 	 5.670772e-02 	 5.670884e-02 	 5.670877e-02 	 5.670811e-02 	 5.670872e-02 
7.484000e-02 	 3.599700e+03 	 5.717722e-02 	 5.717798e-02 	 5.717737e-02 	 5.717596e-02 	 5.717588e-02 	 5.717647e-02 	 5.717627e-02 	 5.717566e-02 	 5.717626e-02 
7.524000e-02 	 3.999800e+03 	 5.741346e-02 	 5.741445e-02 	 5.741265e-02 	 5.741075e-02 	 5.741080e-02 	 5.741192e-02 	 5.741222e-02 	 5.741170e-02 	 5.741303e-02 
7.564000e-02 	 4.399700e+03 	 5.755189e-02 	 5.755329e-02 	 5.755268e-02 	 5.755087e-02 	 5.755026e-02 	 5.755143e-02 	 5.755169e-02 	 5.755151e-02 	 5.755283e-02 
7.604000e-02 	 4.799700e+03 	 5.768904e-02 	 5.768901e-02 	 5.768806e-02 	 5.768655e-02 	 5.768676e-02 	 5.768762e-02 	 5.768743e-02 	 5.768778e-02 	 5.768847e-02 
7.644000e-02 	 5.199700e+03 	 5.784037e-02 	 5.784195e-02 	 5.784122e-02 	 5.783963e-02 	 5.783976e-02 	 5.784096e-02 	 5.784051e-02 	 5.784130e-02 	 5.784174e-02 
7.684000e-02 	 5.599700e+03 	 5.800728e-02 	 5.800901e-02 	 5.800860e-02 	 5.800749e-02 	 5.800730e-02 	 5.800846e-02 	 5.800754e-02 	 5.800796e-02 	 5.800953e-02 
7.724000e-02 	 5.999700e+03 	 5.821852e-02 	 5.822030e-02 	 5.821931e-02 	 5.821734e-02 	 5.821706e-02 	 5.821759e-02 	 5.821753e-02 	 5.821781e-02 	 5.821884e-02 
7.764000e-02 	 6.399800e+03 	 5.042282e-02 	 5.042305e-02 	 5.042303e-02 	 5.042265e-02 	 5.042264e-02 	 5.042280e-02 	 5.042291e-02 	 5.042274e-02 	 5.042245e-02 
7.804000e-02 	 6.799700e+03 	 5.028039e-02 	 5.028028e-02 	 5.027957e-02 	 5.027900e-02 	 5.027944e-02 	 5.028014e-02 	 5.028027e-02 	 5.028002e-02 	 5.027964e-02 
7.844000e-02 	 7.199800e+03 	 5.239326e-02 	 5.241217e-02 	 5.242536e-02 	 5.243113e-02 	 5.243012e-02 	 5.242256e-02 	 5.240575e-02 	 5.237364e-02 	 5.094643e-02 
7.884000e-02 	 7.599700e+03 	 5.803614e-02 	 5.809671e-02 	 5.813636e-02 	 5.815450e-02 	 5.815034e-02 	 5.812327e-02 	 5.806466e-02 	 5.790962e-02 	 5.359657e-02 
7.924000e-02 	 7.999700e+03 	 5.735659e-02 	 5.741449e-02 	 5.745184e-02 	 5.746680e-02 	 5.745887e-02 	 5.742788e-02 	 5.736534e-02 	 5.714079e-02 	 5.283527e-02 
7.964000e-02 	 8.399800e+03 	 5.412892e-02 	 5.416382e-02 	 5.418520e-02 	 5.419240e-02 	 5.418317e-02 	 5.415973e-02 	 5.411762e-02 	 5.392993e-02 	 5.113855e-02 
8.004000e-02 	 8.799700e+03 	 5.584197e-02 	 5.589083e-02 	 5.592050e-02 	 5.593117e-02 	 5.591980e-02 	 5.588735e-02 	 5.582662e-02 	 5.546052e-02 	 5.169603e-02 
8.044000e-02 	 9.199700e+03 	 5.605463e-02 	 5.610710e-02 	 5.613884e-02 	 5.614846e-02 	 5.613404e-02 	 5.609620e-02 	 5.602769e-02 	 5.552720e-02 	 5.151948e-02 
8.084000e-02 	 9.599700e+03 	 5.116568e-02 	 5.118072e-02 	 5.118807e-02 	 5.118820e-02 	 5.118190e-02 	 5.116973e-02 	 5.114939e-02 	 5.102050e-02 	 4.978361e-02 
8.124000e-02 	 9.999700e+03 	 5.382886e-02 	 5.386446e-02 	 5.388359e-02 	 5.388745e-02 	 5.387446e-02 	 5.384481e-02 	 5.379277e-02 	 5.333107e-02 	 5.045015e-02 
8.164000e-02 	 1.039970e+04 	 5.440695e-02 	 5.444931e-02 	 5.447175e-02 	 5.447525e-02 	 5.445911e-02 	 5.442370e-02 	 5.436292e-02 	 5.375902e-02 	 5.047545e-02 
8.204000e-02 	 1.079970e+04 	 5.417931e-02 	 5.422102e-02 	 5.424405e-02 	 5.424736e-02 	 5.423166e-02 	 5.419733e-02 	 5.413780e-02 	 5.346759e-02 	 5.032846e-02 
8.244000e-02 	 1.119970e+04 	 5.446435e-02 	 5.450633e-02 	 5.452975e-02 	 5.453156e-02 	 5.451381e-02 	 5.447503e-02 	 5.440844e-02 	 5.361301e-02 	 5.024551e-02 
8.284000e-02 	 1.159970e+04 	 5.737912e-02 	 5.744537e-02 	 5.748629e-02 	 5.749203e-02 	 5.746688e-02 	 5.740764e-02 	 5.730307e-02 	 5.578763e-02 	 5.098261e-02 
8.324000e-02 	 1.199980e+04 	 5.479706e-02 	 5.484186e-02 	 5.486881e-02 	 5.487014e-02 	 5.485084e-02 	 5.480658e-02 	 5.472959e-02 	 5.362567e-02 	 5.003963e-02 
8.364000e-02 	 1.239970e+04 	 5.422542e-02 	 5.426588e-02 	 5.429039e-02 	 5.429209e-02 	 5.427376e-02 	 5.423110e-02 	 5.415845e-02 	 5.307864e-02 	 4.975178e-02 
8.404000e-02 	 1.279970e+04 	 5.300159e-02 	 5.303070e-02 	 5.304973e-02 	 5.305007e-02 	 5.303420e-02 	 5.299825e-02 	 5.293899e-02 	 5.206478e-02 	 4.936003e-02 
8.444000e-02 	 1.319980e+04 	 5.407191e-02 	 5.410842e-02 	 5.412872e-02 	 5.413144e-02 	 5.411078e-02 	 5.406331e-02 	 5.398698e-02 	 5.273859e-02 	 4.943243e-02 
8.484000e-02 	 1.359970e+04 	 5.485193e-02 	 5.488912e-02 	 5.491327e-02 	 5.491440e-02 	 5.488911e-02 	 5.483518e-02 	 5.474796e-02 	 5.321430e-02 	 4.957925e-02 
8.524000e-02 	 1.399970e+04 	 6.359064e-02 	 6.370755e-02 	 6.378435e-02 	 6.379856e-02 	 6.374969e-02 	 6.363416e-02 	 6.343820e-02 	 5.925761e-02 	 5.209610e-02 
8.564000e-02 	 1.439970e+04 	 5.455065e-02 	 5.460005e-02 	 5.462645e-02 	 5.463071e-02 	 5.460704e-02 	 5.455669e-02 	 5.447123e-02 	 5.290296e-02 	 4.928929e-02 
8.604000e-02 	 1.479970e+04 	 5.507968e-02 	 5.513403e-02 	 5.516496e-02 	 5.516952e-02 	 5.514669e-02 	 5.509182e-02 	 5.499788e-02 	 5.317213e-02 	 4.932009e-02 
8.644000e-02 	 1.519970e+04 	 5.285332e-02 	 5.289392e-02 	 5.291853e-02 	 5.292248e-02 	 5.290585e-02 	 5.286742e-02 	 5.280219e-02 	 5.160566e-02 	 4.873872e-02 
8.684000e-02 	 1.559970e+04 	 5.242495e-02 	 5.246181e-02 	 5.248428e-02 	 5.249008e-02 	 5.247425e-02 	 5.243625e-02 	 5.237259e-02 	 5.120450e-02 	 4.849116e-02 
8.724000e-02 	 1.599970e+04 	 5.510776e-02 	 5.517397e-02 	 5.521345e-02 	 5.522343e-02 	 5.520242e-02 	 5.514622e-02 	 5.505004e-02 	 5.306793e-02 	 4.911323e-02 
8.764000e-02 	 1.639970e+04 	 5.217612e-02 	 5.221660e-02 	 5.223970e-02 	 5.224853e-02 	 5.223422e-02 	 5.219897e-02 	 5.213638e-02 	 5.094011e-02 	 4.823724e-02 
8.804000e-02 	 1.679970e+04 	 5.908137e-02 	 5.918898e-02 	 5.925603e-02 	 5.927580e-02 	 5.924616e-02 	 5.916595e-02 	 5.901938e-02 	 5.554308e-02 	 5.010818e-02 
8.844000e-02 	 1.719970e+04 	 5.180532e-02 	 5.184426e-02 	 5.186862e-02 	 5.187338e-02 	 5.185910e-02 	 5.182419e-02 	 5.176413e-02 	 5.051448e-02 	 4.798844e-02 
8.884000e-02 	 1.759980e+04 	 6.053278e-02 	 6.065658e-02 	 6.073747e-02 	 6.076259e-02 	 6.072875e-02 	 6.063855e-02 	 6.046612e-02 	 5.615278e-02 	 5.041177e-02 
8.924000e-02 	 1.799970e+04 	 5.458113e-02 	 5.464314e-02 	 5.468208e-02 	 5.468966e-02 	 5.466583e-02 	 5.460768e-02 	 5.450771e-02 	 5.212078e-02 	 4.847181e-02 
8.964000e-02 	 1.839970e+04 	 5.293804e-02 	 5.298379e-02 	 5.301528e-02 	 5.302170e-02 	 5.300395e-02 	 5.295757e-02 	 5.287755e-02 	 5.098629e-02 	 4.806853e-02 
9.004000e-02 	 1.879970e+04 	 5.309904e-02 	 5.314836e-02 	 5.317902e-02 	 5.318281e-02 	 5.316251e-02 	 5.311319e-02 	 5.302784e-02 	 5.085431e-02 	 4.801174e-02 
9.044000e-02 	 1.919970e+04 	 5.666269e-02 	 5.674910e-02 	 5.679504e-02 	 5.680198e-02 	 5.676709e-02 	 5.668918e-02 	 5.655492e-02 	 5.283785e-02 	 4.897706e-02 
9.084000e-02 	 1.959980e+04 	 5.781479e-02 	 5.789560e-02 	 5.794156e-02 	 5.794548e-02 	 5.790607e-02 	 5.781306e-02 	 5.765880e-02 	 5.320358e-02 	 4.927990e-02 
9.124000e-02 	 1.999970e+04 	 5.794633e-02 	 5.804534e-02 	 5.808438e-02 	 5.808702e-02 	 5.804086e-02 	 5.794542e-02 	 5.778810e-02 	 5.290600e-02 	 4.934899e-02 
9.164000e-02 	 2.039970e+04 	 5.851291e-02 	 5.858393e-02 	 5.861800e-02 	 5.861610e-02 	 5.856086e-02 	 5.846044e-02 	 5.828307e-02 	 5.296988e-02 	 4.953269e-02 
9.190000e-02 	 2.065970e+04 	 2.140909e-01 	 2.147260e-01 	 2.149389e-01 	 2.146902e-01 	 2.139017e-01 	 2.124689e-01 	 2.100761e-01 	 1.495036e-01 	 1.293182e-01 
9.204000e-02 	 2.079970e+04 	 5.564731e-02 	 5.569858e-02 	 5.572781e-02 	 5.571902e-02 	 5.567672e-02 	 5.558991e-02 	 5.545011e-02 	 5.124675e-02 	 4.859685e-02 
9.244000e-02 	 2.119970e+04 	 5.815173e-02 	 5.820011e-02 	 5.822114e-02 	 5.819778e-02 	 5.812839e-02 	 5.801529e-02 	 5.783298e-02 	 5.236841e-02 	 4.953765e-02 
9.284000e-02 	 2.159970e+04 	 6.753765e-02 	 6.762962e-02 	 6.765041e-02 	 6.761021e-02 	 6.749265e-02 	 6.728651e-02 	 6.695551e-02 	 5.735633e-02 	 5.365880e-02 
9.324000e-02 	 2.199970e+04 	 5.407232e-02 	 5.409898e-02 	 5.410877e-02 	 5.408594e-02 	 5.403636e-02 	 5.395355e-02 	 5.381975e-02 	 4.996429e-02 	 4.820378e-02 
9.364000e-02 	 2.239970e+04 	 6.265001e-02 	 6.269369e-02 	 6.268761e-02 	 6.264906e-02 	 6.252948e-02 	 6.235857e-02 	 6.209762e-02 	 5.456172e-02 	 5.202764e-02 
9.404000e-02 	 2.279970e+04 	 1.139005e-01 	 1.139878e-01 	 1.139878e-01 	 1.137623e-01 	 1.133040e-01 	 1.126239e-01 	 1.115237e-01 	 8.642423e-02 	 7.976615e-02 
9.444000e-02 	 2.319970e+04 	 9.550608e-02 	 9.558517e-02 	 9.551913e-02 	 9.534683e-02 	 9.501937e-02 	 9.450148e-02 	 9.367961e-02 	 7.496394e-02 	 7.029011e-02 
9.484000e-02 	 2.359970e+04 	 1.887153e-01 	 1.888558e-01 	 1.886475e-01 	 1.881464e-01 	 1.871695e-01 	 1.856677e-01 	 1.831873e-01 	 1.362163e-01 	 1.257804e-01 
9.524000e-02 	 2.399970e+04 	 7.746301e-02 	 7.748282e-02 	 7.743946e-02 	 7.731481e-02 	 7.709265e-02 	 7.674733e-02 	 7.620220e-02 	 6.417201e-02 	 6.121155e-02 
9.564000e-02 	 2.439970e+04 	 6.973447e-02 	 6.973494e-02 	 6.969230e-02 	 6.958208e-02 	 6.940091e-02 	 6.912404e-02 	 6.868902e-02 	 5.941989e-02 	 5.718323e-02 
9.604000e-02 	 2.479970e+04 	 6.887051e-02 	 6.888137e-02 	 6.883744e-02 	 6.873447e-02 	 6.854757e-02 	 6.828403e-02 	 6.786771e-02 	 5.909126e-02 	 5.694563e-02 
9.644000e-02 	 2.519970e+04 	 1.109050e-01 	 1.109122e-01 	 1.107381e-01 	 1.104554e-01 	 1.099147e-01 	 1.091406e-01 	 1.079167e-01 	 8.552795e-02 	 8.068831e-02 
9.684000e-02 	 2.559970e+04 	 1.480762e-01 	 1.480794e-01 	 1.478686e-01 	 1.474027e-01 	 1.465777e-01 	 1.453667e-01 	 1.433656e-01 	 1.091424e-01 	 1.022123e-01 
9.724000e-02 	 2.599970e+04 	 1.341309e-01 	 1.341108e-01 	 1.339158e-01 	 1.334182e-01 	 1.326474e-01 	 1.315328e-01 	 1.296816e-01 	 9.944750e-02 	 9.361227e-02 
9.764000e-02 	 2.639970e+04 	 2.217200e-01 	 2.215373e-01 	 2.211029e-01 	 2.200535e-01 	 2.182963e-01 	 2.158693e-01 	 2.117473e-01 	 1.523756e-01 	 1.414293e-01 
9.804000e-02 	 2.679970e+04 	 1.396174e-01 	 1.395789e-01 	 1.393055e-01 	 1.387565e-01 	 1.378883e-01 	 1.366206e-01 	 1.345784e-01 	 1.024966e-01 	 9.634011e-02 
9.844000e-02 	 2.719970e+04 	 2.323660e-01 	 2.322804e-01 	 2.317122e-01 	 2.304878e-01 	 2.287318e-01 	 2.260276e-01 	 2.218847e-01 	 1.615492e-01 	 1.504259e-01 
9.866000e-02 	 2.741970e+04 	 1.556798e+00 	 1.555285e+00 	 1.549413e+00 	 1.539789e+00 	 1.525161e+00 	 1.502652e+00 	 1.467797e+00 	 1.133184e+00 	 1.052500e+00 
9.884000e-02 	 2.759970e+04 	 2.010361e-01 	 2.009350e-01 	 2.004656e-01 	 1.994389e-01 	 1.978903e-01 	 1.955767e-01 	 1.920182e-01 	 1.408785e-01 	 1.312463e-01 
9.924000e-02 	 2.799970e+04 	 4.071016e-01 	 4.067110e-01 	 4.054380e-01 	 4.027146e-01 	 3.992862e-01 	 3.937683e-01 	 3.851235e-01 	 2.830225e-01 	 2.619694e-01 
9.964000e-02 	 2.839970e+04 	 3.954131e-01 	 3.949569e-01 	 3.938162e-01 	 3.914786e-01 	 3.877317e-01 	 3.823146e-01 	 3.741585e-01 	 2.791347e-01 	 2.592536e-01 
1.000400e-01 	 2.879970e+04 	 7.035760e-01 	 7.026114e-01 	 7.006114e-01 	 6.960980e-01 	 6.891155e-01 	 6.788204e-01 	 6.630242e-01 	 5.138025e-01 	 4.778547e-01 
1.004400e-01 	 2.919970e+04 	 1.299345e+00 	 1.297428e+00 	 1.292924e+00 	 1.284625e+00 	 1.271361e+00 	 1.251673e+00 	 1.221697e+00 	 9.886817e-01 	 9.224055e-01 
1.008400e-01 	 2.959970e+04 	 1.005324e+00 	 1.004163e+00 	 1.001061e+00 	 9.955737e-01 	 9.859706e-01 	 9.714835e-01 	 9.489668e-01 	 7.609557e-01 	 7.085689e-01 
1.012400e-01 	 2.999970e+04 	 1.668316e+00 	 1.665416e+00 	 1.659461e+00 	 1.649574e+00 	 1.633772e+00 	 1.610158e+00 	 1.572423e+00 	 1.313511e+00 	 1.226488e+00 
1.016400e-01 	 3.039970e+04 	 1.272543e+00 	 1.272139e+00 	 1.268059e+00 	 1.259901e+00 	 1.245182e+00 	 1.227104e+00 	 1.197853e+00 	 9.864493e-01 	 9.214917e-01 
1.020400e-01 	 3.079970e+04 	 2.135716e+00 	 2.132208e+00 	 2.126021e+00 	 2.111854e+00 	 2.091066e+00 	 2.062758e+00 	 2.013074e+00 	 1.714480e+00 	 1.604902e+00 
1.024400e-01 	 3.119970e+04 	 3.810712e+00 	 3.803949e+00 	 3.789120e+00 	 3.768597e+00 	 3.734624e+00 	 3.680938e+00 	 3.590065e+00 	 3.140495e+00 	 2.942248e+00 
1.028400e-01 	 3.159970e+04 	 1.442080e+00 	 1.439465e+00 	 1.435276e+00 	 1.426807e+00 	 1.412806e+00 	 1.392179e+00 	 1.358182e+00 	 1.148100e+00 	 1.073484e+00 
1.032400e-01 	 3.199970e+04 	 1.190847e+00 	 1.189131e+00 	 1.186187e+00 	 1.180132e+00 	 1.170969e+00 	 1.155241e+00 	 1.129561e+00 	 9.532573e-01 	 8.893048e-01 
1.036400e-01 	 3.239970e+04 	 1.013845e+00 	 1.012511e+00 	 1.009086e+00 	 1.003811e+00 	 9.940091e-01 	 9.797155e-01 	 9.558287e-01 	 8.008922e-01 	 7.493576e-01 
1.040400e-01 	 3.279970e+04 	 1.305202e+00 	 1.303653e+00 	 1.299774e+00 	 1.293935e+00 	 1.283010e+00 	 1.265685e+00 	 1.235878e+00 	 1.053551e+00 	 9.842676e-01 
1.044400e-01 	 3.319970e+04 	 1.381156e+00 	 1.379612e+00 	 1.377648e+00 	 1.370257e+00 	 1.358912e+00 	 1.340610e+00 	 1.308550e+00 	 1.116693e+00 	 1.043235e+00 
1.048400e-01 	 3.359970e+04 	 1.237325e+00 	 1.236255e+00 	 1.232788e+00 	 1.226432e+00 	 1.215166e+00 	 1.197753e+00 	 1.168219e+00 	 9.958423e-01 	 9.321967e-01 
1.052400e-01 	 3.399970e+04 	 4.046077e+00 	 4.037436e+00 	 4.035320e+00 	 4.015897e+00 	 3.989922e+00 	 3.938396e+00 	 3.845532e+00 	 3.412364e+00 	 3.197261e+00 
1.056400e-01 	 3.439970e+04 	 1.776405e+00 	 1.778636e+00 	 1.776754e+00 	 1.766192e+00 	 1.749252e+00 	 1.726450e+00 	 1.684883e+00 	 1.460094e+00 	 1.369422e+00 
1.060400e-01 	 3.479970e+04 	 2.207134e+00 	 2.206367e+00 	 2.202699e+00 	 2.193783e+00 	 2.175565e+00 	 2.144514e+00 	 2.097019e+00 	 1.835050e+00 	 1.721465e+00 
1.063200e-01 	 3.507970e+04 	 1.135493e+01 	 1.136150e+01 	 1.134282e+01 	 1.131664e+01 	 1.125808e+01 	 1.111962e+01 	 1.086032e+01 	 9.827687e+00 	 9.217483e+00 
1.063800e-01 	 3.513970e+04 	 1.473270e+01 	 1.473883e+01 	 1.474713e+01 	 1.471507e+01 	 1.463191e+01 	 1.446267e+01 	 1.412672e+01 	 1.282476e+01 	 1.208265e+01 
1.064200e-01 	 3.517970e+04 	 1.660264e+01 	 1.661845e+01 	 1.661890e+01 	 1.658278e+01 	 1.650810e+01 	 1.630355e+01 	 1.592048e+01 	 1.446410e+01 	 1.362070e+01 
1.064400e-01 	 3.519970e+04 	 1.498440e+01 	 1.496513e+01 	 1.499452e+01 	 1.494234e+01 	 1.486745e+01 	 1.466978e+01 	 1.435375e+01 	 1.302810e+01 	 1.228201e+01 
1.064800e-01 	 3.523970e+04 	 7.737538e+00 	 7.735426e+00 	 7.731600e+00 	 7.710901e+00 	 7.654510e+00 	 7.566119e+00 	 7.385666e+00 	 6.633292e+00 	 6.233605e+00 
1.065400e-01 	 3.529970e+04 	 1.155656e+01 	 1.155549e+01 	 1.155966e+01 	 1.153096e+01 	 1.145620e+01 	 1.132105e+01 	 1.105564e+01 	 9.992700e+00 	 9.417944e+00 
1.066600e-01 	 3.541970e+04 	 1.379598e+01 	 1.380441e+01 	 1.379380e+01 	 1.376174e+01 	 1.366892e+01 	 1.350338e+01 	 1.319519e+01 	 1.196748e+01 	 1.123838e+01 
1.067200e-01 	 3.547970e+04 	 1.549560e+01 	 1.550004e+01 	 1.550401e+01 	 1.545088e+01 	 1.538871e+01 	 1.517755e+01 	 1.486188e+01 	 1.343432e+01 	 1.266137e+01 
1.067600e-01 	 3.551970e+04 	 2.472112e+01 	 2.472231e+01 	 2.479159e+01 	 2.464154e+01 	 2.449210e+01 	 2.419685e+01 	 2.363797e+01 	 2.146674e+01 	 2.020120e+01 
1.067800e-01 	 3.553970e+04 	 2.704687e+01 	 2.708346e+01 	 2.708301e+01 	 2.702958e+01 	 2.684872e+01 	 2.649321e+01 	 2.589965e+01 	 2.355186e+01 	 2.221262e+01 
1.068200e-01 	 3.557970e+04 	 1.555791e+01 	 1.556404e+01 	 1.555088e+01 	 1.549614e+01 	 1.542496e+01 	 1.522221e+01 	 1.485705e+01 	 1.345729e+01 	 1.266686e+01 
1.068400e-01 	 3.559970e+04 	 7.938233e+00 	 7.931300e+00 	 7.928523e+00 	 7.911601e+00 	 7.870747e+00 	 7.779121e+00 	 7.606411e+00 	 6.843549e+00 	 6.414354e+00 
1.072400e-01 	 3.599970e+04 	 1.238285e+00 	 1.238074e+00 	 1.236404e+00 	 1.229976e+00 	 1.220972e+00 	 1.203946e+00 	 1.176226e+00 	 1.009045e+00 	 9.459607e-01 
1.076400e-01 	 3.639970e+04 	 1.275218e+00 	 1.274057e+00 	 1.272157e+00 	 1.267768e+00 	 1.257739e+00 	 1.240876e+00 	 1.210643e+00 	 1.041966e+00 	 9.767457e-01 
1.080400e-01 	 3.679970e+04 	 1.930302e+00 	 1.929491e+00 	 1.927402e+00 	 1.919235e+00 	 1.904788e+00 	 1.880487e+00 	 1.834583e+00 	 1.602046e+00 	 1.503526e+00 
1.084400e-01 	 3.719970e+04 	 1.147922e+00 	 1.146441e+00 	 1.143598e+00 	 1.139045e+00 	 1.131944e+00 	 1.118377e+00 	 1.093154e+00 	 9.453311e-01 	 8.832536e-01 
1.088400e-01 	 3.759970e+04 	 2.420447e+00 	 2.432377e+00 	 2.418633e+00 	 2.413631e+00 	 2.396807e+00 	 2.366703e+00 	 2.309900e+00 	 2.038754e+00 	 1.914018e+00 
1.092400e-01 	 3.799970e+04 	 2.372483e+01 	 2.372473e+01 	 2.373979e+01 	 2.368113e+01 	 2.353722e+01 	 2.324523e+01 	 2.271569e+01 	 2.066005e+01 	 1.944725e+01 
1.092400e-01 	 3.799970e+04 	 2.371304e+01 	 2.371674e+01 	 2.372599e+01 	 2.367246e+01 	 2.352314e+01 	 2.323375e+01 	 2.270479e+01 	 2.066152e+01 	 1.944364e+01 
1.096400e-01 	 3.839970e+04 	 6.955921e+00 	 6.960006e+00 	 6.960461e+00 	 6.949781e+00 	 6.910145e+00 	 6.830583e+00 	 6.680082e+00 	 6.013705e+00 	 5.647216e+00 
1.100400e-01 	 3.879970e+04 	 4.112426e+00 	 4.112219e+00 	 4.105402e+00 	 4.095331e+00 	 4.068777e+00 	 4.020941e+00 	 3.937813e+00 	 3.504599e+00 	 3.279898e+00 
1.104400e-01 	 3.919970e+04 	 3.118404e+00 	 3.120373e+00 	 3.117148e+00 	 3.102577e+00 	 3.086575e+00 	 3.048729e+00 	 2.977163e+00 	 2.640882e+00 	 2.470563e+00 
1.108400e-01 	 3.959970e+04 	 2.656980e+00 	 2.666192e+00 	 2.647880e+00 	 2.641370e+00 	 2.627905e+00 	 2.596515e+00 	 2.526075e+00 	 2.225336e+00 	 2.089573e+00 
1.112400e-01 	 3.999970e+04 	 1.887103e+00 	 1.887595e+00 	 1.885146e+00 	 1.879125e+00 	 1.866373e+00 	 1.843949e+00 	 1.800083e+00 	 1.567240e+00 	 1.470452e+00 
1.116400e-01 	 4.039970e+04 	 2.675063e+00 	 2.683717e+00 	 2.674376e+00 	 2.667652e+00 	 2.649791e+00 	 2.619206e+00 	 2.558692e+00 	 2.239029e+00 	 2.101007e+00 
1.120400e-01 	 4.079970e+04 	 1.804285e+00 	 1.803920e+00 	 1.802811e+00 	 1.796116e+00 	 1.783329e+00 	 1.760457e+00 	 1.717127e+00 	 1.490941e+00 	 1.405075e+00 
1.124400e-01 	 4.119970e+04 	 2.003421e+00 	 2.002101e+00 	 1.998535e+00 	 1.991700e+00 	 1.977424e+00 	 1.953305e+00 	 1.902450e+00 	 1.648363e+00 	 1.541838e+00 
1.128400e-01 	 4.159970e+04 	 2.976968e+00 	 2.977075e+00 	 2.975580e+00 	 2.965549e+00 	 2.945578e+00 	 2.909276e+00 	 2.834229e+00 	 2.477743e+00 	 2.323781e+00 
1.132400e-01 	 4.199970e+04 	 1.394654e+00 	 1.393708e+00 	 1.390937e+00 	 1.384797e+00 	 1.373565e+00 	 1.354437e+00 	 1.317692e+00 	 1.123698e+00 	 1.055130e+00 
1.136400e-01 	 4.239970e+04 	 2.109276e+00 	 2.109007e+00 	 2.106354e+00 	 2.098826e+00 	 2.082124e+00 	 2.054989e+00 	 1.997192e+00 	 1.723525e+00 	 1.613591e+00 
1.140400e-01 	 4.279970e+04 	 9.728082e+00 	 9.727480e+00 	 9.735154e+00 	 9.732558e+00 	 9.657503e+00 	 9.533911e+00 	 9.301800e+00 	 8.221790e+00 	 7.714725e+00 
1.144400e-01 	 4.319970e+04 	 6.030458e+00 	 6.033897e+00 	 6.031799e+00 	 6.006695e+00 	 5.968329e+00 	 5.892776e+00 	 5.736847e+00 	 5.040551e+00 	 4.728770e+00 
1.148400e-01 	 4.359970e+04 	 7.279182e+00 	 7.282746e+00 	 7.286588e+00 	 7.251825e+00 	 7.208518e+00 	 7.102650e+00 	 6.910045e+00 	 6.079719e+00 	 5.698611e+00 
1.148800e-01 	 4.363970e+04 	 1.903790e+01 	 1.892414e+01 	 1.905271e+01 	 1.885493e+01 	 1.889105e+01 	 1.866856e+01 	 1.813269e+01 	 1.600199e+01 	 1.500716e+01 
1.152400e-01 	 4.399970e+04 	 6.245819e+00 	 6.245894e+00 	 6.197885e+00 	 6.183545e+00 	 6.148622e+00 	 6.082688e+00 	 5.909594e+00 	 5.184673e+00 	 4.855756e+00 
1.156400e-01 	 4.439970e+04 	 3.433063e+00 	 3.432661e+00 	 3.427312e+00 	 3.416218e+00 	 3.395433e+00 	 3.353675e+00 	 3.260819e+00 	 2.825888e+00 	 2.640651e+00 
1.160400e-01 	 4.479970e+04 	 1.954025e+00 	 1.953385e+00 	 1.946175e+00 	 1.939529e+00 	 1.921445e+00 	 1.892115e+00 	 1.827899e+00 	 1.533116e+00 	 1.431057e+00 
1.164400e-01 	 4.519970e+04 	 2.977911e+00 	 2.976574e+00 	 2.972003e+00 	 2.961990e+00 	 2.941301e+00 	 2.896875e+00 	 2.781918e+00 	 2.379050e+00 	 2.230926e+00 
1.168400e-01 	 4.559970e+04 	 1.288157e+00 	 1.286636e+00 	 1.283177e+00 	 1.275619e+00 	 1.262789e+00 	 1.242211e+00 	 1.196683e+00 	 9.930125e-01 	 9.258575e-01 
1.172400e-01 	 4.599970e+04 	 1.278771e+00 	 1.277435e+00 	 1.274400e+00 	 1.267224e+00 	 1.254236e+00 	 1.233622e+00 	 1.188543e+00 	 9.834830e-01 	 9.172816e-01 
1.176400e-01 	 4.639970e+04 	 1.271268e+00 	 1.270554e+00 	 1.267285e+00 	 1.259947e+00 	 1.246489e+00 	 1.226340e+00 	 1.180160e+00 	 9.737479e-01 	 9.091693e-01 
1.180400e-01 	 4.679970e+04 	 2.058774e+00 	 2.057625e+00 	 2.055277e+00 	 2.042223e+00 	 2.026018e+00 	 1.995348e+00 	 1.924159e+00 	 1.615555e+00 	 1.510700e+00 
1.184400e-01 	 4.719970e+04 	 2.103448e+00 	 2.103655e+00 	 2.109052e+00 	 2.086889e+00 	 2.066002e+00 	 2.032668e+00 	 1.959935e+00 	 1.642833e+00 	 1.536005e+00 
1.188400e-01 	 4.759970e+04 	 1.148609e+01 	 1.148717e+01 	 1.148863e+01 	 1.145665e+01 	 1.137245e+01 	 1.121747e+01 	 1.086690e+01 	 9.455349e+00 	 8.861582e+00 
1.190800e-01 	 4.783970e+04 	 1.963724e+01 	 1.966760e+01 	 1.967407e+01 	 1.964257e+01 	 1.951516e+01 	 1.925865e+01 	 1.867860e+01 	 1.634763e+01 	 1.533245e+01 
1.191000e-01 	 4.785970e+04 	 2.171020e+01 	 2.172657e+01 	 2.171968e+01 	 2.166934e+01 	 2.154214e+01 	 2.124855e+01 	 2.056697e+01 	 1.785763e+01 	 1.673625e+01 
1.192400e-01 	 4.799970e+04 	 7.533689e+00 	 7.539330e+00 	 7.523576e+00 	 7.506734e+00 	 7.453029e+00 	 7.350746e+00 	 7.120227e+00 	 6.139211e+00 	 5.740685e+00 
1.194600e-01 	 4.821970e+04 	 1.976041e+01 	 1.978002e+01 	 1.976163e+01 	 1.973852e+01 	 1.959783e+01 	 1.932240e+01 	 1.873873e+01 	 1.638380e+01 	 1.536242e+01 
1.196400e-01 	 4.839970e+04 	 1.231461e+01 	 1.231369e+01 	 1.230563e+01 	 1.227193e+01 	 1.220425e+01 	 1.205584e+01 	 1.170623e+01 	 1.018545e+01 	 9.529664e+00 
1.200400e-01 	 4.879970e+04 	 1.502684e+01 	 1.502415e+01 	 1.501729e+01 	 1.497613e+01 	 1.486814e+01 	 1.467149e+01 	 1.422447e+01 	 1.236822e+01 	 1.161121e+01 
1.202200e-01 	 4.897970e+04 	 4.352812e+01 	 4.348825e+01 	 4.351494e+01 	 4.343555e+01 	 4.317796e+01 	 4.265778e+01 	 4.139918e+01 	 3.616403e+01 	 3.384502e+01 
1.203000e-01 	 4.905970e+04 	 2.983882e+01 	 2.986749e+01 	 2.985595e+01 	 2.976248e+01 	 2.957705e+01 	 2.918498e+01 	 2.827476e+01 	 2.470904e+01 	 2.317966e+01 
1.204400e-01 	 4.919970e+04 	 3.741664e+01 	 3.747511e+01 	 3.747836e+01 	 3.742256e+01 	 3.717401e+01 	 3.668754e+01 	 3.556700e+01 	 3.103227e+01 	 2.916872e+01 
1.207000e-01 	 4.945970e+04 	 1.588400e+02 	 1.587898e+02 	 1.585645e+02 	 1.580991e+02 	 1.572510e+02 	 1.549810e+02 	 1.500341e+02 	 1.308751e+02 	 1.223777e+02 
1.207200e-01 	 4.947970e+04 	 6.996492e+01 	 7.003531e+01 	 7.004159e+01 	 6.985687e+01 	 6.939927e+01 	 6.839110e+01 	 6.621241e+01 	 5.776539e+01 	 5.423640e+01 
1.207400e-01 	 4.949970e+04 	 2.413684e+01 	 2.416106e+01 	 2.415592e+01 	 2.409018e+01 	 2.393927e+01 	 2.359784e+01 	 2.286742e+01 	 1.994050e+01 	 1.873885e+01 
1.208400e-01 	 4.959970e+04 	 1.041187e+01 	 1.042103e+01 	 1.042132e+01 	 1.038318e+01 	 1.028962e+01 	 1.015984e+01 	 9.805556e+00 	 8.457885e+00 	 7.923060e+00 
1.212400e-01 	 4.999970e+04 	 1.765461e+00 	 1.763119e+00 	 1.758262e+00 	 1.746276e+00 	 1.729056e+00 	 1.700097e+00 	 1.625247e+00 	 1.329974e+00 	 1.237970e+00 
1.216400e-01 	 5.039970e+04 	 1.465836e+00 	 1.464509e+00 	 1.459932e+00 	 1.451279e+00 	 1.434498e+00 	 1.409409e+00 	 1.346235e+00 	 1.087877e+00 	 1.015686e+00 
1.220400e-01 	 5.079970e+04 	 1.315365e+00 	 1.313974e+00 	 1.309347e+00 	 1.300918e+00 	 1.283880e+00 	 1.260964e+00 	 1.197336e+00 	 9.579641e-01 	 8.898590e-01 
1.224400e-01 	 5.119970e+04 	 1.226270e+00 	 1.225663e+00 	 1.221095e+00 	 1.211844e+00 	 1.197284e+00 	 1.174496e+00 	 1.112417e+00 	 8.809654e-01 	 8.190885e-01 
1.228400e-01 	 5.159970e+04 	 1.325807e+00 	 1.322431e+00 	 1.318338e+00 	 1.309285e+00 	 1.293669e+00 	 1.269192e+00 	 1.202408e+00 	 9.571544e-01 	 8.888608e-01 
1.232400e-01 	 5.199970e+04 	 1.987245e+00 	 1.987938e+00 	 1.983379e+00 	 1.969504e+00 	 1.948030e+00 	 1.914460e+00 	 1.824017e+00 	 1.481728e+00 	 1.379136e+00 
1.236400e-01 	 5.239970e+04 	 1.808779e+00 	 1.808071e+00 	 1.804091e+00 	 1.793656e+00 	 1.774669e+00 	 1.743514e+00 	 1.670626e+00 	 1.351173e+00 	 1.258065e+00 
1.240400e-01 	 5.279970e+04 	 3.601806e+00 	 3.597444e+00 	 3.596269e+00 	 3.576468e+00 	 3.549344e+00 	 3.492710e+00 	 3.354449e+00 	 2.788004e+00 	 2.605576e+00 
1.241600e-01 	 5.291970e+04 	 2.418431e+01 	 2.422441e+01 	 2.421767e+01 	 2.414097e+01 	 2.394618e+01 	 2.360011e+01 	 2.277308e+01 	 1.961715e+01 	 1.837724e+01 
1.241800e-01 	 5.293970e+04 	 2.609373e+01 	 2.609384e+01 	 2.608020e+01 	 2.600077e+01 	 2.578217e+01 	 2.540688e+01 	 2.454500e+01 	 2.116771e+01 	 1.981272e+01 
1.242000e-01 	 5.295970e+04 	 1.997660e+01 	 2.000164e+01 	 1.988733e+01 	 1.983786e+01 	 1.973659e+01 	 1.940229e+01 	 1.876251e+01 	 1.616627e+01 	 1.515019e+01 
1.244400e-01 	 5.319970e+04 	 2.803787e+00 	 2.806715e+00 	 2.795460e+00 	 2.781558e+00 	 2.749425e+00 	 2.705310e+00 	 2.592432e+00 	 2.140677e+00 	 1.995979e+00 
1.248400e-01 	 5.359970e+04 	 2.294320e+00 	 2.293685e+00 	 2.284853e+00 	 2.273265e+00 	 2.248870e+00 	 2.210520e+00 	 2.114502e+00 	 1.725471e+00 	 1.602630e+00 
1.252400e-01 	 5.399970e+04 	 9.795017e+00 	 9.811124e+00 	 9.796690e+00 	 9.781063e+00 	 9.691889e+00 	 9.548311e+00 	 9.231885e+00 	 7.887632e+00 	 7.357259e+00 
1.255200e-01 	 5.427971e+04 	 2.277241e+01 	 2.296584e+01 	 2.291603e+01 	 2.280209e+01 	 2.249303e+01 	 2.210231e+01 	 2.135629e+01 	 1.836038e+01 	 1.720419e+01 
1.255600e-01 	 5.431970e+04 	 2.421032e+01 	 2.423113e+01 	 2.419416e+01 	 2.404378e+01 	 2.385400e+01 	 2.348780e+01 	 2.267788e+01 	 1.949350e+01 	 1.827070e+01 
1.256000e-01 	 5.435970e+04 	 3.045331e+01 	 3.041998e+01 	 3.048200e+01 	 3.039304e+01 	 3.015410e+01 	 2.972490e+01 	 2.872863e+01 	 2.479772e+01 	 2.318785e+01 
1.256200e-01 	 5.437969e+04 	 2.817867e+01 	 2.822558e+01 	 2.820688e+01 	 2.801057e+01 	 2.784590e+01 	 2.743388e+01 	 2.649117e+01 	 2.279945e+01 	 2.133235e+01 
1.256400e-01 	 5.439970e+04 	 2.455114e+01 	 2.454801e+01 	 2.450321e+01 	 2.443151e+01 	 2.423267e+01 	 2.384953e+01 	 2.306535e+01 	 1.990010e+01 	 1.864216e+01 
1.256600e-01 	 5.441970e+04 	 2.145436e+01 	 2.147533e+01 	 2.140964e+01 	 2.136959e+01 	 2.119638e+01 	 2.085103e+01 	 2.015576e+01 	 1.736059e+01 	 1.623913e+01 
1.260400e-01 	 5.479970e+04 	 7.400712e+00 	 7.404299e+00 	 7.390361e+00 	 7.357117e+00 	 7.287163e+00 	 7.177243e+00 	 6.915414e+00 	 5.843870e+00 	 5.457137e+00 
1.264400e-01 	 5.519970e+04 	 6.441253e+00 	 6.445253e+00 	 6.423796e+00 	 6.390168e+00 	 6.350044e+00 	 6.256719e+00 	 6.036550e+00 	 5.087935e+00 	 4.733704e+00 
1.268400e-01 	 5.559970e+04 	 7.366712e+00 	 7.371130e+00 	 7.352615e+00 	 7.320474e+00 	 7.254176e+00 	 7.143619e+00 	 6.882752e+00 	 5.817566e+00 	 5.414393e+00 
1.272400e-01 	 5.599970e+04 	 7.103677e+00 	 7.105373e+00 	 7.111943e+00 	 7.064884e+00 	 6.997517e+00 	 6.884657e+00 	 6.612004e+00 	 5.557842e+00 	 5.174204e+00 
1.276400e-01 	 5.639970e+04 	 6.108251e+00 	 6.107953e+00 	 6.095413e+00 	 6.065599e+00 	 6.011091e+00 	 5.912350e+00 	 5.676997e+00 	 4.737926e+00 	 4.424239e+00 
1.280400e-01 	 5.679970e+04 	 8.255390e+00 	 8.263362e+00 	 8.241909e+00 	 8.190084e+00 	 8.110505e+00 	 7.971198e+00 	 7.648776e+00 	 6.388386e+00 	 5.975301e+00 
1.284400e-01 	 5.719970e+04 	 6.666962e+00 	 6.660564e+00 	 6.652615e+00 	 6.616331e+00 	 6.543162e+00 	 6.430240e+00 	 6.140563e+00 	 5.113252e+00 	 4.753832e+00 
1.288400e-01 	 5.759970e+04 	 3.937597e+00 	 3.942012e+00 	 3.933570e+00 	 3.910661e+00 	 3.864478e+00 	 3.786410e+00 	 3.598124e+00 	 2.919824e+00 	 2.719526e+00 
1.292400e-01 	 5.799970e+04 	 3.673879e+00 	 3.671095e+00 	 3.664647e+00 	 3.644157e+00 	 3.602985e+00 	 3.536533e+00 	 3.347536e+00 	 2.692039e+00 	 2.495481e+00 
1.296400e-01 	 5.839970e+04 	 3.451346e+00 	 3.446764e+00 	 3.436917e+00 	 3.387453e+00 	 3.343918e+00 	 3.278239e+00 	 3.083176e+00 	 2.459445e+00 	 2.284619e+00 
1.300400e-01 	 5.879970e+04 	 2.595075e+00 	 2.595714e+00 	 2.556399e+00 	 2.538342e+00 	 2.500231e+00 	 2.469467e+00 	 2.295772e+00 	 1.785981e+00 	 1.651898e+00 
1.304400e-01 	 5.919970e+04 	 2.305504e+00 	 2.305928e+00 	 2.298360e+00 	 2.279654e+00 	 2.242248e+00 	 2.196302e+00 	 2.049781e+00 	 1.589770e+00 	 1.471637e+00 
1.308400e-01 	 5.959970e+04 	 2.303628e+00 	 2.311122e+00 	 2.301029e+00 	 2.271752e+00 	 2.245388e+00 	 2.191594e+00 	 2.036825e+00 	 1.576518e+00 	 1.460317e+00 
1.312400e-01 	 5.999970e+04 	 3.025944e+00 	 3.026274e+00 	 3.014839e+00 	 3.160343e+00 	 2.953966e+00 	 3.038931e+00 	 2.805370e+00 	 2.126743e+00 	 1.964881e+00 
1.316400e-01 	 6.039970e+04 	 2.561593e+00 	 2.565687e+00 	 2.553453e+00 	 2.536102e+00 	 2.500482e+00 	 2.449728e+00 	 2.264216e+00 	 1.756561e+00 	 1.621608e+00 
1.320400e-01 	 6.079970e+04 	 2.383426e+00 	 2.380868e+00 	 2.365863e+00 	 2.346552e+00 	 2.310666e+00 	 2.259423e+00 	 2.078049e+00 	 1.600929e+00 	 1.481002e+00 
1.324400e-01 	 6.119970e+04 	 1.379998e+00 	 1.291312e+00 	 1.369673e+00 	 1.353849e+00 	 1.254092e+00 	 1.225304e+00 	 1.117063e+00 	 8.194382e-01 	 7.544224e-01 
1.328400e-01 	 6.159970e+04 	 1.535311e+00 	 1.533148e+00 	 1.525898e+00 	 1.511770e+00 	 1.491821e+00 	 1.460033e+00 	 1.344036e+00 	 1.003157e+00 	 9.262265e-01 
1.332400e-01 	 6.199970e+04 	 1.337218e+00 	 1.335115e+00 	 1.328633e+00 	 1.315133e+00 	 1.294263e+00 	 1.264124e+00 	 1.161162e+00 	 8.567432e-01 	 7.877401e-01 
1.336400e-01 	 6.239970e+04 	 1.701835e+00 	 1.701141e+00 	 1.692798e+00 	 1.680999e+00 	 1.653922e+00 	 1.620979e+00 	 1.505060e+00 	 1.141070e+00 	 1.053222e+00 
1.340400e-01 	 6.279970e+04 	 2.199569e+00 	 2.186010e+00 	 2.176829e+00 	 2.161183e+00 	 2.137836e+00 	 2.091403e+00 	 1.953558e+00 	 1.511102e+00 	 1.392195e+00 
1.344400e-01 	 6.319970e+04 	 2.436584e+00 	 2.435734e+00 	 2.426001e+00 	 2.402621e+00 	 2.373020e+00 	 2.324278e+00 	 2.189970e+00 	 1.709163e+00 	 1.580049e+00 
1.348400e-01 	 6.359970e+04 	 5.864685e+00 	 5.855174e+00 	 5.839354e+00 	 5.802595e+00 	 5.735615e+00 	 5.623108e+00 	 5.370785e+00 	 4.386885e+00 	 4.080251e+00 
1.352400e-01 	 6.399970e+04 	 3.333000e+00 	 3.326565e+00 	 3.309828e+00 	 3.285835e+00 	 3.242251e+00 	 3.178838e+00 	 3.006374e+00 	 2.382095e+00 	 2.197670e+00 
1.356400e-01 	 6.439970e+04 	 4.831471e+00 	 4.825599e+00 	 4.808515e+00 	 4.776516e+00 	 4.711303e+00 	 4.620705e+00 	 4.387581e+00 	 3.514676e+00 	 3.255521e+00 
1.360400e-01 	 6.479970e+04 	 1.669502e+00 	 1.669899e+00 	 1.661534e+00 	 1.646362e+00 	 1.621399e+00 	 1.585793e+00 	 1.479911e+00 	 1.111247e+00 	 1.020623e+00 
1.364400e-01 	 6.519970e+04 	 1.451491e+00 	 1.449612e+00 	 1.442127e+00 	 1.427983e+00 	 1.403014e+00 	 1.371555e+00 	 1.281153e+00 	 9.448528e-01 	 8.697893e-01 
1.368400e-01 	 6.559970e+04 	 1.541057e+00 	 1.536617e+00 	 1.528304e+00 	 1.514986e+00 	 1.489267e+00 	 1.456605e+00 	 1.349746e+00 	 9.960420e-01 	 9.130212e-01 
1.372400e-01 	 6.599970e+04 	 1.246173e+01 	 1.244458e+01 	 1.238186e+01 	 1.231926e+01 	 1.216968e+01 	 1.194120e+01 	 1.130417e+01 	 9.207792e+00 	 8.524094e+00 
1.375800e-01 	 6.633970e+04 	 4.690443e+01 	 4.704128e+01 	 4.678506e+01 	 4.658679e+01 	 4.604467e+01 	 4.519451e+01 	 4.311500e+01 	 3.572648e+01 	 3.323995e+01 
1.376000e-01 	 6.635970e+04 	 3.209521e+01 	 3.207584e+01 	 3.203717e+01 	 3.187962e+01 	 3.151642e+01 	 3.096730e+01 	 2.940542e+01 	 2.422497e+01 	 2.255592e+01 
1.376400e-01 	 6.639970e+04 	 6.968494e+00 	 6.948558e+00 	 6.930253e+00 	 6.862912e+00 	 6.773854e+00 	 6.643801e+00 	 6.238932e+00 	 4.980965e+00 	 4.599488e+00 
1.380400e-01 	 6.679970e+04 	 1.360170e+00 	 1.356917e+00 	 1.349745e+00 	 1.336913e+00 	 1.313779e+00 	 1.282181e+00 	 1.169379e+00 	 8.378199e-01 	 7.645663e-01 
1.384400e-01 	 6.719970e+04 	 2.422109e+00 	 2.294905e+00 	 2.398592e+00 	 2.377817e+00 	 2.331543e+00 	 2.170503e+00 	 2.004175e+00 	 1.504149e+00 	 1.370719e+00 
1.388400e-01 	 6.759970e+04 	 1.311048e+00 	 1.307930e+00 	 1.301703e+00 	 1.286805e+00 	 1.265316e+00 	 1.234375e+00 	 1.124809e+00 	 7.965238e-01 	 7.234764e-01 
1.392400e-01 	 6.799970e+04 	 1.846686e+00 	 1.667494e+00 	 1.830184e+00 	 1.807496e+00 	 1.766690e+00 	 1.576706e+00 	 1.532079e+00 	 1.043474e+00 	 9.483013e-01 
1.396400e-01 	 6.839970e+04 	 1.580422e+00 	 1.577337e+00 	 1.576794e+00 	 1.559396e+00 	 1.532908e+00 	 1.494522e+00 	 1.357643e+00 	 9.703539e-01 	 8.836114e-01 
1.400400e-01 	 6.879970e+04 	 2.059077e+00 	 2.057565e+00 	 2.047356e+00 	 2.027954e+00 	 1.992458e+00 	 1.947891e+00 	 1.770171e+00 	 1.289946e+00 	 1.178674e+00 
1.404400e-01 	 6.919970e+04 	 4.837223e+00 	 4.827434e+00 	 4.819321e+00 	 4.777840e+00 	 4.706947e+00 	 4.602105e+00 	 4.225189e+00 	 3.228462e+00 	 2.977643e+00 
1.406800e-01 	 6.943970e+04 	 1.756359e+01 	 1.753521e+01 	 1.745629e+01 	 1.733228e+01 	 1.714390e+01 	 1.676923e+01 	 1.569581e+01 	 1.266855e+01 	 1.171728e+01 
1.407400e-01 	 6.949970e+04 	 2.475433e+01 	 2.482941e+01 	 2.479450e+01 	 2.463273e+01 	 2.434297e+01 	 2.383368e+01 	 2.234884e+01 	 1.815729e+01 	 1.684957e+01 
1.407800e-01 	 6.953970e+04 	 4.005346e+01 	 4.002683e+01 	 3.991710e+01 	 3.970415e+01 	 3.927423e+01 	 3.850681e+01 	 3.628862e+01 	 2.971887e+01 	 2.763200e+01 
1.408200e-01 	 6.957970e+04 	 1.768754e+01 	 1.766928e+01 	 1.760750e+01 	 1.749529e+01 	 1.725611e+01 	 1.691745e+01 	 1.573341e+01 	 1.264279e+01 	 1.170111e+01 
1.408400e-01 	 6.959970e+04 	 2.042292e+01 	 2.037384e+01 	 2.031059e+01 	 2.014383e+01 	 1.987206e+01 	 1.948369e+01 	 1.812989e+01 	 1.456837e+01 	 1.349997e+01 
1.408800e-01 	 6.963970e+04 	 3.837835e+00 	 3.829143e+00 	 3.804029e+00 	 3.766619e+00 	 3.705444e+00 	 3.618527e+00 	 3.285045e+00 	 2.475244e+00 	 2.272374e+00 
1.409200e-01 	 6.967970e+04 	 1.203913e+01 	 1.203477e+01 	 1.200110e+01 	 1.193093e+01 	 1.178181e+01 	 1.154817e+01 	 1.073461e+01 	 8.547786e+00 	 7.913778e+00 
1.409400e-01 	 6.969970e+04 	 1.766344e+01 	 1.772818e+01 	 1.762095e+01 	 1.790094e+01 	 1.726878e+01 	 1.716526e+01 	 1.571032e+01 	 1.264085e+01 	 1.166048e+01 
1.412400e-01 	 6.999970e+04 	 5.203491e+00 	 5.194966e+00 	 5.168885e+00 	 5.122952e+00 	 5.039718e+00 	 4.920213e+00 	 4.470362e+00 	 3.401519e+00 	 3.133614e+00 
1.416400e-01 	 7.039970e+04 	 5.732158e+00 	 5.752123e+00 	 5.725226e+00 	 5.673515e+00 	 5.562272e+00 	 5.448153e+00 	 4.936796e+00 	 3.783504e+00 	 3.478343e+00 
1.420400e-01 	 7.079970e+04 	 4.972502e+00 	 4.968723e+00 	 4.950680e+00 	 4.907557e+00 	 4.835129e+00 	 4.720846e+00 	 4.281679e+00 	 3.240005e+00 	 2.983664e+00 
1.424400e-01 	 7.119970e+04 	 4.265494e+00 	 4.258660e+00 	 4.233447e+00 	 4.194322e+00 	 4.125888e+00 	 4.028115e+00 	 3.604162e+00 	 2.701796e+00 	 2.474864e+00 
1.428400e-01 	 7.159970e+04 	 3.892268e+00 	 3.882325e+00 	 3.860412e+00 	 3.822527e+00 	 3.757789e+00 	 3.666930e+00 	 3.283544e+00 	 2.450984e+00 	 2.243247e+00 
1.432400e-01 	 7.199970e+04 	 5.606978e+00 	 5.600837e+00 	 5.579480e+00 	 5.529516e+00 	 5.441108e+00 	 5.315804e+00 	 4.834273e+00 	 3.697607e+00 	 3.402772e+00 
1.435000e-01 	 7.225970e+04 	 1.672799e+01 	 1.672045e+01 	 1.667286e+01 	 1.654498e+01 	 1.635080e+01 	 1.600055e+01 	 1.489583e+01 	 1.186830e+01 	 1.099429e+01 
1.435600e-01 	 7.231970e+04 	 4.213935e+01 	 4.214115e+01 	 4.206236e+01 	 4.186276e+01 	 4.125833e+01 	 4.048936e+01 	 3.799920e+01 	 3.095890e+01 	 2.873585e+01 
1.435800e-01 	 7.233970e+04 	 2.092846e+01 	 2.089189e+01 	 2.084728e+01 	 2.070579e+01 	 2.039828e+01 	 1.997318e+01 	 1.860289e+01 	 1.499793e+01 	 1.390860e+01 
1.436000e-01 	 7.235970e+04 	 3.741736e+00 	 3.735408e+00 	 3.724068e+00 	 3.686636e+00 	 3.631237e+00 	 3.552542e+00 	 3.220136e+00 	 2.409318e+00 	 2.206009e+00 
1.436400e-01 	 7.239970e+04 	 2.304609e+00 	 2.297181e+00 	 2.286044e+00 	 2.261381e+00 	 2.223062e+00 	 2.168172e+00 	 1.943694e+00 	 1.397474e+00 	 1.278739e+00 
1.436800e-01 	 7.243970e+04 	 2.352314e+01 	 2.356683e+01 	 2.352612e+01 	 2.338219e+01 	 2.311106e+01 	 2.263747e+01 	 2.114683e+01 	 1.706004e+01 	 1.580822e+01 
1.437000e-01 	 7.245970e+04 	 2.146389e+01 	 2.149899e+01 	 2.145307e+01 	 2.129985e+01 	 2.104556e+01 	 2.065209e+01 	 1.925826e+01 	 1.553469e+01 	 1.440858e+01 
1.440400e-01 	 7.279970e+04 	 3.401054e+00 	 3.403431e+00 	 3.391996e+00 	 3.363886e+00 	 3.303561e+00 	 3.246986e+00 	 2.962385e+00 	 2.201310e+00 	 2.013761e+00 
1.444400e-01 	 7.319970e+04 	 1.884166e+00 	 1.894805e+00 	 1.871967e+00 	 1.849129e+00 	 1.816021e+00 	 1.776211e+00 	 1.586988e+00 	 1.121195e+00 	 1.023441e+00 
1.448400e-01 	 7.359970e+04 	 1.563341e+00 	 1.560928e+00 	 1.555677e+00 	 1.538993e+00 	 1.508396e+00 	 1.470015e+00 	 1.320373e+00 	 9.232320e-01 	 8.413828e-01 
1.452400e-01 	 7.399970e+04 	 1.666472e+00 	 1.663421e+00 	 1.657620e+00 	 1.641200e+00 	 1.612438e+00 	 1.574472e+00 	 1.414489e+00 	 9.889801e-01 	 9.002982e-01 
1.456400e-01 	 7.439970e+04 	 2.085286e+00 	 2.107420e+00 	 2.083931e+00 	 2.050498e+00 	 2.013016e+00 	 1.963733e+00 	 1.754104e+00 	 1.241127e+00 	 1.129925e+00 
1.460400e-01 	 7.479970e+04 	 1.311861e+00 	 1.308506e+00 	 1.300403e+00 	 1.284886e+00 	 1.262006e+00 	 1.227600e+00 	 1.070407e+00 	 7.125002e-01 	 6.452638e-01 
1.464400e-01 	 7.519970e+04 	 1.312409e+00 	 1.309957e+00 	 1.300514e+00 	 1.284928e+00 	 1.260867e+00 	 1.225954e+00 	 1.041674e+00 	 6.837713e-01 	 6.142057e-01 
1.468400e-01 	 7.559970e+04 	 1.305824e+00 	 1.302623e+00 	 1.294429e+00 	 1.276247e+00 	 1.246848e+00 	 1.205141e+00 	 9.859287e-01 	 6.217178e-01 	 5.580266e-01 
1.472400e-01 	 7.599970e+04 	 1.300255e+00 	 1.296788e+00 	 1.287651e+00 	 1.271529e+00 	 1.246609e+00 	 1.211803e+00 	 1.011652e+00 	 6.477696e-01 	 5.823746e-01 
1.476400e-01 	 7.639970e+04 	 1.321769e+00 	 1.319299e+00 	 1.310205e+00 	 1.294520e+00 	 1.270304e+00 	 1.235144e+00 	 1.024419e+00 	 6.499871e-01 	 5.834177e-01 
1.480400e-01 	 7.679970e+04 	 1.695901e+00 	 1.691090e+00 	 1.679890e+00 	 1.660220e+00 	 1.627362e+00 	 1.582199e+00 	 1.340004e+00 	 8.798783e-01 	 7.907596e-01 
1.484400e-01 	 7.719970e+04 	 1.241568e+00 	 1.239111e+00 	 1.229743e+00 	 1.214879e+00 	 1.191231e+00 	 1.156664e+00 	 9.767796e-01 	 6.183469e-01 	 5.543714e-01 
1.488400e-01 	 7.759970e+04 	 1.813146e+00 	 1.813000e+00 	 1.804576e+00 	 1.785393e+00 	 1.751691e+00 	 1.705221e+00 	 1.464587e+00 	 9.615209e-01 	 8.666750e-01 
1.492400e-01 	 7.799970e+04 	 8.674443e+00 	 8.698602e+00 	 8.644837e+00 	 8.544247e+00 	 8.413288e+00 	 8.187844e+00 	 7.360775e+00 	 5.574863e+00 	 5.100839e+00 
1.496400e-01 	 7.839970e+04 	 1.389403e+01 	 1.384007e+01 	 1.376796e+01 	 1.362613e+01 	 1.340589e+01 	 1.305702e+01 	 1.193465e+01 	 9.249866e+00 	 8.516745e+00 
1.500400e-01 	 7.879970e+04 	 1.241955e+01 	 1.238080e+01 	 1.231204e+01 	 1.219001e+01 	 1.199544e+01 	 1.167794e+01 	 1.067468e+01 	 8.210499e+00 	 7.527860e+00 
1.504400e-01 	 7.919970e+04 	 9.428292e+00 	 9.412490e+00 	 9.360968e+00 	 9.266361e+00 	 9.106406e+00 	 8.877856e+00 	 7.993315e+00 	 6.014425e+00 	 5.497009e+00 
1.508400e-01 	 7.959970e+04 	 9.124290e+00 	 9.126017e+00 	 9.062997e+00 	 8.995471e+00 	 8.834242e+00 	 8.607727e+00 	 7.776556e+00 	 5.844832e+00 	 5.368449e+00 
1.512400e-01 	 7.999970e+04 	 1.765111e+00 	 1.763105e+00 	 1.754816e+00 	 1.738551e+00 	 1.704532e+00 	 1.658496e+00 	 1.421418e+00 	 9.260139e-01 	 8.280951e-01 
1.516400e-01 	 8.039970e+04 	 1.209789e+00 	 1.207040e+00 	 1.198491e+00 	 1.183181e+00 	 1.159440e+00 	 1.126495e+00 	 9.473869e-01 	 5.881560e-01 	 5.228847e-01 
1.520400e-01 	 8.079970e+04 	 2.404390e+00 	 2.397916e+00 	 2.380593e+00 	 2.350337e+00 	 2.306189e+00 	 2.240113e+00 	 1.925896e+00 	 1.295995e+00 	 1.168351e+00 
1.524400e-01 	 8.119970e+04 	 1.555115e+00 	 1.550831e+00 	 1.539792e+00 	 1.519486e+00 	 1.487529e+00 	 1.444419e+00 	 1.216016e+00 	 7.722162e-01 	 6.927065e-01 
1.528400e-01 	 8.159970e+04 	 1.121149e+00 	 1.104267e+00 	 1.109773e+00 	 1.095245e+00 	 1.070762e+00 	 1.038814e+00 	 8.512260e-01 	 5.180636e-01 	 4.598094e-01 
1.532400e-01 	 8.199970e+04 	 1.093796e+00 	 1.090740e+00 	 1.083600e+00 	 1.069811e+00 	 1.048595e+00 	 1.019668e+00 	 8.475645e-01 	 5.167962e-01 	 4.596639e-01 
1.536400e-01 	 8.239970e+04 	 1.352059e+00 	 1.349121e+00 	 1.339791e+00 	 1.322054e+00 	 1.295329e+00 	 1.258415e+00 	 1.049572e+00 	 6.584633e-01 	 5.872334e-01 
1.540400e-01 	 8.279970e+04 	 1.290752e+00 	 1.287586e+00 	 1.277641e+00 	 1.261597e+00 	 1.237399e+00 	 1.201712e+00 	 1.005493e+00 	 6.298288e-01 	 5.621363e-01 
1.544400e-01 	 8.319970e+04 	 1.213646e+00 	 1.210496e+00 	 1.202137e+00 	 1.187241e+00 	 1.162832e+00 	 1.129665e+00 	 9.496501e-01 	 5.913997e-01 	 5.292391e-01 
1.548400e-01 	 8.359970e+04 	 1.102336e+00 	 1.100657e+00 	 1.094048e+00 	 1.081184e+00 	 1.061136e+00 	 1.032196e+00 	 8.729404e-01 	 5.383010e-01 	 4.804620e-01 
1.552400e-01 	 8.399970e+04 	 1.099927e+00 	 1.094772e+00 	 1.091105e+00 	 1.076852e+00 	 1.056304e+00 	 1.027035e+00 	 8.696916e-01 	 5.373175e-01 	 4.789812e-01 
1.556400e-01 	 8.439970e+04 	 1.391645e+00 	 1.388038e+00 	 1.377327e+00 	 1.359126e+00 	 1.332754e+00 	 1.296253e+00 	 1.091958e+00 	 6.914738e-01 	 6.200975e-01 
1.560400e-01 	 8.479970e+04 	 1.194251e+00 	 1.191134e+00 	 1.183203e+00 	 1.156301e+00 	 1.143394e+00 	 1.110966e+00 	 9.277857e-01 	 5.755550e-01 	 5.152146e-01 
1.564400e-01 	 8.519970e+04 	 1.378479e+00 	 1.373923e+00 	 1.363561e+00 	 1.346357e+00 	 1.318977e+00 	 1.280941e+00 	 1.077660e+00 	 6.816536e-01 	 6.098482e-01 
1.568400e-01 	 8.559970e+04 	 1.080801e+00 	 1.077299e+00 	 1.067900e+00 	 1.054353e+00 	 1.029017e+00 	 1.001685e+00 	 8.417455e-01 	 5.152635e-01 	 4.604657e-01 
1.572400e-01 	 8.599970e+04 	 1.147983e+00 	 1.144499e+00 	 1.136874e+00 	 1.121516e+00 	 1.100249e+00 	 1.069565e+00 	 8.974705e-01 	 5.519753e-01 	 4.940519e-01 
1.576400e-01 	 8.639970e+04 	 1.483317e+00 	 1.471998e+00 	 1.466497e+00 	 1.442015e+00 	 1.412302e+00 	 1.371440e+00 	 1.149466e+00 	 7.301276e-01 	 6.521255e-01 
1.580400e-01 	 8.679970e+04 	 1.091998e+00 	 1.091791e+00 	 1.085257e+00 	 1.073931e+00 	 1.054265e+00 	 1.025626e+00 	 8.576349e-01 	 5.210169e-01 	 4.640843e-01 
1.584400e-01 	 8.719970e+04 	 1.117274e+00 	 1.113359e+00 	 1.105578e+00 	 1.090717e+00 	 1.068032e+00 	 1.036507e+00 	 8.631365e-01 	 5.249590e-01 	 4.677390e-01 
1.588400e-01 	 8.759970e+04 	 1.452674e+00 	 1.442388e+00 	 1.432295e+00 	 1.412293e+00 	 1.384141e+00 	 1.345135e+00 	 1.116147e+00 	 6.983433e-01 	 6.214348e-01 
1.592400e-01 	 8.799970e+04 	 1.076476e+00 	 1.073583e+00 	 1.066082e+00 	 1.053517e+00 	 1.030997e+00 	 1.000898e+00 	 8.282840e-01 	 4.972544e-01 	 4.411682e-01 
1.596400e-01 	 8.839970e+04 	 1.142805e+00 	 1.140920e+00 	 1.132892e+00 	 1.118250e+00 	 1.096485e+00 	 1.064846e+00 	 8.775124e-01 	 5.273094e-01 	 4.677307e-01 
1.600400e-01 	 8.879970e+04 	 1.163981e+00 	 1.160150e+00 	 1.150942e+00 	 1.136777e+00 	 1.112505e+00 	 1.079671e+00 	 8.852503e-01 	 5.312004e-01 	 4.707766e-01 
1.604400e-01 	 8.919970e+04 	 1.036366e+00 	 1.033795e+00 	 1.025837e+00 	 1.013204e+00 	 9.918739e-01 	 9.623906e-01 	 7.854624e-01 	 4.627546e-01 	 4.086738e-01 
1.608400e-01 	 8.959970e+04 	 1.531657e+00 	 1.529858e+00 	 1.520429e+00 	 1.501901e+00 	 1.473783e+00 	 1.430242e+00 	 1.186492e+00 	 7.283218e-01 	 6.488959e-01 
1.612400e-01 	 8.999970e+04 	 1.062365e+00 	 1.061238e+00 	 1.053854e+00 	 1.043393e+00 	 1.019330e+00 	 9.921139e-01 	 7.998572e-01 	 4.654380e-01 	 4.094823e-01 
1.616400e-01 	 9.039970e+04 	 1.049961e+00 	 1.048046e+00 	 1.040987e+00 	 1.027753e+00 	 1.006212e+00 	 9.780159e-01 	 7.826895e-01 	 4.518828e-01 	 3.962969e-01 
1.620400e-01 	 9.079970e+04 	 2.094227e+00 	 2.095105e+00 	 2.078563e+00 	 2.054752e+00 	 2.010893e+00 	 1.954799e+00 	 1.590910e+00 	 9.994194e-01 	 8.847568e-01 
1.624400e-01 	 9.119970e+04 	 1.554358e+00 	 1.550779e+00 	 1.538575e+00 	 1.517527e+00 	 1.485054e+00 	 1.441356e+00 	 1.165481e+00 	 7.049982e-01 	 6.226018e-01 
1.628400e-01 	 9.159970e+04 	 1.021105e+00 	 1.018468e+00 	 1.009874e+00 	 9.977200e-01 	 9.770085e-01 	 9.480638e-01 	 7.664044e-01 	 4.328343e-01 	 3.803251e-01 
1.632400e-01 	 9.199970e+04 	 1.021588e+00 	 1.017218e+00 	 1.009167e+00 	 9.948589e-01 	 9.727375e-01 	 9.432070e-01 	 7.582247e-01 	 4.280553e-01 	 3.756439e-01 
1.636400e-01 	 9.239970e+04 	 1.269682e+00 	 1.265305e+00 	 1.254863e+00 	 1.236079e+00 	 1.207443e+00 	 1.169739e+00 	 9.322098e-01 	 5.394969e-01 	 4.717917e-01 
1.640400e-01 	 9.279970e+04 	 1.604509e+00 	 1.601213e+00 	 1.592361e+00 	 1.573382e+00 	 1.537165e+00 	 1.489763e+00 	 1.208974e+00 	 7.112184e-01 	 6.292915e-01 
1.644400e-01 	 9.319970e+04 	 1.335008e+00 	 1.330853e+00 	 1.319245e+00 	 1.302148e+00 	 1.269007e+00 	 1.229710e+00 	 9.952086e-01 	 5.732165e-01 	 5.039100e-01 
1.648400e-01 	 9.359970e+04 	 1.359757e+00 	 1.357375e+00 	 1.348326e+00 	 1.330139e+00 	 1.300390e+00 	 1.260203e+00 	 1.014638e+00 	 5.835240e-01 	 5.116863e-01 
1.652400e-01 	 9.399970e+04 	 1.031675e+00 	 1.027905e+00 	 1.020211e+00 	 1.006608e+00 	 9.859884e-01 	 9.542221e-01 	 7.464668e-01 	 4.056246e-01 	 3.513998e-01 
1.656400e-01 	 9.439970e+04 	 1.015518e+00 	 1.013126e+00 	 1.004159e+00 	 9.890377e-01 	 9.688799e-01 	 9.406585e-01 	 7.335114e-01 	 3.940553e-01 	 3.423187e-01 
1.660400e-01 	 9.479970e+04 	 1.181930e+00 	 1.177237e+00 	 1.167553e+00 	 1.150186e+00 	 1.124539e+00 	 1.087811e+00 	 8.165032e-01 	 4.470828e-01 	 3.861344e-01 
1.664400e-01 	 9.519970e+04 	 1.169378e+00 	 1.165600e+00 	 1.155687e+00 	 1.140714e+00 	 1.114271e+00 	 1.079284e+00 	 8.056681e-01 	 4.333235e-01 	 3.758038e-01 
1.668400e-01 	 9.559970e+04 	 1.498821e+00 	 1.493511e+00 	 1.480107e+00 	 1.459327e+00 	 1.425970e+00 	 1.381619e+00 	 1.024018e+00 	 5.698290e-01 	 4.941731e-01 
1.672400e-01 	 9.599970e+04 	 1.073266e+00 	 1.067564e+00 	 1.060080e+00 	 1.045790e+00 	 1.023834e+00 	 9.916687e-01 	 7.110564e-01 	 3.692090e-01 	 3.176390e-01 
1.676400e-01 	 9.639970e+04 	 1.132298e+00 	 1.127442e+00 	 1.117603e+00 	 1.101160e+00 	 1.074846e+00 	 1.039832e+00 	 7.145048e-01 	 3.739347e-01 	 3.192781e-01 
1.680400e-01 	 9.679970e+04 	 1.952061e+00 	 1.945813e+00 	 1.928442e+00 	 1.900007e+00 	 1.858308e+00 	 1.798819e+00 	 1.271653e+00 	 7.204862e-01 	 6.260995e-01 
1.684400e-01 	 9.719970e+04 	 1.989507e+00 	 1.982634e+00 	 1.943362e+00 	 1.936173e+00 	 1.893598e+00 	 1.832060e+00 	 1.295668e+00 	 7.259796e-01 	 6.287483e-01 
1.688400e-01 	 9.759970e+04 	 1.773754e+00 	 1.767288e+00 	 1.751184e+00 	 1.726037e+00 	 1.687652e+00 	 1.633766e+00 	 1.111121e+00 	 6.173461e-01 	 5.318918e-01 
1.692400e-01 	 9.799970e+04 	 1.281411e+00 	 1.279721e+00 	 1.269876e+00 	 1.255476e+00 	 1.226689e+00 	 1.188289e+00 	 8.138048e-01 	 4.250767e-01 	 3.653038e-01 
1.696400e-01 	 9.839970e+04 	 1.333722e+00 	 1.329308e+00 	 1.317514e+00 	 1.300512e+00 	 1.270693e+00 	 1.231146e+00 	 8.094320e-01 	 4.251858e-01 	 3.629043e-01 
1.700400e-01 	 9.879970e+04 	 1.211004e+00 	 1.207264e+00 	 1.196087e+00 	 1.179663e+00 	 1.153003e+00 	 1.116522e+00 	 7.353836e-01 	 3.797399e-01 	 3.237990e-01 
1.704400e-01 	 9.919970e+04 	 1.043114e+00 	 1.039409e+00 	 1.032853e+00 	 1.017988e+00 	 9.956663e-01 	 9.662546e-01 	 6.376804e-01 	 3.217116e-01 	 2.743601e-01 
1.708400e-01 	 9.959970e+04 	 1.104069e+00 	 1.100176e+00 	 1.089741e+00 	 1.074631e+00 	 1.050095e+00 	 1.016357e+00 	 6.686542e-01 	 3.405816e-01 	 2.903969e-01 
1.712400e-01 	 9.999970e+04 	 1.061229e+00 	 1.058206e+00 	 1.048709e+00 	 1.033188e+00 	 1.009183e+00 	 9.786269e-01 	 6.469546e-01 	 3.233001e-01 	 2.711885e-01 
1.716400e-01 	 1.003997e+05 	 1.067492e+00 	 1.063602e+00 	 1.059568e+00 	 1.046564e+00 	 1.027797e+00 	 9.967521e-01 	 6.525784e-01 	 3.271836e-01 	 2.787514e-01 
1.720400e-01 	 1.007997e+05 	 1.375052e+00 	 1.371053e+00 	 1.359254e+00 	 1.339199e+00 	 1.310615e+00 	 1.269283e+00 	 8.261992e-01 	 4.315985e-01 	 3.684218e-01 
1.724400e-01 	 1.011997e+05 	 1.141382e+00 	 1.136535e+00 	 1.129015e+00 	 1.113610e+00 	 1.089847e+00 	 1.055947e+00 	 6.898139e-01 	 3.496348e-01 	 2.978062e-01 
1.728400e-01 	 1.015997e+05 	 1.237687e+00 	 1.234407e+00 	 1.224060e+00 	 1.208466e+00 	 1.182187e+00 	 1.144912e+00 	 7.432497e-01 	 3.771131e-01 	 3.212175e-01 
1.732400e-01 	 1.019997e+05 	 1.309487e+00 	 1.305313e+00 	 1.293489e+00 	 1.276131e+00 	 1.249137e+00 	 1.211040e+00 	 7.874105e-01 	 4.077565e-01 	 3.471259e-01 
1.736400e-01 	 1.023997e+05 	 1.086814e+00 	 1.081857e+00 	 1.072871e+00 	 1.059138e+00 	 1.034073e+00 	 1.002982e+00 	 6.555857e-01 	 3.310002e-01 	 2.815842e-01 
1.740400e-01 	 1.027997e+05 	 1.019365e+00 	 1.015327e+00 	 1.008609e+00 	 9.984079e-01 	 9.792529e-01 	 9.478690e-01 	 6.196320e-01 	 3.078414e-01 	 2.616476e-01 
1.744400e-01 	 1.031997e+05 	 1.078561e+00 	 1.073554e+00 	 1.065256e+00 	 1.049775e+00 	 1.025102e+00 	 9.936484e-01 	 6.505906e-01 	 3.245725e-01 	 2.755756e-01 
1.748400e-01 	 1.035997e+05 	 1.781929e+00 	 1.774582e+00 	 1.759723e+00 	 1.733359e+00 	 1.694349e+00 	 1.638678e+00 	 1.102555e+00 	 5.968768e-01 	 5.149773e-01 
1.752400e-01 	 1.039997e+05 	 1.152704e+00 	 1.148002e+00 	 1.138322e+00 	 1.122021e+00 	 1.096210e+00 	 1.060455e+00 	 7.232853e-01 	 3.674595e-01 	 3.134827e-01 
1.756400e-01 	 1.043997e+05 	 1.216525e+00 	 1.215443e+00 	 1.207518e+00 	 1.190063e+00 	 1.164099e+00 	 1.128466e+00 	 7.640314e-01 	 3.916712e-01 	 3.340666e-01 
1.758400e-01 	 1.045997e+05 	 1.204146e+01 	 1.198783e+01 	 1.191117e+01 	 1.175871e+01 	 1.148534e+01 	 1.114606e+01 	 8.495631e+00 	 5.775397e+00 	 5.157021e+00 
1.758600e-01 	 1.046197e+05 	 1.236398e+01 	 1.230944e+01 	 1.220347e+01 	 1.202452e+01 	 1.178034e+01 	 1.140314e+01 	 8.830738e+00 	 6.093621e+00 	 5.453412e+00 
1.758800e-01 	 1.046397e+05 	 1.008059e+01 	 1.008066e+01 	 1.002214e+01 	 9.892865e+00 	 9.669530e+00 	 9.375815e+00 	 7.077507e+00 	 4.754442e+00 	 4.234927e+00 
1.760400e-01 	 1.047997e+05 	 6.123507e+00 	 6.098383e+00 	 6.048921e+00 	 5.965597e+00 	 5.830856e+00 	 5.641449e+00 	 4.217527e+00 	 2.713512e+00 	 2.409312e+00 
1.764400e-01 	 1.051997e+05 	 9.993951e-01 	 9.953471e-01 	 9.857494e-01 	 9.730517e-01 	 9.515805e-01 	 9.226840e-01 	 6.467471e-01 	 3.208464e-01 	 2.731364e-01 
1.768400e-01 	 1.055997e+05 	 9.760889e-01 	 9.708618e-01 	 9.623949e-01 	 9.480963e-01 	 9.265726e-01 	 8.978944e-01 	 6.302790e-01 	 3.144599e-01 	 2.659191e-01 
1.772400e-01 	 1.059997e+05 	 1.024222e+00 	 1.016957e+00 	 1.006459e+00 	 9.923948e-01 	 9.681429e-01 	 9.371661e-01 	 6.778377e-01 	 3.404893e-01 	 2.894045e-01 
1.776400e-01 	 1.063997e+05 	 1.616840e+00 	 1.608649e+00 	 1.591475e+00 	 1.569761e+00 	 1.530751e+00 	 1.482287e+00 	 1.097089e+00 	 5.949685e-01 	 5.119579e-01 
1.780400e-01 	 1.067997e+05 	 2.126930e+00 	 2.122694e+00 	 2.090368e+00 	 2.060821e+00 	 2.018947e+00 	 1.947211e+00 	 1.484271e+00 	 8.334899e-01 	 7.234131e-01 
1.784400e-01 	 1.071997e+05 	 9.653258e-01 	 9.580177e-01 	 9.481078e-01 	 9.353029e-01 	 9.118806e-01 	 8.831977e-01 	 6.624983e-01 	 3.281056e-01 	 2.808238e-01 
1.788400e-01 	 1.075997e+05 	 3.910062e+00 	 3.882925e+00 	 3.842517e+00 	 3.782226e+00 	 3.687998e+00 	 3.569620e+00 	 2.789665e+00 	 1.702581e+00 	 1.484822e+00 
1.792400e-01 	 1.079997e+05 	 9.544244e-01 	 9.466605e-01 	 9.353396e-01 	 9.207038e-01 	 8.997684e-01 	 8.708251e-01 	 6.513470e-01 	 3.220988e-01 	 2.739091e-01 
1.796400e-01 	 1.083997e+05 	 1.115659e+00 	 1.107108e+00 	 1.093994e+00 	 1.076622e+00 	 1.050116e+00 	 1.016479e+00 	 7.580061e-01 	 3.870906e-01 	 3.292637e-01 
1.800400e-01 	 1.087997e+05 	 1.147241e+00 	 1.146371e+00 	 1.132832e+00 	 1.111576e+00 	 1.085546e+00 	 1.052939e+00 	 8.123540e-01 	 4.077030e-01 	 3.492815e-01 
1.804400e-01 	 1.091997e+05 	 1.162616e+00 	 1.150944e+00 	 1.135419e+00 	 1.118299e+00 	 1.090542e+00 	 1.056605e+00 	 8.429797e-01 	 4.345996e-01 	 3.754294e-01 
1.807800e-01 	 1.095397e+05 	 1.959222e+01 	 1.943580e+01 	 1.923142e+01 	 1.886561e+01 	 1.850476e+01 	 1.797938e+01 	 1.585428e+01 	 1.151271e+01 	 1.034244e+01 
1.808000e-01 	 1.095597e+05 	 1.341047e+01 	 1.331393e+01 	 1.317692e+01 	 1.299102e+01 	 1.271387e+01 	 1.234915e+01 	 1.087553e+01 	 7.693457e+00 	 6.958726e+00 
1.808200e-01 	 1.095797e+05 	 9.055123e+00 	 8.984240e+00 	 8.893579e+00 	 8.768935e+00 	 8.572983e+00 	 8.336465e+00 	 7.211437e+00 	 4.955243e+00 	 4.457213e+00 
1.808400e-01 	 1.095997e+05 	 5.193670e+00 	 5.152528e+00 	 5.086825e+00 	 5.004664e+00 	 4.892847e+00 	 4.745454e+00 	 4.063612e+00 	 2.618648e+00 	 2.333461e+00 
1.812400e-01 	 1.099997e+05 	 1.085962e+00 	 1.072913e+00 	 1.057014e+00 	 1.036380e+00 	 1.011311e+00 	 9.806546e-01 	 8.372180e-01 	 4.462186e-01 	 3.867997e-01 
1.816400e-01 	 1.103997e+05 	 2.919872e+00 	 2.887287e+00 	 2.848963e+00 	 2.805158e+00 	 2.738126e+00 	 2.662066e+00 	 2.372683e+00 	 1.461461e+00 	 1.302965e+00 
1.820400e-01 	 1.107997e+05 	 2.182140e+00 	 2.151674e+00 	 2.115685e+00 	 2.081304e+00 	 2.030601e+00 	 1.970499e+00 	 1.836235e+00 	 1.163317e+00 	 1.040308e+00 
1.824400e-01 	 1.111997e+05 	 8.972110e-01 	 8.822883e-01 	 8.648610e-01 	 8.522923e-01 	 8.316631e-01 	 8.100706e-01 	 7.701195e-01 	 4.613370e-01 	 4.097913e-01 
1.828400e-01 	 1.115997e+05 	 1.035371e+00 	 1.019669e+00 	 1.000500e+00 	 9.832118e-01 	 9.575420e-01 	 9.349436e-01 	 8.855681e-01 	 5.396162e-01 	 4.836794e-01 
1.832400e-01 	 1.119997e+05 	 8.913332e-01 	 8.743067e-01 	 8.567665e-01 	 8.414168e-01 	 8.214719e-01 	 7.983176e-01 	 7.509460e-01 	 4.410296e-01 	 3.909069e-01 
1.836400e-01 	 1.123997e+05 	 1.178083e+00 	 1.210828e+00 	 1.187819e+00 	 1.118048e+00 	 1.141165e+00 	 1.066318e+00 	 1.051629e+00 	 6.466613e-01 	 5.666493e-01 
1.840400e-01 	 1.127997e+05 	 1.592073e+00 	 1.565064e+00 	 1.536719e+00 	 1.508664e+00 	 1.473750e+00 	 1.434256e+00 	 1.349113e+00 	 8.446414e-01 	 7.574016e-01 
1.844400e-01 	 1.131997e+05 	 9.944753e-01 	 9.752597e-01 	 9.586042e-01 	 9.428201e-01 	 9.193570e-01 	 8.953417e-01 	 8.423951e-01 	 4.911314e-01 	 4.360796e-01 
1.848400e-01 	 1.135997e+05 	 1.111174e+00 	 1.092692e+00 	 1.072643e+00 	 1.056249e+00 	 1.029368e+00 	 1.004097e+00 	 9.394891e-01 	 5.532810e-01 	 4.903204e-01 
1.849200e-01 	 1.136797e+05 	 1.170189e+01 	 1.051330e+01 	 1.135715e+01 	 1.027470e+01 	 1.092678e+01 	 1.057408e+01 	 9.942056e+00 	 7.118602e+00 	 6.346333e+00 
1.849400e-01 	 1.136997e+05 	 4.515155e+02 	 4.515408e+02 	 4.489347e+02 	 4.437792e+02 	 4.351297e+02 	 4.264543e+02 	 4.085132e+02 	 3.277658e+02 	 3.039985e+02 
1.849600e-01 	 1.137197e+05 	 2.373458e+01 	 2.351941e+01 	 2.325250e+01 	 2.290105e+01 	 2.245001e+01 	 2.186627e+01 	 2.076192e+01 	 1.610523e+01 	 1.476555e+01 
1.849800e-01 	 1.137397e+05 	 1.840601e+01 	 1.827846e+01 	 1.803918e+01 	 1.781287e+01 	 1.747688e+01 	 1.705672e+01 	 1.621933e+01 	 1.232982e+01 	 1.126737e+01 
1.852400e-01 	 1.139997e+05 	 1.296412e+01 	 1.280729e+01 	 1.266750e+01 	 1.253092e+01 	 1.223734e+01 	 1.190437e+01 	 1.120384e+01 	 8.344549e+00 	 7.617110e+00 
1.852400e-01 	 1.139997e+05 	 1.300023e+01 	 1.288776e+01 	 1.270869e+01 	 1.253354e+01 	 1.228178e+01 	 1.197315e+01 	 1.125193e+01 	 8.350288e+00 	 7.612670e+00 
1.853800e-01 	 1.141397e+05 	 8.773968e+00 	 8.659862e+00 	 8.563871e+00 	 8.434612e+00 	 8.248903e+00 	 8.003803e+00 	 7.485460e+00 	 5.358603e+00 	 4.855188e+00 
1.854800e-01 	 1.142397e+05 	 1.139589e+01 	 1.125439e+01 	 1.105211e+01 	 1.082051e+01 	 1.062690e+01 	 1.029887e+01 	 9.487053e+00 	 6.582810e+00 	 6.005402e+00 
1.856400e-01 	 1.143997e+05 	 2.915337e+01 	 2.891158e+01 	 2.860767e+01 	 2.803158e+01 	 2.767735e+01 	 2.688024e+01 	 2.540161e+01 	 1.934612e+01 	 1.772199e+01 
1.856400e-01 	 1.143997e+05 	 2.933736e+01 	 2.901991e+01 	 2.871536e+01 	 2.804539e+01 	 2.752889e+01 	 2.682607e+01 	 2.527874e+01 	 1.933658e+01 	 1.771622e+01 
1.856600e-01 	 1.144197e+05 	 9.148259e+00 	 9.043794e+00 	 8.917120e+00 	 8.785873e+00 	 8.595662e+00 	 8.351479e+00 	 7.826026e+00 	 5.609185e+00 	 5.071866e+00 
1.856800e-01 	 1.144397e+05 	 2.166079e+01 	 2.144613e+01 	 2.110890e+01 	 2.088502e+01 	 2.047674e+01 	 1.995973e+01 	 1.868027e+01 	 1.402522e+01 	 1.283128e+01 
1.857000e-01 	 1.144597e+05 	 1.545818e+01 	 1.529508e+01 	 1.510901e+01 	 1.491754e+01 	 1.457157e+01 	 1.414264e+01 	 1.320728e+01 	 9.760632e+00 	 8.878962e+00 
1.857200e-01 	 1.144797e+05 	 1.126570e+01 	 1.116937e+01 	 1.103291e+01 	 1.085033e+01 	 1.063035e+01 	 1.036136e+01 	 9.679282e+00 	 6.992592e+00 	 6.356700e+00 
1.859000e-01 	 1.146597e+05 	 1.196402e+01 	 1.181762e+01 	 1.164556e+01 	 1.146226e+01 	 1.119362e+01 	 1.084880e+01 	 1.000511e+01 	 7.175234e+00 	 6.507487e+00 
1.860400e-01 	 1.147997e+05 	 4.607797e+00 	 4.553206e+00 	 4.485165e+00 	 4.427781e+00 	 4.322315e+00 	 4.216110e+00 	 3.820338e+00 	 2.511688e+00 	 2.248010e+00 
1.862000e-01 	 1.149597e+05 	 1.434221e+01 	 1.422108e+01 	 1.405548e+01 	 1.383989e+01 	 1.352407e+01 	 1.316732e+01 	 1.214370e+01 	 8.776865e+00 	 7.992015e+00 
1.864400e-01 	 1.151997e+05 	 3.915258e+00 	 3.863626e+00 	 3.807839e+00 	 3.740595e+00 	 3.650144e+00 	 3.546822e+00 	 3.170086e+00 	 2.014112e+00 	 1.793818e+00 
1.868400e-01 	 1.155997e+05 	 1.214168e+00 	 1.196422e+00 	 1.176847e+00 	 1.154629e+00 	 1.125558e+00 	 1.091309e+00 	 9.327150e-01 	 4.980544e-01 	 4.313633e-01 
1.872400e-01 	 1.159997e+05 	 9.737761e-01 	 9.634400e-01 	 9.455673e-01 	 9.292072e-01 	 9.047016e-01 	 8.771427e-01 	 7.374448e-01 	 3.739569e-01 	 3.207698e-01 
1.876400e-01 	 1.163997e+05 	 1.326526e+00 	 1.308279e+00 	 1.286487e+00 	 1.264005e+00 	 1.232491e+00 	 1.193988e+00 	 9.873144e-01 	 5.162757e-01 	 4.458111e-01 
1.880400e-01 	 1.167997e+05 	 1.163261e+00 	 1.149835e+00 	 1.132108e+00 	 1.111357e+00 	 1.083658e+00 	 1.048173e+00 	 8.415301e-01 	 4.188920e-01 	 3.598639e-01 
1.881600e-01 	 1.169197e+05 	 2.016939e+01 	 2.017058e+01 	 1.979660e+01 	 1.959015e+01 	 1.915395e+01 	 1.848755e+01 	 1.595280e+01 	 1.108936e+01 	 9.954904e+00 
1.881800e-01 	 1.169397e+05 	 2.988372e+01 	 2.959771e+01 	 2.932541e+01 	 2.880966e+01 	 2.805185e+01 	 2.724493e+01 	 2.319277e+01 	 1.622852e+01 	 1.465908e+01 
1.882400e-01 	 1.169997e+05 	 1.631361e+01 	 1.619032e+01 	 1.600970e+01 	 1.578414e+01 	 1.541450e+01 	 1.495342e+01 	 1.265519e+01 	 8.795785e+00 	 7.893621e+00 
1.882800e-01 	 1.170397e+05 	 9.911660e+01 	 9.788989e+01 	 9.759804e+01 	 9.572017e+01 	 9.437574e+01 	 9.163637e+01 	 8.144388e+01 	 6.091644e+01 	 5.528861e+01 
1.883000e-01 	 1.170597e+05 	 1.633750e+01 	 1.621653e+01 	 1.604018e+01 	 1.581406e+01 	 1.548247e+01 	 1.502533e+01 	 1.269037e+01 	 8.765575e+00 	 7.873732e+00 
1.884400e-01 	 1.171997e+05 	 1.115888e+01 	 1.107827e+01 	 1.094336e+01 	 1.077088e+01 	 1.051617e+01 	 1.019419e+01 	 8.396732e+00 	 5.632148e+00 	 5.028186e+00 
1.884400e-01 	 1.171997e+05 	 1.116157e+01 	 1.110499e+01 	 1.099285e+01 	 1.084106e+01 	 1.060653e+01 	 1.032053e+01 	 8.493391e+00 	 5.656236e+00 	 5.044133e+00 
1.886600e-01 	 1.174197e+05 	 8.595606e+00 	 8.524763e+00 	 8.434649e+00 	 8.299293e+00 	 8.079039e+00 	 7.820391e+00 	 6.232960e+00 	 4.030311e+00 	 3.573122e+00 
1.887000e-01 	 1.174597e+05 	 1.062227e+01 	 1.055830e+01 	 1.045574e+01 	 1.023840e+01 	 9.977432e+00 	 9.678164e+00 	 7.844474e+00 	 5.173793e+00 	 4.595569e+00 
1.888400e-01 	 1.175997e+05 	 1.388697e+01 	 1.379882e+01 	 1.362553e+01 	 1.343015e+01 	 1.313735e+01 	 1.272077e+01 	 1.029629e+01 	 6.955695e+00 	 6.201122e+00 
1.888600e-01 	 1.176197e+05 	 1.449176e+01 	 1.427789e+01 	 1.409685e+01 	 1.387463e+01 	 1.356485e+01 	 1.307584e+01 	 1.059947e+01 	 7.104728e+00 	 6.342458e+00 
1.890200e-01 	 1.177797e+05 	 1.064623e+01 	 1.055842e+01 	 1.042576e+01 	 1.025885e+01 	 9.983964e+00 	 9.673695e+00 	 7.643199e+00 	 4.936078e+00 	 4.391251e+00 
1.892400e-01 	 1.179997e+05 	 1.107346e+01 	 1.098508e+01 	 1.085770e+01 	 1.068031e+01 	 1.064123e+01 	 1.001819e+01 	 7.673438e+00 	 4.954811e+00 	 4.375465e+00 
1.893800e-01 	 1.181397e+05 	 8.367068e+00 	 8.320335e+00 	 8.229910e+00 	 8.098949e+00 	 7.914995e+00 	 7.664049e+00 	 5.896455e+00 	 3.693672e+00 	 3.229568e+00 
1.896400e-01 	 1.183997e+05 	 6.610388e+00 	 6.562866e+00 	 6.474580e+00 	 6.375593e+00 	 6.122715e+00 	 5.989885e+00 	 4.419127e+00 	 2.647458e+00 	 2.295228e+00 
1.900400e-01 	 1.187997e+05 	 5.650010e+00 	 5.620988e+00 	 5.551545e+00 	 5.473751e+00 	 5.350470e+00 	 5.180631e+00 	 3.674573e+00 	 2.141029e+00 	 1.842114e+00 
1.904400e-01 	 1.191997e+05 	 5.350429e+00 	 5.308830e+00 	 5.246001e+00 	 5.160242e+00 	 5.035385e+00 	 4.868447e+00 	 3.450425e+00 	 2.002598e+00 	 1.740914e+00 
1.908400e-01 	 1.195997e+05 	 3.820326e+01 	 3.799464e+01 	 3.765569e+01 	 3.709608e+01 	 3.621345e+01 	 3.495903e+01 	 2.690806e+01 	 1.820186e+01 	 1.613101e+01 
1.908400e-01 	 1.195997e+05 	 3.805387e+01 	 3.797824e+01 	 3.750178e+01 	 3.703753e+01 	 3.608208e+01 	 3.492984e+01 	 2.687445e+01 	 1.817623e+01 	 1.611141e+01 
1.908600e-01 	 1.196197e+05 	 2.421539e+01 	 2.407823e+01 	 2.376411e+01 	 2.337913e+01 	 2.282807e+01 	 2.196173e+01 	 1.660517e+01 	 1.117855e+01 	 9.957389e+00 
1.908800e-01 	 1.196397e+05 	 1.789306e+01 	 1.772635e+01 	 1.749410e+01 	 1.726901e+01 	 1.678636e+01 	 1.622716e+01 	 1.195831e+01 	 7.756544e+00 	 6.874070e+00 
1.912000e-01 	 1.199597e+05 	 5.928946e+01 	 5.896916e+01 	 5.870759e+01 	 5.758190e+01 	 5.651208e+01 	 5.463144e+01 	 4.312087e+01 	 2.976123e+01 	 2.666606e+01 
1.912200e-01 	 1.199797e+05 	 1.596862e+01 	 1.632910e+01 	 1.612990e+01 	 1.538214e+01 	 1.497701e+01 	 1.485402e+01 	 1.099246e+01 	 6.894164e+00 	 6.066910e+00 
1.912400e-01 	 1.199997e+05 	 1.492316e+01 	 1.479037e+01 	 1.464837e+01 	 1.440131e+01 	 1.406347e+01 	 1.362175e+01 	 1.013609e+01 	 6.579669e+00 	 5.803289e+00 
1.916400e-01 	 1.203997e+05 	 1.005798e+01 	 1.000439e+01 	 9.866415e+00 	 9.761248e+00 	 9.531964e+00 	 9.177293e+00 	 6.613297e+00 	 4.092224e+00 	 3.592438e+00 
1.918600e-01 	 1.206197e+05 	 1.019024e+01 	 1.017492e+01 	 1.006532e+01 	 9.844177e+00 	 9.630568e+00 	 9.250113e+00 	 6.607004e+00 	 4.014645e+00 	 3.535780e+00 
1.920400e-01 	 1.207997e+05 	 1.363325e+00 	 1.352852e+00 	 1.338848e+00 	 1.319658e+00 	 1.290751e+00 	 1.250387e+00 	 8.212030e-01 	 3.746677e-01 	 3.111533e-01 
1.924400e-01 	 1.211997e+05 	 2.570774e+00 	 2.555295e+00 	 2.528616e+00 	 2.491967e+00 	 2.432752e+00 	 2.360839e+00 	 1.591582e+00 	 8.047810e-01 	 6.751343e-01 
1.928400e-01 	 1.215997e+05 	 1.376233e+00 	 1.366448e+00 	 1.351447e+00 	 1.331557e+00 	 1.302910e+00 	 1.262378e+00 	 8.339247e-01 	 3.799222e-01 	 3.156413e-01 
1.932400e-01 	 1.219997e+05 	 1.172381e+00 	 1.162428e+00 	 1.149674e+00 	 1.132861e+00 	 1.107296e+00 	 1.075139e+00 	 7.426782e-01 	 3.307879e-01 	 2.767773e-01 
1.936400e-01 	 1.223997e+05 	 1.267763e+00 	 1.255529e+00 	 1.238321e+00 	 1.218864e+00 	 1.188620e+00 	 1.151538e+00 	 7.951794e-01 	 3.636874e-01 	 3.024926e-01 
1.940400e-01 	 1.227997e+05 	 1.394598e+00 	 1.381622e+00 	 1.364694e+00 	 1.343780e+00 	 1.311553e+00 	 1.270373e+00 	 9.059303e-01 	 4.230369e-01 	 3.541442e-01 
1.944400e-01 	 1.231997e+05 	 1.753457e+00 	 1.735703e+00 	 1.712464e+00 	 1.685070e+00 	 1.644132e+00 	 1.589975e+00 	 1.166524e+00 	 5.663876e-01 	 4.796096e-01 
1.948400e-01 	 1.235997e+05 	 1.826628e+00 	 1.806344e+00 	 1.784114e+00 	 1.756917e+00 	 1.718364e+00 	 1.664086e+00 	 1.265494e+00 	 6.170480e-01 	 5.247794e-01 
1.952400e-01 	 1.239997e+05 	 1.895410e+00 	 1.871127e+00 	 1.844350e+00 	 1.812053e+00 	 1.767699e+00 	 1.710954e+00 	 1.294841e+00 	 6.430839e-01 	 5.455304e-01 
1.956400e-01 	 1.243997e+05 	 2.302638e+00 	 2.275478e+00 	 2.235597e+00 	 2.193753e+00 	 2.134018e+00 	 2.065548e+00 	 1.599930e+00 	 8.246946e-01 	 7.062266e-01 
1.960400e-01 	 1.247997e+05 	 1.089484e+00 	 1.073114e+00 	 1.056095e+00 	 1.036432e+00 	 1.010660e+00 	 9.775829e-01 	 7.528027e-01 	 3.379594e-01 	 2.823864e-01 
1.964400e-01 	 1.251997e+05 	 4.979008e+00 	 4.910912e+00 	 4.821574e+00 	 4.728281e+00 	 4.603179e+00 	 4.441524e+00 	 3.577312e+00 	 2.056874e+00 	 1.781761e+00 
1.968400e-01 	 1.255997e+05 	 4.360732e+00 	 4.300838e+00 	 4.226577e+00 	 4.144589e+00 	 4.038882e+00 	 3.918447e+00 	 3.161412e+00 	 1.794764e+00 	 1.563311e+00 
1.972400e-01 	 1.259997e+05 	 5.212674e+00 	 5.137539e+00 	 5.051905e+00 	 4.962582e+00 	 4.833911e+00 	 4.681986e+00 	 3.874202e+00 	 2.251382e+00 	 1.968830e+00 
1.976400e-01 	 1.263997e+05 	 5.745529e+00 	 5.642279e+00 	 5.545476e+00 	 5.440808e+00 	 5.298834e+00 	 5.135040e+00 	 4.364284e+00 	 2.614129e+00 	 2.251373e+00 
1.980400e-01 	 1.267997e+05 	 3.139211e+00 	 3.080134e+00 	 3.017617e+00 	 2.950740e+00 	 2.867566e+00 	 2.773509e+00 	 2.307529e+00 	 1.252364e+00 	 1.082916e+00 
1.984400e-01 	 1.271997e+05 	 1.982202e+00 	 1.937898e+00 	 1.904566e+00 	 1.865335e+00 	 1.811881e+00 	 1.757226e+00 	 1.481475e+00 	 7.464356e-01 	 6.453427e-01 
1.988400e-01 	 1.275997e+05 	 1.286653e+00 	 1.258593e+00 	 1.233640e+00 	 1.206182e+00 	 1.173342e+00 	 1.140793e+00 	 9.767392e-01 	 4.589397e-01 	 3.915398e-01 
1.992400e-01 	 1.279997e+05 	 1.054427e+00 	 1.030552e+00 	 1.006365e+00 	 9.868523e-01 	 9.592208e-01 	 9.305161e-01 	 8.034829e-01 	 3.684234e-01 	 3.132634e-01 
1.996400e-01 	 1.283997e+05 	 1.159001e+00 	 1.134529e+00 	 1.109071e+00 	 1.084648e+00 	 1.054180e+00 	 1.021821e+00 	 8.765460e-01 	 4.065658e-01 	 3.459896e-01 
2.000400e-01 	 1.287997e+05 	 1.078220e+00 	 1.057340e+00 	 1.036457e+00 	 1.015944e+00 	 9.866498e-01 	 9.579686e-01 	 8.277783e-01 	 3.736119e-01 	 3.173457e-01 
2.004400e-01 	 1.291997e+05 	 1.037520e+00 	 1.018721e+00 	 9.930607e-01 	 9.726044e-01 	 9.459550e-01 	 9.177581e-01 	 7.910039e-01 	 3.573690e-01 	 3.048903e-01 
2.008400e-01 	 1.295997e+05 	 1.052343e+00 	 1.029697e+00 	 1.006922e+00 	 9.857318e-01 	 9.579415e-01 	 9.275426e-01 	 7.754990e-01 	 3.454160e-01 	 2.917166e-01 
2.012400e-01 	 1.299997e+05 	 1.349422e+00 	 1.320173e+00 	 1.289575e+00 	 1.263795e+00 	 1.227368e+00 	 1.187551e+00 	 9.817499e-01 	 4.503571e-01 	 3.828383e-01 
2.016400e-01 	 1.303997e+05 	 2.116333e+00 	 2.076511e+00 	 2.035637e+00 	 1.987997e+00 	 1.930862e+00 	 1.867145e+00 	 1.519234e+00 	 7.397594e-01 	 6.289852e-01 
2.020400e-01 	 1.307997e+05 	 1.462156e+00 	 1.437230e+00 	 1.411446e+00 	 1.380955e+00 	 1.350585e+00 	 1.303666e+00 	 1.043788e+00 	 4.701770e-01 	 3.952097e-01 
2.023600e-01 	 1.311197e+05 	 1.146055e+02 	 1.135245e+02 	 1.121569e+02 	 1.100556e+02 	 1.072690e+02 	 1.038750e+02 	 9.132222e+01 	 6.561576e+01 	 5.927537e+01 
2.023800e-01 	 1.311397e+05 	 1.914192e+02 	 1.898779e+02 	 1.869890e+02 	 1.840146e+02 	 1.795553e+02 	 1.731706e+02 	 1.538307e+02 	 1.111567e+02 	 1.007372e+02 
2.024000e-01 	 1.311597e+05 	 5.737873e+01 	 5.766914e+01 	 5.684745e+01 	 5.481905e+01 	 5.348746e+01 	 5.264857e+01 	 4.481752e+01 	 3.175043e+01 	 2.841235e+01 
2.024200e-01 	 1.311797e+05 	 3.304005e+01 	 3.254814e+01 	 3.194254e+01 	 3.131290e+01 	 3.042838e+01 	 2.935346e+01 	 2.480399e+01 	 1.643614e+01 	 1.460855e+01 
2.024400e-01 	 1.311997e+05 	 1.972233e+01 	 1.943596e+01 	 1.909507e+01 	 1.872001e+01 	 1.822690e+01 	 1.766208e+01 	 1.492747e+01 	 9.769116e+00 	 8.617761e+00 
2.024400e-01 	 1.311997e+05 	 2.008140e+01 	 1.973220e+01 	 1.940021e+01 	 1.899934e+01 	 1.848295e+01 	 1.783231e+01 	 1.498963e+01 	 9.679917e+00 	 8.569412e+00 
2.025200e-01 	 1.312797e+05 	 1.186713e+01 	 1.169614e+01 	 1.148118e+01 	 1.126712e+01 	 1.096293e+01 	 1.059994e+01 	 8.802057e+00 	 5.461874e+00 	 4.832405e+00 
2.025600e-01 	 1.313197e+05 	 8.219428e+00 	 8.092501e+00 	 7.993206e+00 	 7.817847e+00 	 7.580596e+00 	 7.364359e+00 	 5.960703e+00 	 3.537535e+00 	 3.097542e+00 
2.028400e-01 	 1.315997e+05 	 1.478274e+00 	 1.452524e+00 	 1.424076e+00 	 1.397568e+00 	 1.359171e+00 	 1.316925e+00 	 1.048894e+00 	 4.676548e-01 	 3.944421e-01 
2.032400e-01 	 1.319997e+05 	 1.158321e+00 	 1.132878e+00 	 1.110566e+00 	 1.085915e+00 	 1.054573e+00 	 1.020743e+00 	 8.250017e-01 	 3.581889e-01 	 2.997867e-01 
2.036400e-01 	 1.323997e+05 	 1.116323e+00 	 1.093480e+00 	 1.067451e+00 	 1.045018e+00 	 1.015339e+00 	 9.828602e-01 	 7.932030e-01 	 3.448266e-01 	 2.881665e-01 
2.040400e-01 	 1.327997e+05 	 1.081108e+00 	 1.059428e+00 	 1.036660e+00 	 1.015779e+00 	 9.882012e-01 	 9.549546e-01 	 7.761464e-01 	 3.347717e-01 	 2.780881e-01 
2.044400e-01 	 1.331997e+05 	 1.064923e+00 	 1.041426e+00 	 1.013199e+00 	 9.930896e-01 	 9.645185e-01 	 9.338898e-01 	 7.832959e-01 	 3.437633e-01 	 2.899913e-01 
2.048400e-01 	 1.335997e+05 	 1.049291e+00 	 1.028113e+00 	 1.003834e+00 	 9.840728e-01 	 9.551333e-01 	 9.292405e-01 	 7.780087e-01 	 3.400415e-01 	 2.859051e-01 
2.052400e-01 	 1.339997e+05 	 1.064284e+00 	 1.040156e+00 	 1.015871e+00 	 9.922476e-01 	 9.646230e-01 	 9.351591e-01 	 7.792996e-01 	 3.396175e-01 	 2.838633e-01 
2.056400e-01 	 1.343997e+05 	 1.071576e+00 	 1.047975e+00 	 1.020440e+00 	 9.995331e-01 	 9.696542e-01 	 9.408796e-01 	 7.822123e-01 	 3.358120e-01 	 2.807654e-01 
2.060400e-01 	 1.347997e+05 	 1.099054e+00 	 1.075778e+00 	 1.052026e+00 	 1.030768e+00 	 1.002966e+00 	 9.749240e-01 	 7.751509e-01 	 3.201277e-01 	 2.654730e-01 
2.064400e-01 	 1.351997e+05 	 1.159327e+00 	 1.133970e+00 	 1.112794e+00 	 1.087847e+00 	 1.061573e+00 	 1.029191e+00 	 8.101747e-01 	 3.320663e-01 	 2.764332e-01 
2.068400e-01 	 1.355997e+05 	 1.097468e+00 	 1.074977e+00 	 1.052542e+00 	 1.028976e+00 	 1.001118e+00 	 9.702611e-01 	 7.502235e-01 	 3.079699e-01 	 2.531655e-01 
2.072400e-01 	 1.359997e+05 	 1.104980e+00 	 1.084191e+00 	 1.058818e+00 	 1.036901e+00 	 1.008464e+00 	 9.747070e-01 	 7.331005e-01 	 2.903802e-01 	 2.365367e-01 
2.076400e-01 	 1.363997e+05 	 1.106954e+00 	 1.087687e+00 	 1.065485e+00 	 1.044181e+00 	 1.016258e+00 	 9.849721e-01 	 7.385981e-01 	 2.861027e-01 	 2.336666e-01 
2.080400e-01 	 1.367997e+05 	 1.256011e+00 	 1.236404e+00 	 1.214287e+00 	 1.188027e+00 	 1.159695e+00 	 1.125575e+00 	 8.361748e-01 	 3.310179e-01 	 2.698691e-01 
2.084400e-01 	 1.371997e+05 	 2.267083e+00 	 2.222641e+00 	 2.166743e+00 	 2.132651e+00 	 2.072039e+00 	 2.004604e+00 	 1.497800e+00 	 6.601702e-01 	 5.429958e-01 
2.088400e-01 	 1.375997e+05 	 1.331667e+00 	 1.305455e+00 	 1.276740e+00 	 1.250887e+00 	 1.216124e+00 	 1.177311e+00 	 8.673352e-01 	 3.434217e-01 	 2.801302e-01 
2.092400e-01 	 1.379997e+05 	 1.246441e+00 	 1.224301e+00 	 1.201911e+00 	 1.179886e+00 	 1.150764e+00 	 1.115948e+00 	 8.011856e-01 	 3.192351e-01 	 2.587619e-01 
2.096400e-01 	 1.383997e+05 	 1.149289e+00 	 1.128576e+00 	 1.110667e+00 	 1.088249e+00 	 1.062697e+00 	 1.029732e+00 	 7.351324e-01 	 2.813865e-01 	 2.252522e-01 
2.100400e-01 	 1.387997e+05 	 1.165357e+00 	 1.142583e+00 	 1.119795e+00 	 1.097490e+00 	 1.068117e+00 	 1.032965e+00 	 7.319718e-01 	 2.781819e-01 	 2.228197e-01 
2.104400e-01 	 1.391997e+05 	 1.152292e+00 	 1.129344e+00 	 1.105904e+00 	 1.083339e+00 	 1.052602e+00 	 1.017557e+00 	 7.555313e-01 	 2.857608e-01 	 2.308048e-01 
2.108400e-01 	 1.395997e+05 	 1.114999e+00 	 1.093926e+00 	 1.070831e+00 	 1.046987e+00 	 1.018687e+00 	 9.855643e-01 	 7.304152e-01 	 2.774039e-01 	 2.239621e-01 
2.112400e-01 	 1.399997e+05 	 1.098193e+00 	 1.079316e+00 	 1.051093e+00 	 1.041216e+00 	 1.008990e+00 	 9.780162e-01 	 7.298236e-01 	 2.730020e-01 	 2.191620e-01 
2.116400e-01 	 1.403997e+05 	 1.171497e+00 	 1.143490e+00 	 1.119089e+00 	 1.095161e+00 	 1.066479e+00 	 1.033562e+00 	 7.969552e-01 	 3.073841e-01 	 2.485313e-01 
2.120400e-01 	 1.407997e+05 	 1.463692e+00 	 1.425446e+00 	 1.383965e+00 	 1.350176e+00 	 1.299387e+00 	 1.241752e+00 	 9.844446e-01 	 3.392410e-01 	 2.737267e-01 
2.124400e-01 	 1.411997e+05 	 1.215123e+00 	 1.183208e+00 	 1.157621e+00 	 1.133391e+00 	 1.105658e+00 	 1.071624e+00 	 8.559405e-01 	 3.335273e-01 	 2.743966e-01 
2.128400e-01 	 1.415997e+05 	 1.237862e+00 	 1.208636e+00 	 1.176884e+00 	 1.151312e+00 	 1.116102e+00 	 1.079896e+00 	 8.269861e-01 	 3.214109e-01 	 2.606682e-01 
2.132400e-01 	 1.419997e+05 	 1.292053e+00 	 1.265555e+00 	 1.238981e+00 	 1.211118e+00 	 1.178346e+00 	 1.142502e+00 	 8.368824e-01 	 3.225856e-01 	 2.580612e-01 
2.136400e-01 	 1.423997e+05 	 1.312060e+00 	 1.285015e+00 	 1.256467e+00 	 1.232012e+00 	 1.197828e+00 	 1.158276e+00 	 8.452811e-01 	 3.198181e-01 	 2.571736e-01 
2.140400e-01 	 1.427997e+05 	 1.420328e+00 	 1.395114e+00 	 1.366807e+00 	 1.340535e+00 	 1.302228e+00 	 1.262252e+00 	 8.743058e-01 	 3.317987e-01 	 2.656167e-01 
2.144400e-01 	 1.431997e+05 	 1.512837e+00 	 1.488654e+00 	 1.460515e+00 	 1.433647e+00 	 1.396070e+00 	 1.352734e+00 	 8.870994e-01 	 3.384153e-01 	 2.683991e-01 
2.148400e-01 	 1.435997e+05 	 1.997534e+00 	 1.964861e+00 	 1.611312e+00 	 1.880762e+00 	 1.809093e+00 	 1.726846e+00 	 1.120999e+00 	 3.741793e-01 	 2.965535e-01 
2.152400e-01 	 1.439997e+05 	 1.580014e+00 	 1.553889e+00 	 1.530815e+00 	 1.505248e+00 	 1.467568e+00 	 1.422490e+00 	 9.295347e-01 	 3.479211e-01 	 2.762155e-01 
2.156000e-01 	 1.443597e+05 	 8.716609e+01 	 8.616969e+01 	 8.479558e+01 	 8.344087e+01 	 8.119134e+01 	 7.848202e+01 	 6.032833e+01 	 4.016331e+01 	 3.541048e+01 
2.156200e-01 	 1.443797e+05 	 1.244919e+02 	 1.225319e+02 	 1.205584e+02 	 1.184779e+02 	 1.152242e+02 	 1.113457e+02 	 8.675968e+01 	 5.813878e+01 	 5.127297e+01 
2.156400e-01 	 1.443997e+05 	 4.446488e+01 	 4.359957e+01 	 4.283892e+01 	 4.199677e+01 	 4.088227e+01 	 3.944710e+01 	 2.888659e+01 	 1.817853e+01 	 1.584684e+01 
2.156400e-01 	 1.443997e+05 	 4.440183e+01 	 4.366477e+01 	 4.293075e+01 	 4.203256e+01 	 4.090630e+01 	 3.932468e+01 	 2.881280e+01 	 1.816579e+01 	 1.585388e+01 
2.156800e-01 	 1.444397e+05 	 2.690484e+01 	 2.626344e+01 	 2.585568e+01 	 2.515982e+01 	 2.467625e+01 	 2.373464e+01 	 1.697088e+01 	 1.030776e+01 	 8.935568e+00 
2.157200e-01 	 1.444797e+05 	 1.667860e+01 	 1.639078e+01 	 1.603498e+01 	 1.572691e+01 	 1.528831e+01 	 1.477337e+01 	 1.042742e+01 	 5.905711e+00 	 5.085465e+00 
2.157400e-01 	 1.444997e+05 	 1.156919e+01 	 1.131268e+01 	 1.110508e+01 	 1.087496e+01 	 1.055340e+01 	 1.019118e+01 	 6.956505e+00 	 3.764648e+00 	 3.192092e+00 
2.158400e-01 	 1.445997e+05 	 6.665154e+00 	 6.532687e+00 	 6.403813e+00 	 6.282669e+00 	 6.108762e+00 	 5.896963e+00 	 3.960947e+00 	 2.018357e+00 	 1.682221e+00 
2.160400e-01 	 1.447997e+05 	 2.082971e+00 	 2.046109e+00 	 2.004508e+00 	 1.965314e+00 	 1.914687e+00 	 1.853547e+00 	 1.242082e+00 	 4.993082e-01 	 3.975409e-01 
2.164400e-01 	 1.451997e+05 	 1.752810e+00 	 1.717412e+00 	 1.680653e+00 	 1.643395e+00 	 1.596015e+00 	 1.542204e+00 	 1.059557e+00 	 4.217134e-01 	 3.332971e-01 
2.168400e-01 	 1.455997e+05 	 1.154177e+00 	 1.128238e+00 	 1.102474e+00 	 1.079562e+00 	 1.049023e+00 	 1.015283e+00 	 7.455616e-01 	 2.658670e-01 	 2.117703e-01 
2.172400e-01 	 1.459997e+05 	 2.901939e+00 	 2.833033e+00 	 2.754165e+00 	 2.694700e+00 	 2.611421e+00 	 2.528506e+00 	 1.889769e+00 	 8.112184e-01 	 6.672369e-01 
2.176400e-01 	 1.463997e+05 	 1.663438e+00 	 1.622688e+00 	 1.584145e+00 	 1.547819e+00 	 1.504172e+00 	 1.455421e+00 	 1.080377e+00 	 4.133503e-01 	 3.326987e-01 
2.180400e-01 	 1.467997e+05 	 1.609709e+00 	 1.571575e+00 	 1.530519e+00 	 1.498607e+00 	 1.456032e+00 	 1.407768e+00 	 1.047449e+00 	 3.967333e-01 	 3.188797e-01 
2.184400e-01 	 1.471997e+05 	 1.314328e+00 	 1.282543e+00 	 1.249514e+00 	 1.221090e+00 	 1.184025e+00 	 1.147386e+00 	 8.660829e-01 	 3.216820e-01 	 2.573821e-01 
2.188400e-01 	 1.475997e+05 	 1.149536e+00 	 1.124308e+00 	 1.097092e+00 	 1.072364e+00 	 1.045234e+00 	 1.011258e+00 	 7.709102e-01 	 2.735948e-01 	 2.200956e-01 
2.192400e-01 	 1.479997e+05 	 1.155674e+00 	 1.125225e+00 	 1.095941e+00 	 1.073872e+00 	 1.044607e+00 	 1.011916e+00 	 7.685906e-01 	 2.729294e-01 	 2.169475e-01 
2.196400e-01 	 1.483997e+05 	 1.174896e+00 	 1.142679e+00 	 1.116428e+00 	 1.090444e+00 	 1.057714e+00 	 1.024164e+00 	 7.761454e-01 	 2.752924e-01 	 2.202245e-01 
2.200400e-01 	 1.487997e+05 	 1.546728e+00 	 1.504455e+00 	 1.460448e+00 	 1.425885e+00 	 1.380184e+00 	 1.335296e+00 	 1.033860e+00 	 3.854907e-01 	 3.113849e-01 
2.204400e-01 	 1.491997e+05 	 3.831381e+00 	 3.737935e+00 	 3.644268e+00 	 3.565284e+00 	 3.459681e+00 	 3.352169e+00 	 2.430929e+00 	 1.059117e+00 	 8.677687e-01 
2.205400e-01 	 1.492997e+05 	 8.421822e+00 	 8.213540e+00 	 7.989742e+00 	 7.812605e+00 	 7.548163e+00 	 7.289624e+00 	 5.321122e+00 	 2.671601e+00 	 2.244733e+00 
2.205600e-01 	 1.493197e+05 	 8.593749e+01 	 8.426193e+01 	 8.249901e+01 	 8.042811e+01 	 7.819135e+01 	 7.549563e+01 	 6.134769e+01 	 4.103691e+01 	 3.636361e+01 
2.205800e-01 	 1.493397e+05 	 1.362719e+01 	 1.328733e+01 	 1.293915e+01 	 1.263526e+01 	 1.222907e+01 	 1.179584e+01 	 8.825576e+00 	 4.802231e+00 	 4.106828e+00 
2.206000e-01 	 1.493597e+05 	 7.051220e+00 	 6.875375e+00 	 6.714123e+00 	 6.569984e+00 	 6.371759e+00 	 6.172603e+00 	 4.540792e+00 	 2.183192e+00 	 1.834967e+00 
2.208400e-01 	 1.495997e+05 	 1.245060e+01 	 1.211664e+01 	 1.178968e+01 	 1.154269e+01 	 1.113338e+01 	 1.078128e+01 	 7.907496e+00 	 4.302042e+00 	 3.655754e+00 
2.208600e-01 	 1.496197e+05 	 2.190975e+01 	 2.146424e+01 	 2.095161e+01 	 2.045919e+01 	 1.990115e+01 	 1.918259e+01 	 1.421508e+01 	 8.143275e+00 	 7.019104e+00 
2.209000e-01 	 1.496597e+05 	 4.388542e+01 	 4.306963e+01 	 4.190686e+01 	 4.097527e+01 	 3.977909e+01 	 3.837103e+01 	 2.926657e+01 	 1.792700e+01 	 1.567535e+01 
2.209400e-01 	 1.496997e+05 	 5.689522e+01 	 5.588391e+01 	 5.465249e+01 	 5.340817e+01 	 5.174056e+01 	 4.987181e+01 	 3.880690e+01 	 2.435329e+01 	 2.144969e+01 
2.209600e-01 	 1.497197e+05 	 4.233215e+01 	 4.135955e+01 	 4.049235e+01 	 3.971482e+01 	 3.836881e+01 	 3.698826e+01 	 2.806249e+01 	 1.727802e+01 	 1.505521e+01 
2.209800e-01 	 1.497397e+05 	 2.167624e+01 	 2.179730e+01 	 2.073379e+01 	 2.085978e+01 	 1.974137e+01 	 1.947610e+01 	 1.435734e+01 	 8.082782e+00 	 6.950278e+00 
2.210000e-01 	 1.497597e+05 	 1.425626e+01 	 1.392480e+01 	 1.359809e+01 	 1.326539e+01 	 1.283633e+01 	 1.237903e+01 	 8.886048e+00 	 4.803894e+00 	 4.084250e+00 
2.211000e-01 	 1.498597e+05 	 6.722542e+00 	 6.572580e+00 	 6.413674e+00 	 6.270408e+00 	 6.081159e+00 	 5.875560e+00 	 4.169210e+00 	 2.004369e+00 	 1.633343e+00 
2.212400e-01 	 1.499997e+05 	 4.030511e+00 	 3.950228e+00 	 3.862815e+00 	 3.789057e+00 	 3.680332e+00 	 3.562869e+00 	 2.457808e+00 	 1.051968e+00 	 8.554695e-01 
2.216400e-01 	 1.503997e+05 	 1.547353e+00 	 1.515333e+00 	 1.486706e+00 	 1.457387e+00 	 1.417676e+00 	 1.374831e+00 	 9.238999e-01 	 3.227979e-01 	 2.524305e-01 
2.220400e-01 	 1.507997e+05 	 1.413580e+00 	 1.386410e+00 	 1.356509e+00 	 1.331221e+00 	 1.297071e+00 	 1.254612e+00 	 8.096544e-01 	 2.791649e-01 	 2.155850e-01 
2.224400e-01 	 1.511997e+05 	 1.518834e+00 	 1.489584e+00 	 1.460233e+00 	 1.434861e+00 	 1.398672e+00 	 1.356174e+00 	 8.688475e-01 	 2.976955e-01 	 2.312023e-01 
2.228400e-01 	 1.515997e+05 	 1.292247e+00 	 1.272108e+00 	 1.250950e+00 	 1.232859e+00 	 1.202135e+00 	 1.167136e+00 	 7.015877e-01 	 2.348910e-01 	 1.814539e-01 
2.232400e-01 	 1.519997e+05 	 1.903360e+00 	 1.874805e+00 	 1.841705e+00 	 1.812553e+00 	 1.768899e+00 	 1.713482e+00 	 9.705137e-01 	 3.502096e-01 	 2.718303e-01 
2.236400e-01 	 1.523997e+05 	 2.612838e+00 	 2.587460e+00 	 2.556371e+00 	 2.514138e+00 	 2.464154e+00 	 2.390739e+00 	 1.228862e+00 	 4.693437e-01 	 3.654826e-01 
2.240400e-01 	 1.527997e+05 	 2.424186e+00 	 2.393979e+00 	 2.363069e+00 	 2.329202e+00 	 2.277110e+00 	 2.206245e+00 	 1.110403e+00 	 4.190058e-01 	 3.276811e-01 
2.244400e-01 	 1.531997e+05 	 2.601393e+00 	 2.580193e+00 	 2.549977e+00 	 2.515215e+00 	 2.463025e+00 	 2.391269e+00 	 1.173353e+00 	 4.424465e-01 	 3.475953e-01 
2.248400e-01 	 1.535997e+05 	 2.635108e+00 	 2.608687e+00 	 2.579148e+00 	 2.543667e+00 	 2.489655e+00 	 2.416840e+00 	 1.165918e+00 	 4.384124e-01 	 3.443738e-01 
2.248800e-01 	 1.536397e+05 	 1.579345e+02 	 1.565344e+02 	 1.538649e+02 	 1.504598e+02 	 1.456025e+02 	 1.394427e+02 	 8.005937e+01 	 4.699806e+01 	 3.940959e+01 
2.249000e-01 	 1.536597e+05 	 8.144499e+02 	 8.057973e+02 	 7.894950e+02 	 7.671493e+02 	 7.356253e+02 	 6.931692e+02 	 4.322004e+02 	 2.373097e+02 	 1.914686e+02 
2.249200e-01 	 1.536797e+05 	 7.753457e+01 	 7.698864e+01 	 7.539593e+01 	 7.381594e+01 	 7.205562e+01 	 6.930292e+01 	 3.766796e+01 	 2.183757e+01 	 1.840692e+01 
2.249400e-01 	 1.536997e+05 	 4.447675e+01 	 4.395146e+01 	 4.330894e+01 	 4.248621e+01 	 4.138969e+01 	 3.990097e+01 	 2.064140e+01 	 1.173927e+01 	 9.878782e+00 
2.249600e-01 	 1.537197e+05 	 2.559353e+01 	 2.533274e+01 	 2.496221e+01 	 2.457188e+01 	 2.391995e+01 	 2.308212e+01 	 1.145508e+01 	 6.023693e+00 	 5.034009e+00 
2.249800e-01 	 1.537397e+05 	 1.677188e+01 	 1.662128e+01 	 1.639720e+01 	 1.613652e+01 	 1.572850e+01 	 1.521626e+01 	 7.303340e+00 	 3.719854e+00 	 3.059260e+00 
2.250000e-01 	 1.537597e+05 	 1.225237e+01 	 1.218342e+01 	 1.202249e+01 	 1.189159e+01 	 1.160043e+01 	 1.119151e+01 	 5.316898e+00 	 2.543822e+00 	 2.092454e+00 
2.250200e-01 	 1.537797e+05 	 9.207522e+00 	 9.119212e+00 	 9.012381e+00 	 8.866872e+00 	 8.667184e+00 	 8.390873e+00 	 3.913097e+00 	 1.885733e+00 	 1.540558e+00 
2.250400e-01 	 1.537997e+05 	 7.799978e+00 	 7.737901e+00 	 7.625756e+00 	 7.514269e+00 	 7.328739e+00 	 7.078159e+00 	 3.281858e+00 	 1.456367e+00 	 1.173165e+00 
2.251600e-01 	 1.539197e+05 	 7.337643e+00 	 7.264736e+00 	 7.181415e+00 	 7.071966e+00 	 6.905585e+00 	 6.708125e+00 	 3.124050e+00 	 1.399400e+00 	 1.134375e+00 
2.252400e-01 	 1.539997e+05 	 6.079667e+00 	 6.020976e+00 	 5.945148e+00 	 5.864743e+00 	 5.745882e+00 	 5.568781e+00 	 2.565446e+00 	 1.145886e+00 	 9.225796e-01 
2.252800e-01 	 1.540397e+05 	 7.449299e+00 	 7.391078e+00 	 7.300866e+00 	 7.179274e+00 	 7.034561e+00 	 6.813388e+00 	 3.220002e+00 	 1.435016e+00 	 1.162714e+00 
2.253000e-01 	 1.540597e+05 	 7.526942e+00 	 7.461162e+00 	 7.365813e+00 	 7.258573e+00 	 7.106369e+00 	 6.886107e+00 	 3.158718e+00 	 1.457307e+00 	 1.182817e+00 
2.253200e-01 	 1.540797e+05 	 7.052884e+00 	 7.001259e+00 	 6.922518e+00 	 6.829663e+00 	 6.680794e+00 	 6.471087e+00 	 2.966888e+00 	 1.329937e+00 	 1.065577e+00 
2.256400e-01 	 1.543997e+05 	 2.783822e+00 	 2.762571e+00 	 2.724669e+00 	 2.698576e+00 	 2.646502e+00 	 2.566470e+00 	 1.210037e+00 	 4.623150e-01 	 3.668253e-01 
2.260400e-01 	 1.547997e+05 	 2.626741e+00 	 2.607799e+00 	 2.582437e+00 	 2.550681e+00 	 2.500222e+00 	 2.426966e+00 	 1.138806e+00 	 4.259456e-01 	 3.374500e-01 
2.264400e-01 	 1.551997e+05 	 1.658268e+00 	 1.647115e+00 	 1.635417e+00 	 1.616786e+00 	 1.586732e+00 	 1.544659e+00 	 7.365120e-01 	 2.634729e-01 	 2.071334e-01 
2.268400e-01 	 1.555997e+05 	 2.300072e+00 	 2.283695e+00 	 2.262507e+00 	 2.236877e+00 	 2.191894e+00 	 2.126438e+00 	 1.004222e+00 	 3.674602e-01 	 2.902079e-01 
2.272400e-01 	 1.559997e+05 	 3.234533e+00 	 3.211035e+00 	 3.179562e+00 	 3.129389e+00 	 3.081925e+00 	 2.986762e+00 	 1.392405e+00 	 5.436321e-01 	 4.329824e-01 
2.276400e-01 	 1.563997e+05 	 3.711690e+00 	 3.693517e+00 	 3.659043e+00 	 3.610784e+00 	 3.534785e+00 	 3.433928e+00 	 1.683309e+00 	 6.660647e-01 	 5.369485e-01 
2.280400e-01 	 1.567997e+05 	 3.614338e+00 	 3.588297e+00 	 3.544811e+00 	 3.495850e+00 	 3.420260e+00 	 3.328616e+00 	 1.808968e+00 	 7.681251e-01 	 6.305253e-01 
2.284400e-01 	 1.571997e+05 	 3.215012e+00 	 3.182718e+00 	 3.135046e+00 	 3.065022e+00 	 2.996233e+00 	 2.913884e+00 	 1.829803e+00 	 7.958081e-01 	 6.604612e-01 
2.288400e-01 	 1.575997e+05 	 2.891793e+00 	 2.855176e+00 	 2.814203e+00 	 2.768462e+00 	 2.708087e+00 	 2.631715e+00 	 1.865669e+00 	 8.467174e-01 	 7.105985e-01 
2.292400e-01 	 1.579997e+05 	 2.702345e+00 	 2.651255e+00 	 2.595026e+00 	 2.550384e+00 	 2.493816e+00 	 2.414840e+00 	 1.993473e+00 	 9.723570e-01 	 8.370592e-01 
2.296400e-01 	 1.583997e+05 	 2.555933e+00 	 2.499791e+00 	 2.432697e+00 	 2.390522e+00 	 2.314341e+00 	 2.255306e+00 	 2.075113e+00 	 1.172418e+00 	 1.032753e+00 
2.300400e-01 	 1.587997e+05 	 2.482866e+00 	 2.414445e+00 	 2.332303e+00 	 2.278550e+00 	 2.207586e+00 	 2.151872e+00 	 2.081185e+00 	 1.501338e+00 	 1.357372e+00 
2.304400e-01 	 1.591997e+05 	 1.921582e+00 	 1.862645e+00 	 1.799940e+00 	 1.759114e+00 	 1.703158e+00 	 1.663445e+00 	 1.608724e+00 	 1.116448e+00 	 1.006403e+00 
2.308400e-01 	 1.595997e+05 	 2.077149e+00 	 2.007682e+00 	 1.941407e+00 	 1.896600e+00 	 1.839947e+00 	 1.794547e+00 	 1.737470e+00 	 1.208222e+00 	 1.087412e+00 
2.312400e-01 	 1.599997e+05 	 2.305844e+00 	 2.222713e+00 	 2.148770e+00 	 2.096016e+00 	 2.031738e+00 	 1.978881e+00 	 1.909872e+00 	 1.302506e+00 	 1.166783e+00 
2.316400e-01 	 1.603997e+05 	 2.375763e+00 	 2.297046e+00 	 2.221411e+00 	 2.172925e+00 	 2.105968e+00 	 2.053593e+00 	 1.982140e+00 	 1.349760e+00 	 1.213214e+00 
2.320400e-01 	 1.607997e+05 	 2.395303e+00 	 2.313294e+00 	 2.236231e+00 	 2.183477e+00 	 2.119950e+00 	 2.066015e+00 	 1.988668e+00 	 1.350795e+00 	 1.216105e+00 
2.324400e-01 	 1.611997e+05 	 1.851832e+00 	 1.786909e+00 	 1.726612e+00 	 1.685123e+00 	 1.634284e+00 	 1.591216e+00 	 1.531945e+00 	 9.935006e-01 	 8.869484e-01 
2.328400e-01 	 1.615997e+05 	 2.508477e+00 	 2.419200e+00 	 2.337065e+00 	 2.281754e+00 	 2.215072e+00 	 2.154245e+00 	 2.073713e+00 	 1.403927e+00 	 1.260010e+00 
2.332400e-01 	 1.619997e+05 	 2.258377e+00 	 2.181186e+00 	 2.110291e+00 	 2.058405e+00 	 1.996453e+00 	 1.943491e+00 	 1.876182e+00 	 1.259822e+00 	 1.131362e+00 
2.336400e-01 	 1.623997e+05 	 1.875997e+00 	 1.810846e+00 	 1.747373e+00 	 1.703716e+00 	 1.649302e+00 	 1.606533e+00 	 1.550660e+00 	 1.029863e+00 	 9.216876e-01 
2.340400e-01 	 1.627997e+05 	 2.081490e+00 	 2.010535e+00 	 1.939729e+00 	 1.893918e+00 	 1.834182e+00 	 1.785023e+00 	 1.721946e+00 	 1.155233e+00 	 1.034210e+00 
2.344400e-01 	 1.631997e+05 	 1.863322e+00 	 1.795435e+00 	 1.731383e+00 	 1.688467e+00 	 1.634965e+00 	 1.591961e+00 	 1.535045e+00 	 1.021137e+00 	 9.129307e-01 
2.348400e-01 	 1.635997e+05 	 1.742358e+00 	 1.679755e+00 	 1.619480e+00 	 1.579455e+00 	 1.526808e+00 	 1.487583e+00 	 1.435415e+00 	 9.509729e-01 	 8.500972e-01 
2.352400e-01 	 1.639997e+05 	 1.799104e+00 	 1.732867e+00 	 1.670027e+00 	 1.627853e+00 	 1.575025e+00 	 1.533949e+00 	 1.479649e+00 	 9.767748e-01 	 8.725494e-01 
2.356400e-01 	 1.643997e+05 	 1.763172e+00 	 1.694994e+00 	 1.638760e+00 	 1.587854e+00 	 1.533227e+00 	 1.491961e+00 	 1.434483e+00 	 9.422036e-01 	 8.406527e-01 
2.360400e-01 	 1.647997e+05 	 1.899887e+00 	 1.828170e+00 	 1.758869e+00 	 1.716119e+00 	 1.654393e+00 	 1.613604e+00 	 1.551364e+00 	 1.021813e+00 	 9.160566e-01 
2.364400e-01 	 1.651997e+05 	 1.949245e+00 	 1.864481e+00 	 1.793232e+00 	 1.750216e+00 	 1.691184e+00 	 1.646247e+00 	 1.587055e+00 	 1.044146e+00 	 9.361386e-01 
2.368400e-01 	 1.655997e+05 	 1.700261e+00 	 1.633578e+00 	 1.573240e+00 	 1.531353e+00 	 1.478642e+00 	 1.439154e+00 	 1.382814e+00 	 8.760974e-01 	 7.786083e-01 
2.372400e-01 	 1.659997e+05 	 1.630757e+00 	 1.568308e+00 	 1.510298e+00 	 1.470364e+00 	 1.418523e+00 	 1.380808e+00 	 1.329018e+00 	 8.346138e-01 	 7.423915e-01 
2.376400e-01 	 1.663997e+05 	 1.453159e+00 	 1.396286e+00 	 1.339487e+00 	 1.303555e+00 	 1.257636e+00 	 1.226266e+00 	 1.173099e+00 	 7.293756e-01 	 6.489467e-01 
2.380400e-01 	 1.667997e+05 	 1.398086e+00 	 1.340577e+00 	 1.289891e+00 	 1.254874e+00 	 1.213260e+00 	 1.178771e+00 	 1.127686e+00 	 6.685658e-01 	 5.895222e-01 
2.384400e-01 	 1.671997e+05 	 1.242806e+00 	 1.195625e+00 	 1.150494e+00 	 1.129028e+00 	 1.080011e+00 	 1.049840e+00 	 1.006272e+00 	 5.958715e-01 	 5.251750e-01 
2.388400e-01 	 1.675997e+05 	 1.298261e+00 	 1.248361e+00 	 1.199382e+00 	 1.169082e+00 	 1.126622e+00 	 1.095614e+00 	 1.048361e+00 	 6.236958e-01 	 5.503793e-01 
2.392400e-01 	 1.679997e+05 	 1.420427e+00 	 1.364123e+00 	 1.312995e+00 	 1.277633e+00 	 1.233237e+00 	 1.199411e+00 	 1.148669e+00 	 6.860191e-01 	 6.055199e-01 
2.396400e-01 	 1.683997e+05 	 1.487463e+00 	 1.429137e+00 	 1.375162e+00 	 1.337923e+00 	 1.290090e+00 	 1.253979e+00 	 1.199859e+00 	 7.218556e-01 	 6.370524e-01 
2.400400e-01 	 1.687997e+05 	 1.528183e+00 	 1.468200e+00 	 1.407334e+00 	 1.370093e+00 	 1.321506e+00 	 1.283825e+00 	 1.229320e+00 	 7.384599e-01 	 6.521385e-01 
2.404400e-01 	 1.691997e+05 	 1.482937e+00 	 1.429928e+00 	 1.369589e+00 	 1.333784e+00 	 1.282271e+00 	 1.244254e+00 	 1.194544e+00 	 7.114901e-01 	 6.280202e-01 
2.408400e-01 	 1.695997e+05 	 1.517642e+00 	 1.458282e+00 	 1.399785e+00 	 1.366362e+00 	 1.312749e+00 	 1.275679e+00 	 1.222819e+00 	 7.276171e-01 	 6.424729e-01 
2.412400e-01 	 1.699997e+05 	 1.585771e+00 	 1.522675e+00 	 1.461086e+00 	 1.426577e+00 	 1.370249e+00 	 1.330211e+00 	 1.269563e+00 	 7.548180e-01 	 6.655682e-01 
2.416400e-01 	 1.703997e+05 	 1.562811e+00 	 1.492098e+00 	 1.438879e+00 	 1.392017e+00 	 1.341015e+00 	 1.303059e+00 	 1.244693e+00 	 7.360380e-01 	 6.511644e-01 
2.420400e-01 	 1.707997e+05 	 1.473492e+00 	 1.418157e+00 	 1.359825e+00 	 1.320718e+00 	 1.270900e+00 	 1.233668e+00 	 1.173400e+00 	 6.919487e-01 	 6.095854e-01 
2.424400e-01 	 1.711997e+05 	 1.304687e+00 	 1.251181e+00 	 1.198141e+00 	 1.163369e+00 	 1.119764e+00 	 1.086841e+00 	 1.036511e+00 	 6.012206e-01 	 5.289844e-01 
2.428400e-01 	 1.715997e+05 	 1.309171e+00 	 1.262459e+00 	 1.200911e+00 	 1.166407e+00 	 1.122102e+00 	 1.089627e+00 	 1.038301e+00 	 6.033231e-01 	 5.312680e-01 
2.432400e-01 	 1.719997e+05 	 1.408951e+00 	 1.350959e+00 	 1.294033e+00 	 1.258056e+00 	 1.212148e+00 	 1.177419e+00 	 1.122534e+00 	 6.546035e-01 	 5.762781e-01 
2.436400e-01 	 1.723997e+05 	 1.340119e+00 	 1.284203e+00 	 1.232092e+00 	 1.196866e+00 	 1.151673e+00 	 1.118458e+00 	 1.066197e+00 	 6.164304e-01 	 5.441776e-01 
2.440400e-01 	 1.727997e+05 	 1.409390e+00 	 1.354824e+00 	 1.294161e+00 	 1.255777e+00 	 1.209026e+00 	 1.171872e+00 	 1.116829e+00 	 6.524735e-01 	 5.768764e-01 
2.444400e-01 	 1.731997e+05 	 1.527244e+00 	 1.456318e+00 	 1.395848e+00 	 1.362638e+00 	 1.306369e+00 	 1.267955e+00 	 1.208224e+00 	 7.103890e-01 	 6.274730e-01 
2.448400e-01 	 1.735997e+05 	 1.434245e+00 	 1.379815e+00 	 1.320287e+00 	 1.281966e+00 	 1.234179e+00 	 1.192730e+00 	 1.136374e+00 	 6.655459e-01 	 5.884488e-01 
2.452400e-01 	 1.739997e+05 	 1.477163e+00 	 1.415186e+00 	 1.359214e+00 	 1.312570e+00 	 1.263779e+00 	 1.226905e+00 	 1.169301e+00 	 6.841294e-01 	 6.088303e-01 
2.456400e-01 	 1.743997e+05 	 1.488097e+00 	 1.425382e+00 	 1.360688e+00 	 1.324800e+00 	 1.269082e+00 	 1.234941e+00 	 1.172441e+00 	 6.839263e-01 	 6.044051e-01 
2.460400e-01 	 1.747997e+05 	 1.501669e+00 	 1.438632e+00 	 1.375750e+00 	 1.333687e+00 	 1.283517e+00 	 1.244225e+00 	 1.184712e+00 	 6.924556e-01 	 6.096251e-01 
2.464400e-01 	 1.751997e+05 	 1.482584e+00 	 1.412650e+00 	 1.349626e+00 	 1.312703e+00 	 1.261050e+00 	 1.221803e+00 	 1.165713e+00 	 6.737735e-01 	 5.925250e-01 
2.468400e-01 	 1.755997e+05 	 1.283921e+00 	 1.226825e+00 	 1.170809e+00 	 1.136671e+00 	 1.090007e+00 	 1.056261e+00 	 1.005773e+00 	 5.731446e-01 	 5.047185e-01 
2.472400e-01 	 1.759997e+05 	 1.383567e+00 	 1.324284e+00 	 1.263723e+00 	 1.225535e+00 	 1.177208e+00 	 1.142330e+00 	 1.084812e+00 	 6.211436e-01 	 5.463745e-01 
2.476400e-01 	 1.763997e+05 	 1.390212e+00 	 1.328179e+00 	 1.269672e+00 	 1.232316e+00 	 1.181967e+00 	 1.146123e+00 	 1.088687e+00 	 6.222931e-01 	 5.467657e-01 
2.480400e-01 	 1.767997e+05 	 1.419979e+00 	 1.357860e+00 	 1.298588e+00 	 1.257345e+00 	 1.208077e+00 	 1.172192e+00 	 1.113865e+00 	 6.356610e-01 	 5.580144e-01 
2.484400e-01 	 1.771997e+05 	 1.335338e+00 	 1.276181e+00 	 1.216362e+00 	 1.177173e+00 	 1.130222e+00 	 1.097046e+00 	 1.039857e+00 	 5.880368e-01 	 5.157714e-01 
2.488400e-01 	 1.775997e+05 	 1.456112e+00 	 1.392359e+00 	 1.328189e+00 	 1.282811e+00 	 1.229739e+00 	 1.193210e+00 	 1.129723e+00 	 6.420634e-01 	 5.628370e-01 
2.492400e-01 	 1.779997e+05 	 1.146979e+00 	 1.094844e+00 	 1.044323e+00 	 1.009831e+00 	 9.669507e-01 	 9.369259e-01 	 8.902241e-01 	 4.901208e-01 	 4.291949e-01 
2.496400e-01 	 1.783997e+05 	 1.246512e+00 	 1.188340e+00 	 1.132741e+00 	 1.097830e+00 	 1.046665e+00 	 1.016330e+00 	 9.620292e-01 	 5.359563e-01 	 4.696245e-01 
2.500400e-01 	 1.787997e+05 	 1.269512e+00 	 1.210413e+00 	 1.153161e+00 	 1.116394e+00 	 1.069007e+00 	 1.035379e+00 	 9.828406e-01 	 5.414788e-01 	 4.737985e-01 
2.504400e-01 	 1.791997e+05 	 1.266209e+00 	 1.209059e+00 	 1.152684e+00 	 1.114998e+00 	 1.068499e+00 	 1.035242e+00 	 9.840722e-01 	 5.303528e-01 	 4.630409e-01 
2.508400e-01 	 1.795997e+05 	 1.271377e+00 	 1.210980e+00 	 1.150525e+00 	 1.112138e+00 	 1.062734e+00 	 1.028281e+00 	 9.740871e-01 	 5.155264e-01 	 4.479160e-01 
2.512400e-01 	 1.799997e+05 	 1.311762e+00 	 1.244904e+00 	 1.182732e+00 	 1.145739e+00 	 1.095411e+00 	 1.059851e+00 	 1.010295e+00 	 5.402892e-01 	 4.710959e-01 
2.516400e-01 	 1.803997e+05 	 1.417832e+00 	 1.343926e+00 	 1.273985e+00 	 1.228748e+00 	 1.171829e+00 	 1.132020e+00 	 1.076767e+00 	 5.680754e-01 	 4.956310e-01 
2.520400e-01 	 1.807997e+05 	 1.265729e+00 	 1.202452e+00 	 1.140227e+00 	 1.101751e+00 	 1.051507e+00 	 1.015772e+00 	 9.642118e-01 	 4.901822e-01 	 4.243404e-01 
2.524400e-01 	 1.811997e+05 	 1.354522e+00 	 1.287153e+00 	 1.219303e+00 	 1.175725e+00 	 1.121339e+00 	 1.086904e+00 	 1.024056e+00 	 5.124215e-01 	 4.434219e-01 
2.528400e-01 	 1.815997e+05 	 1.386670e+00 	 1.318936e+00 	 1.249324e+00 	 1.206426e+00 	 1.148535e+00 	 1.109399e+00 	 1.048576e+00 	 4.959684e-01 	 4.265689e-01 
2.532400e-01 	 1.819997e+05 	 1.348419e+00 	 1.281602e+00 	 1.216551e+00 	 1.173757e+00 	 1.117031e+00 	 1.077813e+00 	 1.017283e+00 	 4.494831e-01 	 3.813899e-01 
2.536400e-01 	 1.823997e+05 	 1.312986e+00 	 1.252139e+00 	 1.193591e+00 	 1.151250e+00 	 1.098490e+00 	 1.062414e+00 	 9.934880e-01 	 3.874602e-01 	 3.215617e-01 
2.540400e-01 	 1.827997e+05 	 1.398385e+00 	 1.335530e+00 	 1.272985e+00 	 1.229750e+00 	 1.172902e+00 	 1.134860e+00 	 1.057670e+00 	 3.844412e-01 	 3.147358e-01 
2.544400e-01 	 1.831997e+05 	 1.404111e+00 	 1.345183e+00 	 1.281119e+00 	 1.240572e+00 	 1.184568e+00 	 1.143945e+00 	 1.061698e+00 	 3.533857e-01 	 2.840621e-01 
2.548400e-01 	 1.835997e+05 	 1.414948e+00 	 1.355547e+00 	 1.296045e+00 	 1.255601e+00 	 1.200508e+00 	 1.161552e+00 	 1.073158e+00 	 3.237883e-01 	 2.556777e-01 
2.558800e-01 	 1.846397e+05 	 1.436962e+00 	 1.381349e+00 	 1.324840e+00 	 1.282527e+00 	 1.230380e+00 	 1.189328e+00 	 1.095937e+00 	 3.063501e-01 	 2.382860e-01 
