Time (Myr) 	 Time-t0 (yr) 	 5deg L_bol (L_sol) 	 15 	 25 	 35 	 45 	 55 	 65 	 75 	 85 
4.156000e-02 	 4.999000e+02 	 2.397670e-02 	 2.397704e-02 	 2.397711e-02 	 2.397722e-02 	 2.397705e-02 	 2.397689e-02 	 2.397711e-02 	 2.397693e-02 	 2.397688e-02 
4.206000e-02 	 9.998000e+02 	 2.441244e-02 	 2.441290e-02 	 2.441307e-02 	 2.441315e-02 	 2.441310e-02 	 2.441295e-02 	 2.441306e-02 	 2.441255e-02 	 2.441263e-02 
4.256000e-02 	 1.499800e+03 	 2.479756e-02 	 2.479831e-02 	 2.479850e-02 	 2.479836e-02 	 2.479834e-02 	 2.479821e-02 	 2.479849e-02 	 2.479803e-02 	 2.479828e-02 
4.306000e-02 	 1.999800e+03 	 2.499765e-02 	 2.499789e-02 	 2.499821e-02 	 2.499812e-02 	 2.499813e-02 	 2.499808e-02 	 2.499811e-02 	 2.499805e-02 	 2.499784e-02 
4.356000e-02 	 2.499800e+03 	 2.517076e-02 	 2.517125e-02 	 2.517125e-02 	 2.517113e-02 	 2.517108e-02 	 2.517104e-02 	 2.517172e-02 	 2.517105e-02 	 2.517071e-02 
4.406000e-02 	 2.999800e+03 	 2.534943e-02 	 2.535032e-02 	 2.535041e-02 	 2.535011e-02 	 2.535009e-02 	 2.535019e-02 	 2.535055e-02 	 2.535037e-02 	 2.534971e-02 
4.456000e-02 	 3.499800e+03 	 2.550931e-02 	 2.551025e-02 	 2.551041e-02 	 2.551009e-02 	 2.551010e-02 	 2.550999e-02 	 2.550985e-02 	 2.551015e-02 	 2.550920e-02 
4.506000e-02 	 3.999800e+03 	 2.566912e-02 	 2.567029e-02 	 2.567030e-02 	 2.567003e-02 	 2.566988e-02 	 2.567007e-02 	 2.567013e-02 	 2.567000e-02 	 2.566939e-02 
4.556000e-02 	 4.499800e+03 	 2.583002e-02 	 2.583050e-02 	 2.583059e-02 	 2.583031e-02 	 2.583011e-02 	 2.583023e-02 	 2.583045e-02 	 2.583004e-02 	 2.582977e-02 
4.606000e-02 	 4.999800e+03 	 2.597415e-02 	 2.597482e-02 	 2.597457e-02 	 2.597431e-02 	 2.597409e-02 	 2.597404e-02 	 2.597424e-02 	 2.597370e-02 	 2.597350e-02 
4.656000e-02 	 5.499800e+03 	 2.613942e-02 	 2.614057e-02 	 2.614032e-02 	 2.614025e-02 	 2.613979e-02 	 2.613985e-02 	 2.613978e-02 	 2.613970e-02 	 2.613959e-02 
4.706000e-02 	 5.999800e+03 	 2.630558e-02 	 2.630693e-02 	 2.630659e-02 	 2.630664e-02 	 2.630601e-02 	 2.630602e-02 	 2.630576e-02 	 2.630625e-02 	 2.630556e-02 
4.756000e-02 	 6.499700e+03 	 2.646488e-02 	 2.646575e-02 	 2.646529e-02 	 2.646518e-02 	 2.646464e-02 	 2.646461e-02 	 2.646393e-02 	 2.646419e-02 	 2.646428e-02 
4.806000e-02 	 6.999700e+03 	 2.655441e-02 	 2.655519e-02 	 2.655467e-02 	 2.655436e-02 	 2.655392e-02 	 2.655376e-02 	 2.655333e-02 	 2.655324e-02 	 2.655291e-02 
4.856000e-02 	 7.499700e+03 	 2.662615e-02 	 2.662690e-02 	 2.662671e-02 	 2.662616e-02 	 2.662560e-02 	 2.662526e-02 	 2.662471e-02 	 2.662416e-02 	 2.662442e-02 
4.906000e-02 	 7.999700e+03 	 2.672057e-02 	 2.672124e-02 	 2.672066e-02 	 2.672021e-02 	 2.671929e-02 	 2.671884e-02 	 2.671882e-02 	 2.671737e-02 	 2.671754e-02 
4.956000e-02 	 8.499700e+03 	 2.127759e-02 	 2.127773e-02 	 2.127769e-02 	 2.127783e-02 	 2.127778e-02 	 2.127766e-02 	 2.127759e-02 	 2.127787e-02 	 2.127749e-02 
5.056000e-02 	 9.499800e+03 	 2.453326e-02 	 2.460018e-02 	 2.467918e-02 	 2.475052e-02 	 2.481363e-02 	 2.486543e-02 	 2.490476e-02 	 2.491540e-02 	 2.374228e-02 
5.106000e-02 	 9.999700e+03 	 2.090811e-02 	 2.090822e-02 	 2.090828e-02 	 2.090844e-02 	 2.090832e-02 	 2.090821e-02 	 2.090816e-02 	 2.090825e-02 	 2.090799e-02 
5.156000e-02 	 1.049980e+04 	 2.728776e-02 	 2.735114e-02 	 2.739274e-02 	 2.741105e-02 	 2.740599e-02 	 2.737623e-02 	 2.731633e-02 	 2.708871e-02 	 2.258526e-02 
5.206000e-02 	 1.099980e+04 	 2.763928e-02 	 2.770837e-02 	 2.775262e-02 	 2.777086e-02 	 2.776266e-02 	 2.772589e-02 	 2.765433e-02 	 2.725717e-02 	 2.238619e-02 
5.256000e-02 	 1.149980e+04 	 2.649899e-02 	 2.655611e-02 	 2.659080e-02 	 2.660176e-02 	 2.658949e-02 	 2.655202e-02 	 2.648398e-02 	 2.600880e-02 	 2.180441e-02 
5.306000e-02 	 1.199980e+04 	 2.629900e-02 	 2.635444e-02 	 2.638770e-02 	 2.639741e-02 	 2.638375e-02 	 2.634497e-02 	 2.627541e-02 	 2.570386e-02 	 2.159957e-02 
5.356000e-02 	 1.249980e+04 	 2.477435e-02 	 2.481527e-02 	 2.483823e-02 	 2.484307e-02 	 2.482979e-02 	 2.479747e-02 	 2.474139e-02 	 2.427198e-02 	 2.110958e-02 
5.406000e-02 	 1.299970e+04 	 2.491533e-02 	 2.495841e-02 	 2.498204e-02 	 2.498654e-02 	 2.497150e-02 	 2.493586e-02 	 2.487498e-02 	 2.430391e-02 	 2.099654e-02 
5.456000e-02 	 1.349970e+04 	 2.434885e-02 	 2.438702e-02 	 2.440729e-02 	 2.440987e-02 	 2.439469e-02 	 2.436063e-02 	 2.430374e-02 	 2.373589e-02 	 2.074565e-02 
5.506000e-02 	 1.399980e+04 	 2.544989e-02 	 2.549997e-02 	 2.552723e-02 	 2.553178e-02 	 2.551329e-02 	 2.547018e-02 	 2.539699e-02 	 2.457247e-02 	 2.086116e-02 
5.556000e-02 	 1.449970e+04 	 2.468913e-02 	 2.473325e-02 	 2.475700e-02 	 2.476036e-02 	 2.474366e-02 	 2.470516e-02 	 2.464001e-02 	 2.387126e-02 	 2.059432e-02 
5.606000e-02 	 1.499970e+04 	 2.420771e-02 	 2.424917e-02 	 2.427154e-02 	 2.427493e-02 	 2.425978e-02 	 2.422394e-02 	 2.416341e-02 	 2.343476e-02 	 2.038450e-02 
5.656000e-02 	 1.549970e+04 	 2.405207e-02 	 2.409292e-02 	 2.411478e-02 	 2.411776e-02 	 2.410205e-02 	 2.406591e-02 	 2.400502e-02 	 2.323091e-02 	 2.024656e-02 
5.706000e-02 	 1.599980e+04 	 2.549680e-02 	 2.555475e-02 	 2.558734e-02 	 2.559419e-02 	 2.557498e-02 	 2.552810e-02 	 2.544650e-02 	 2.427931e-02 	 2.039137e-02 
5.756000e-02 	 1.649970e+04 	 2.474908e-02 	 2.480038e-02 	 2.482905e-02 	 2.483429e-02 	 2.481653e-02 	 2.477347e-02 	 2.469964e-02 	 2.366047e-02 	 2.012313e-02 
5.806000e-02 	 1.699970e+04 	 2.504963e-02 	 2.510584e-02 	 2.513729e-02 	 2.514329e-02 	 2.512415e-02 	 2.507757e-02 	 2.499734e-02 	 2.379200e-02 	 2.002856e-02 
5.856000e-02 	 1.749970e+04 	 2.506345e-02 	 2.512188e-02 	 2.515457e-02 	 2.516115e-02 	 2.514175e-02 	 2.509435e-02 	 2.501181e-02 	 2.368834e-02 	 1.992206e-02 
5.906000e-02 	 1.799970e+04 	 2.391247e-02 	 2.395969e-02 	 2.398545e-02 	 2.398947e-02 	 2.397193e-02 	 2.393089e-02 	 2.386090e-02 	 2.275416e-02 	 1.959896e-02 
5.956000e-02 	 1.849970e+04 	 2.385869e-02 	 2.390662e-02 	 2.393253e-02 	 2.393619e-02 	 2.391789e-02 	 2.387567e-02 	 2.380360e-02 	 2.261797e-02 	 1.944535e-02 
6.006000e-02 	 1.899980e+04 	 2.667967e-02 	 2.675873e-02 	 2.680388e-02 	 2.681333e-02 	 2.678790e-02 	 2.672401e-02 	 2.661239e-02 	 2.453233e-02 	 1.979712e-02 
6.056000e-02 	 1.949970e+04 	 2.719269e-02 	 2.727927e-02 	 2.732826e-02 	 2.733847e-02 	 2.731027e-02 	 2.724020e-02 	 2.711757e-02 	 2.466485e-02 	 1.971536e-02 
6.106000e-02 	 1.999970e+04 	 2.321430e-02 	 2.325879e-02 	 2.328132e-02 	 2.328253e-02 	 2.326239e-02 	 2.321945e-02 	 2.314767e-02 	 2.187289e-02 	 1.893076e-02 
6.156000e-02 	 2.049970e+04 	 2.294430e-02 	 2.298665e-02 	 2.300768e-02 	 2.300789e-02 	 2.298740e-02 	 2.294411e-02 	 2.287296e-02 	 2.160512e-02 	 1.874799e-02 
6.206000e-02 	 2.099970e+04 	 2.731281e-02 	 2.740023e-02 	 2.744684e-02 	 2.745240e-02 	 2.741633e-02 	 2.733563e-02 	 2.719782e-02 	 2.428587e-02 	 1.923746e-02 
6.256000e-02 	 2.149980e+04 	 3.954846e-02 	 3.977189e-02 	 3.989013e-02 	 3.992162e-02 	 3.986229e-02 	 3.969903e-02 	 3.939532e-02 	 3.004667e-02 	 2.183026e-02 
6.306000e-02 	 2.199970e+04 	 3.915807e-02 	 3.925174e-02 	 3.927751e-02 	 3.924717e-02 	 3.913207e-02 	 3.893577e-02 	 3.860951e-02 	 2.857003e-02 	 2.474282e-02 
6.356000e-02 	 2.249970e+04 	 1.295109e+00 	 1.296244e+00 	 1.296895e+00 	 1.296248e+00 	 1.290561e+00 	 1.278453e+00 	 1.256787e+00 	 1.171516e+00 	 1.098815e+00 
6.406000e-02 	 2.299970e+04 	 1.732944e-01 	 1.732819e-01 	 1.732428e-01 	 1.728845e-01 	 1.720798e-01 	 1.705858e-01 	 1.680742e-01 	 1.526634e-01 	 1.434097e-01 
6.456000e-02 	 2.349970e+04 	 4.861752e-01 	 4.861127e-01 	 4.861139e-01 	 4.853342e-01 	 4.831137e-01 	 4.788267e-01 	 4.710045e-01 	 4.327994e-01 	 4.050913e-01 
6.506000e-02 	 2.399970e+04 	 3.115506e+00 	 3.114374e+00 	 3.112878e+00 	 3.107360e+00 	 3.088855e+00 	 3.059509e+00 	 3.001563e+00 	 2.795825e+00 	 2.626413e+00 
6.556000e-02 	 2.449970e+04 	 6.112357e-01 	 6.100614e-01 	 6.114023e-01 	 6.102719e-01 	 6.073376e-01 	 6.019064e-01 	 5.921254e-01 	 5.447289e-01 	 5.067977e-01 
6.606000e-02 	 2.499970e+04 	 9.098844e-01 	 9.098537e-01 	 9.088502e-01 	 9.069791e-01 	 9.021779e-01 	 8.932478e-01 	 8.768238e-01 	 8.047813e-01 	 7.517100e-01 
6.656000e-02 	 2.549970e+04 	 3.794086e+00 	 3.795186e+00 	 3.795391e+00 	 3.787475e+00 	 3.767535e+00 	 3.727088e+00 	 3.656076e+00 	 3.400842e+00 	 3.191707e+00 
6.706000e-02 	 2.599980e+04 	 9.773933e-01 	 9.764503e-01 	 9.751349e-01 	 9.734990e-01 	 9.688083e-01 	 9.599369e-01 	 9.415407e-01 	 8.620906e-01 	 8.043747e-01 
6.756000e-02 	 2.649970e+04 	 1.912576e+00 	 1.911501e+00 	 1.909626e+00 	 1.904437e+00 	 1.894773e+00 	 1.874726e+00 	 1.838975e+00 	 1.691054e+00 	 1.577045e+00 
6.806000e-02 	 2.699970e+04 	 2.630670e+00 	 2.631317e+00 	 2.631849e+00 	 2.626598e+00 	 2.612413e+00 	 2.585695e+00 	 2.536238e+00 	 2.335136e+00 	 2.186830e+00 
6.856000e-02 	 2.749970e+04 	 1.716024e+00 	 1.714319e+00 	 1.713741e+00 	 1.711147e+00 	 1.703504e+00 	 1.686410e+00 	 1.654875e+00 	 1.508927e+00 	 1.409636e+00 
6.906000e-02 	 2.799980e+04 	 5.117624e+00 	 5.123891e+00 	 5.115416e+00 	 5.109229e+00 	 5.090660e+00 	 5.033672e+00 	 4.934453e+00 	 4.523010e+00 	 4.239223e+00 
6.940000e-02 	 2.833970e+04 	 1.311354e+01 	 1.311351e+01 	 1.312658e+01 	 1.310529e+01 	 1.303347e+01 	 1.288750e+01 	 1.263153e+01 	 1.162583e+01 	 1.094044e+01 
6.942000e-02 	 2.835970e+04 	 1.476834e+01 	 1.477449e+01 	 1.478200e+01 	 1.477518e+01 	 1.469237e+01 	 1.451885e+01 	 1.423006e+01 	 1.310103e+01 	 1.231128e+01 
6.944000e-02 	 2.837970e+04 	 1.417447e+01 	 1.418868e+01 	 1.419844e+01 	 1.418744e+01 	 1.408213e+01 	 1.394111e+01 	 1.364093e+01 	 1.254422e+01 	 1.179582e+01 
6.952000e-02 	 2.845970e+04 	 1.468269e+01 	 1.469234e+01 	 1.469345e+01 	 1.467737e+01 	 1.460125e+01 	 1.442609e+01 	 1.413517e+01 	 1.300206e+01 	 1.222408e+01 
6.956000e-02 	 2.849970e+04 	 4.246814e+00 	 4.247008e+00 	 4.247251e+00 	 4.240620e+00 	 4.221196e+00 	 4.177323e+00 	 4.093624e+00 	 3.735398e+00 	 3.496471e+00 
7.006000e-02 	 2.899970e+04 	 1.198547e+00 	 1.198008e+00 	 1.197354e+00 	 1.194302e+00 	 1.187925e+00 	 1.174591e+00 	 1.151479e+00 	 1.029142e+00 	 9.633538e-01 
7.056000e-02 	 2.949970e+04 	 2.439096e+00 	 2.438313e+00 	 2.437235e+00 	 2.430262e+00 	 2.416405e+00 	 2.389596e+00 	 2.339999e+00 	 2.112639e+00 	 1.978113e+00 
7.106000e-02 	 2.999970e+04 	 1.145906e+00 	 1.145851e+00 	 1.144511e+00 	 1.141315e+00 	 1.133385e+00 	 1.120141e+00 	 1.097475e+00 	 9.778690e-01 	 9.131969e-01 
7.156000e-02 	 3.049970e+04 	 1.094396e+00 	 1.093854e+00 	 1.092339e+00 	 1.088239e+00 	 1.081215e+00 	 1.069104e+00 	 1.046203e+00 	 9.315664e-01 	 8.668135e-01 
7.206000e-02 	 3.099970e+04 	 3.143186e+00 	 3.138791e+00 	 3.142673e+00 	 3.129314e+00 	 3.114330e+00 	 3.075009e+00 	 3.012258e+00 	 2.740202e+00 	 2.564030e+00 
7.256000e-02 	 3.149970e+04 	 2.733933e+00 	 2.729699e+00 	 2.730390e+00 	 2.723564e+00 	 2.706213e+00 	 2.669428e+00 	 2.618901e+00 	 2.369804e+00 	 2.218146e+00 
7.306000e-02 	 3.199970e+04 	 1.006930e+00 	 1.005429e+00 	 1.004078e+00 	 1.000031e+00 	 9.928869e-01 	 9.810157e-01 	 9.595464e-01 	 8.411225e-01 	 7.821359e-01 
7.356000e-02 	 3.249970e+04 	 1.364631e+00 	 1.363667e+00 	 1.361491e+00 	 1.356590e+00 	 1.346955e+00 	 1.329532e+00 	 1.299944e+00 	 1.142250e+00 	 1.063947e+00 
7.406000e-02 	 3.299970e+04 	 2.680225e+00 	 2.682823e+00 	 2.680601e+00 	 2.667738e+00 	 2.652467e+00 	 2.624419e+00 	 2.572722e+00 	 2.289262e+00 	 2.137629e+00 
7.456000e-02 	 3.349970e+04 	 1.486676e+00 	 1.486006e+00 	 1.484175e+00 	 1.479069e+00 	 1.468054e+00 	 1.447795e+00 	 1.413307e+00 	 1.231089e+00 	 1.148650e+00 
7.506000e-02 	 3.399970e+04 	 2.529443e+00 	 2.524265e+00 	 2.527659e+00 	 2.524557e+00 	 2.504285e+00 	 2.475027e+00 	 2.416796e+00 	 2.126781e+00 	 1.980226e+00 
7.556000e-02 	 3.449970e+04 	 1.956753e+00 	 1.952290e+00 	 1.950352e+00 	 1.944633e+00 	 1.925684e+00 	 1.901989e+00 	 1.853219e+00 	 1.607831e+00 	 1.498851e+00 
7.606000e-02 	 3.499970e+04 	 1.996988e+00 	 1.995670e+00 	 1.992779e+00 	 1.986888e+00 	 1.972203e+00 	 1.945107e+00 	 1.899985e+00 	 1.650168e+00 	 1.541876e+00 
7.656000e-02 	 3.549970e+04 	 1.044871e+00 	 1.042628e+00 	 1.040828e+00 	 1.035373e+00 	 1.026307e+00 	 1.019237e+00 	 9.969300e-01 	 8.512570e-01 	 7.936536e-01 
7.706000e-02 	 3.599970e+04 	 1.370111e+00 	 1.368347e+00 	 1.364630e+00 	 1.359103e+00 	 1.349703e+00 	 1.332529e+00 	 1.301277e+00 	 1.116897e+00 	 1.042260e+00 
7.756000e-02 	 3.649970e+04 	 4.187084e+00 	 4.183840e+00 	 4.172308e+00 	 4.156529e+00 	 4.115373e+00 	 4.050760e+00 	 3.948860e+00 	 3.449844e+00 	 3.220134e+00 
7.768000e-02 	 3.661970e+04 	 1.331858e+01 	 1.332883e+01 	 1.330767e+01 	 1.326584e+01 	 1.315757e+01 	 1.296877e+01 	 1.263243e+01 	 1.121447e+01 	 1.050495e+01 
7.770000e-02 	 3.663970e+04 	 1.447317e+01 	 1.446913e+01 	 1.439851e+01 	 1.435258e+01 	 1.421703e+01 	 1.404427e+01 	 1.368855e+01 	 1.222789e+01 	 1.143728e+01 
7.772000e-02 	 3.665970e+04 	 1.278611e+01 	 1.277156e+01 	 1.276334e+01 	 1.269248e+01 	 1.255788e+01 	 1.239376e+01 	 1.207415e+01 	 1.074560e+01 	 1.005577e+01 
7.806000e-02 	 3.699980e+04 	 1.736103e+00 	 1.749588e+00 	 1.750430e+00 	 1.749109e+00 	 1.743226e+00 	 1.685749e+00 	 1.688952e+00 	 1.418263e+00 	 1.377670e+00 
7.856000e-02 	 3.749970e+04 	 9.442025e-01 	 9.432551e-01 	 9.394096e-01 	 9.346077e-01 	 9.258192e-01 	 9.105103e-01 	 8.859842e-01 	 7.441888e-01 	 6.891054e-01 
7.906000e-02 	 3.799970e+04 	 6.697512e+00 	 6.716905e+00 	 6.696650e+00 	 6.665559e+00 	 6.637313e+00 	 6.548712e+00 	 6.387728e+00 	 5.627487e+00 	 5.235970e+00 
7.956000e-02 	 3.849970e+04 	 1.692511e+00 	 1.690911e+00 	 1.685752e+00 	 1.676774e+00 	 1.660316e+00 	 1.633626e+00 	 1.590036e+00 	 1.352525e+00 	 1.258342e+00 
8.006000e-02 	 3.899970e+04 	 9.951087e-01 	 9.949145e-01 	 9.916079e-01 	 9.838376e-01 	 9.734585e-01 	 9.588461e-01 	 9.320115e-01 	 7.720300e-01 	 7.131376e-01 
8.056000e-02 	 3.949970e+04 	 8.572210e-01 	 8.557729e-01 	 8.521999e-01 	 8.460879e-01 	 8.362422e-01 	 8.222933e-01 	 7.977147e-01 	 6.484741e-01 	 5.986527e-01 
8.106000e-02 	 3.999970e+04 	 4.123004e+00 	 4.117124e+00 	 4.113930e+00 	 4.101199e+00 	 4.059361e+00 	 3.996637e+00 	 3.882732e+00 	 3.301238e+00 	 3.070284e+00 
8.156000e-02 	 4.049970e+04 	 2.128688e+00 	 2.127056e+00 	 2.123118e+00 	 2.112457e+00 	 2.091668e+00 	 2.059481e+00 	 1.997002e+00 	 1.657281e+00 	 1.534191e+00 
8.206000e-02 	 4.099970e+04 	 1.332334e+00 	 1.334279e+00 	 1.323846e+00 	 1.318414e+00 	 1.299002e+00 	 1.275491e+00 	 1.230518e+00 	 9.860502e-01 	 9.096609e-01 
8.256000e-02 	 4.149970e+04 	 2.027688e+00 	 2.026174e+00 	 2.021533e+00 	 2.009670e+00 	 1.986361e+00 	 1.955269e+00 	 1.886194e+00 	 1.522569e+00 	 1.407125e+00 
8.306000e-02 	 4.199970e+04 	 1.412958e+00 	 1.409130e+00 	 1.405844e+00 	 1.396016e+00 	 1.378898e+00 	 1.352705e+00 	 1.309623e+00 	 1.036170e+00 	 9.538298e-01 
8.326000e-02 	 4.219970e+04 	 1.363989e+01 	 1.359374e+01 	 1.357062e+01 	 1.352385e+01 	 1.340699e+01 	 1.320183e+01 	 1.281330e+01 	 1.100200e+01 	 1.026488e+01 
8.328000e-02 	 4.221970e+04 	 1.194452e+01 	 1.195063e+01 	 1.191217e+01 	 1.188834e+01 	 1.177899e+01 	 1.159646e+01 	 1.125084e+01 	 9.625029e+00 	 8.963915e+00 
8.356000e-02 	 4.249970e+04 	 5.403174e+00 	 5.398710e+00 	 5.390212e+00 	 5.355099e+00 	 5.307649e+00 	 5.225961e+00 	 5.071586e+00 	 4.267768e+00 	 3.957643e+00 
8.406000e-02 	 4.299970e+04 	 2.759737e+00 	 2.755624e+00 	 2.749385e+00 	 2.729600e+00 	 2.703642e+00 	 2.656379e+00 	 2.567932e+00 	 2.108606e+00 	 1.952117e+00 
8.456000e-02 	 4.349970e+04 	 1.693916e+00 	 1.693169e+00 	 1.688572e+00 	 1.676326e+00 	 1.657776e+00 	 1.627852e+00 	 1.574110e+00 	 1.263072e+00 	 1.165258e+00 
8.506000e-02 	 4.399970e+04 	 1.211717e+00 	 1.208600e+00 	 1.203045e+00 	 1.193289e+00 	 1.177801e+00 	 1.155409e+00 	 1.115247e+00 	 8.805106e-01 	 8.086022e-01 
8.556000e-02 	 4.449970e+04 	 9.175581e-01 	 9.151772e-01 	 9.108650e-01 	 9.026352e-01 	 8.901945e-01 	 8.722207e-01 	 8.396195e-01 	 6.427243e-01 	 5.885350e-01 
8.606000e-02 	 4.499970e+04 	 8.894422e-01 	 8.855802e-01 	 8.799199e-01 	 8.720767e-01 	 8.599711e-01 	 8.430410e-01 	 8.139814e-01 	 6.228965e-01 	 5.703590e-01 
8.656000e-02 	 4.549970e+04 	 8.315146e-01 	 8.288686e-01 	 8.250645e-01 	 8.165237e-01 	 8.046222e-01 	 7.877060e-01 	 7.589912e-01 	 5.758738e-01 	 5.288219e-01 
8.706000e-02 	 4.599970e+04 	 1.662695e+00 	 1.659840e+00 	 1.656188e+00 	 1.641974e+00 	 1.616097e+00 	 1.583231e+00 	 1.530508e+00 	 1.212238e+00 	 1.113261e+00 
8.756000e-02 	 4.649970e+04 	 1.985488e+00 	 1.982825e+00 	 1.972198e+00 	 1.955637e+00 	 1.928201e+00 	 1.891885e+00 	 1.826162e+00 	 1.460392e+00 	 1.343054e+00 
8.806000e-02 	 4.699970e+04 	 3.281670e+00 	 3.278263e+00 	 3.266876e+00 	 3.240437e+00 	 3.196529e+00 	 3.129929e+00 	 3.023392e+00 	 2.450435e+00 	 2.264269e+00 
8.856000e-02 	 4.749970e+04 	 2.170321e+00 	 2.166807e+00 	 2.157490e+00 	 2.134771e+00 	 2.103624e+00 	 2.060915e+00 	 1.981591e+00 	 1.572847e+00 	 1.449737e+00 
8.906000e-02 	 4.799970e+04 	 1.545220e+00 	 1.542107e+00 	 1.535977e+00 	 1.522882e+00 	 1.506013e+00 	 1.470431e+00 	 1.414090e+00 	 1.095843e+00 	 1.006840e+00 
8.956000e-02 	 4.849970e+04 	 3.271714e+00 	 3.266920e+00 	 3.256262e+00 	 3.225991e+00 	 3.185445e+00 	 3.122947e+00 	 3.008441e+00 	 2.418756e+00 	 2.230063e+00 
8.976000e-02 	 4.869970e+04 	 9.336709e+00 	 9.331917e+00 	 9.290104e+00 	 9.232386e+00 	 9.128852e+00 	 8.956537e+00 	 8.645608e+00 	 7.198347e+00 	 6.674522e+00 
8.978000e-02 	 4.871970e+04 	 9.655826e+00 	 9.652633e+00 	 9.623920e+00 	 9.581124e+00 	 9.462596e+00 	 9.293379e+00 	 8.986335e+00 	 7.461769e+00 	 6.922723e+00 
8.982000e-02 	 4.875970e+04 	 1.375368e+01 	 1.375226e+01 	 1.369204e+01 	 1.361612e+01 	 1.348279e+01 	 1.324830e+01 	 1.286214e+01 	 1.079514e+01 	 1.004211e+01 
8.984000e-02 	 4.877970e+04 	 1.301505e+01 	 1.301360e+01 	 1.297983e+01 	 1.290627e+01 	 1.276320e+01 	 1.254177e+01 	 1.213106e+01 	 1.020245e+01 	 9.473114e+00 
8.986000e-02 	 4.879970e+04 	 1.073090e+01 	 1.072681e+01 	 1.069641e+01 	 1.064224e+01 	 1.051424e+01 	 1.033524e+01 	 9.991525e+00 	 8.354851e+00 	 7.746720e+00 
9.006000e-02 	 4.899970e+04 	 3.504460e+00 	 3.497003e+00 	 3.484796e+00 	 3.460160e+00 	 3.413624e+00 	 3.347247e+00 	 3.220176e+00 	 2.583031e+00 	 2.379435e+00 
9.008000e-02 	 4.901970e+04 	 1.087902e+01 	 1.087983e+01 	 1.086584e+01 	 1.078422e+01 	 1.068666e+01 	 1.048354e+01 	 1.012465e+01 	 8.432028e+00 	 7.831612e+00 
9.014000e-02 	 4.907970e+04 	 9.993592e+00 	 1.000044e+01 	 9.975203e+00 	 9.905357e+00 	 9.806283e+00 	 9.628557e+00 	 9.297147e+00 	 7.714656e+00 	 7.158296e+00 
9.016000e-02 	 4.909970e+04 	 1.759863e+01 	 1.755611e+01 	 1.748780e+01 	 1.737852e+01 	 1.719510e+01 	 1.686632e+01 	 1.633259e+01 	 1.375183e+01 	 1.277185e+01 
9.018000e-02 	 4.911970e+04 	 7.966548e+00 	 7.982933e+00 	 7.961331e+00 	 7.914546e+00 	 7.819098e+00 	 7.669649e+00 	 7.391814e+00 	 6.101269e+00 	 5.649894e+00 
9.026000e-02 	 4.919970e+04 	 9.298218e+00 	 9.293025e+00 	 9.266579e+00 	 9.227090e+00 	 9.148343e+00 	 8.995910e+00 	 8.710762e+00 	 7.244511e+00 	 6.707567e+00 
9.056000e-02 	 4.949970e+04 	 7.044345e+00 	 7.035621e+00 	 7.011344e+00 	 6.969534e+00 	 6.899705e+00 	 6.778956e+00 	 6.535314e+00 	 5.337988e+00 	 4.925214e+00 
9.074000e-02 	 4.967970e+04 	 9.438434e+00 	 9.436163e+00 	 9.399234e+00 	 9.333000e+00 	 9.243466e+00 	 9.072210e+00 	 8.735985e+00 	 7.174825e+00 	 6.641498e+00 
9.078000e-02 	 4.971970e+04 	 9.346154e+00 	 9.337216e+00 	 9.293402e+00 	 9.236262e+00 	 9.142562e+00 	 8.973537e+00 	 8.646881e+00 	 7.095669e+00 	 6.556672e+00 
9.082000e-02 	 4.975970e+04 	 7.912177e+00 	 7.901218e+00 	 7.888069e+00 	 7.837444e+00 	 7.747199e+00 	 7.601226e+00 	 7.313647e+00 	 5.949522e+00 	 5.498489e+00 
9.084000e-02 	 4.977970e+04 	 1.357116e+01 	 1.357348e+01 	 1.352968e+01 	 1.342467e+01 	 1.328608e+01 	 1.305218e+01 	 1.254501e+01 	 1.034486e+01 	 9.612401e+00 
9.086000e-02 	 4.979970e+04 	 1.148499e+01 	 1.148194e+01 	 1.144451e+01 	 1.137517e+01 	 1.124166e+01 	 1.103087e+01 	 1.061254e+01 	 8.715735e+00 	 8.059138e+00 
9.106000e-02 	 4.999970e+04 	 2.970186e+00 	 2.965613e+00 	 2.955125e+00 	 2.928801e+00 	 2.885931e+00 	 2.825714e+00 	 2.692771e+00 	 2.055163e+00 	 1.881250e+00 
9.156000e-02 	 5.049970e+04 	 1.381046e+00 	 1.375220e+00 	 1.318408e+00 	 1.304116e+00 	 1.282781e+00 	 1.253678e+00 	 1.207222e+00 	 8.251097e-01 	 7.477204e-01 
9.206000e-02 	 5.099970e+04 	 1.368093e+00 	 1.363774e+00 	 1.356042e+00 	 1.340587e+00 	 1.317620e+00 	 1.286700e+00 	 1.205968e+00 	 8.327585e-01 	 7.547234e-01 
9.256000e-02 	 5.149970e+04 	 1.120927e+00 	 1.119331e+00 	 1.111490e+00 	 1.096560e+00 	 1.075802e+00 	 1.049863e+00 	 9.728342e-01 	 6.380164e-01 	 5.770997e-01 
9.306000e-02 	 5.199970e+04 	 1.248881e+00 	 1.246564e+00 	 1.240213e+00 	 1.225969e+00 	 1.204956e+00 	 1.177005e+00 	 1.098869e+00 	 7.333810e-01 	 6.632301e-01 
9.356000e-02 	 5.249970e+04 	 8.823432e-01 	 8.789455e-01 	 8.714657e-01 	 8.602589e-01 	 8.449636e-01 	 8.229109e-01 	 7.675487e-01 	 4.970509e-01 	 4.467403e-01 
9.406000e-02 	 5.299970e+04 	 8.324549e-01 	 8.292752e-01 	 8.230904e-01 	 8.143087e-01 	 7.983736e-01 	 7.784862e-01 	 7.324345e-01 	 4.741975e-01 	 4.266891e-01 
9.456000e-02 	 5.349970e+04 	 2.223019e+00 	 2.419056e+00 	 2.399113e+00 	 2.370863e+00 	 2.318321e+00 	 2.250775e+00 	 2.113563e+00 	 1.503897e+00 	 1.331750e+00 
9.506000e-02 	 5.399970e+04 	 2.941494e+00 	 2.926381e+00 	 2.906788e+00 	 2.875246e+00 	 2.830341e+00 	 2.767244e+00 	 2.643238e+00 	 1.981138e+00 	 1.805878e+00 
9.530000e-02 	 5.423970e+04 	 7.182619e+00 	 7.162259e+00 	 7.126648e+00 	 7.068292e+00 	 6.968016e+00 	 6.817269e+00 	 6.531143e+00 	 5.127151e+00 	 4.728716e+00 
9.536000e-02 	 5.429970e+04 	 1.297015e+01 	 1.293037e+01 	 1.286720e+01 	 1.276335e+01 	 1.257039e+01 	 1.230690e+01 	 1.181160e+01 	 9.513275e+00 	 8.796531e+00 
9.538000e-02 	 5.431970e+04 	 1.509794e+01 	 1.506726e+01 	 1.502067e+01 	 1.489606e+01 	 1.470298e+01 	 1.440894e+01 	 1.385424e+01 	 1.122179e+01 	 1.037823e+01 
9.540000e-02 	 5.433970e+04 	 2.549085e+01 	 2.546531e+01 	 2.538859e+01 	 2.516565e+01 	 2.490443e+01 	 2.444513e+01 	 2.350109e+01 	 1.944705e+01 	 1.805007e+01 
9.542000e-02 	 5.435970e+04 	 1.237580e+01 	 1.234610e+01 	 1.226538e+01 	 1.216927e+01 	 1.199532e+01 	 1.173942e+01 	 1.127402e+01 	 9.099440e+00 	 8.392869e+00 
9.554000e-02 	 5.447970e+04 	 7.233260e+00 	 7.216518e+00 	 7.152581e+00 	 7.089981e+00 	 6.981863e+00 	 6.832268e+00 	 6.535438e+00 	 5.178341e+00 	 4.764067e+00 
9.556000e-02 	 5.449970e+04 	 9.962260e+00 	 9.933724e+00 	 9.906823e+00 	 9.819365e+00 	 9.688636e+00 	 9.495046e+00 	 9.137628e+00 	 7.292832e+00 	 6.716570e+00 
9.556000e-02 	 5.449970e+04 	 9.919638e+00 	 9.901177e+00 	 9.858495e+00 	 9.770555e+00 	 9.636418e+00 	 9.437214e+00 	 9.062077e+00 	 7.258064e+00 	 6.692026e+00 
9.568000e-02 	 5.461970e+04 	 7.241467e+00 	 7.224915e+00 	 7.183795e+00 	 7.121802e+00 	 7.018765e+00 	 6.875524e+00 	 6.596107e+00 	 5.228834e+00 	 4.810581e+00 
9.570000e-02 	 5.463970e+04 	 8.101184e+00 	 8.076764e+00 	 8.032578e+00 	 7.961750e+00 	 7.828725e+00 	 7.647468e+00 	 7.331438e+00 	 5.770765e+00 	 5.324822e+00 
9.572000e-02 	 5.465970e+04 	 7.190866e+00 	 7.187348e+00 	 7.140954e+00 	 7.088690e+00 	 6.992185e+00 	 6.840237e+00 	 6.568507e+00 	 5.194481e+00 	 4.777500e+00 
9.606000e-02 	 5.499970e+04 	 3.730288e+00 	 3.724631e+00 	 3.705200e+00 	 3.672882e+00 	 3.621060e+00 	 3.547499e+00 	 3.401380e+00 	 2.601273e+00 	 2.378163e+00 
9.656000e-02 	 5.549970e+04 	 3.421123e+00 	 3.411050e+00 	 3.388438e+00 	 3.351918e+00 	 3.305995e+00 	 3.220772e+00 	 3.072487e+00 	 2.327182e+00 	 2.130689e+00 
9.706000e-02 	 5.599970e+04 	 2.119819e+00 	 2.115908e+00 	 2.104278e+00 	 2.083583e+00 	 2.049824e+00 	 2.004503e+00 	 1.915714e+00 	 1.408457e+00 	 1.283668e+00 
9.756000e-02 	 5.649970e+04 	 1.628227e+00 	 1.621795e+00 	 1.609627e+00 	 1.592777e+00 	 1.566962e+00 	 1.531841e+00 	 1.462265e+00 	 1.060067e+00 	 9.662750e-01 
9.806000e-02 	 5.699970e+04 	 1.446047e+00 	 1.438169e+00 	 1.427134e+00 	 1.410078e+00 	 1.384549e+00 	 1.351643e+00 	 1.288137e+00 	 9.193013e-01 	 8.361217e-01 
9.856000e-02 	 5.749970e+04 	 9.186494e-01 	 9.139463e-01 	 9.063383e-01 	 8.948915e-01 	 8.771550e-01 	 8.563516e-01 	 8.163791e-01 	 5.518775e-01 	 4.992816e-01 
9.906000e-02 	 5.799970e+04 	 8.384526e-01 	 8.328183e-01 	 8.249151e-01 	 8.143216e-01 	 7.991102e-01 	 7.795990e-01 	 7.421723e-01 	 4.915495e-01 	 4.423217e-01 
9.956000e-02 	 5.849970e+04 	 9.745111e-01 	 9.689972e-01 	 9.610015e-01 	 9.502320e-01 	 9.334344e-01 	 9.110376e-01 	 8.716879e-01 	 5.856416e-01 	 5.275668e-01 
1.000600e-01 	 5.899970e+04 	 1.320376e+00 	 1.310748e+00 	 1.299253e+00 	 1.284415e+00 	 1.263030e+00 	 1.233416e+00 	 1.180998e+00 	 8.199680e-01 	 7.396282e-01 
1.005600e-01 	 5.949970e+04 	 2.140335e+00 	 2.128129e+00 	 2.111576e+00 	 2.086251e+00 	 2.048191e+00 	 1.997613e+00 	 1.898835e+00 	 1.341827e+00 	 1.215587e+00 
1.010600e-01 	 5.999970e+04 	 2.974352e+00 	 2.957605e+00 	 2.932608e+00 	 2.896247e+00 	 2.842545e+00 	 2.770717e+00 	 2.626862e+00 	 1.879049e+00 	 1.708631e+00 
1.015600e-01 	 6.049970e+04 	 3.147911e+00 	 3.133116e+00 	 3.113433e+00 	 3.072912e+00 	 3.017356e+00 	 2.941585e+00 	 2.769831e+00 	 1.942299e+00 	 1.759545e+00 
1.020600e-01 	 6.099970e+04 	 3.357901e+00 	 3.335922e+00 	 3.303912e+00 	 3.258822e+00 	 3.191020e+00 	 3.107025e+00 	 2.910112e+00 	 1.995487e+00 	 1.805819e+00 
1.025600e-01 	 6.149970e+04 	 1.730835e+00 	 1.724383e+00 	 1.708421e+00 	 1.683592e+00 	 1.650788e+00 	 1.608078e+00 	 1.487112e+00 	 9.264197e-01 	 8.287759e-01 
1.030600e-01 	 6.199970e+04 	 1.128380e+00 	 1.120651e+00 	 1.108847e+00 	 1.083628e+00 	 1.069004e+00 	 1.030478e+00 	 9.601494e-01 	 5.538929e-01 	 4.927310e-01 
1.035600e-01 	 6.249970e+04 	 1.340855e+00 	 1.334252e+00 	 1.321654e+00 	 1.303742e+00 	 1.277314e+00 	 1.241113e+00 	 1.141886e+00 	 6.692834e-01 	 5.905678e-01 
1.040600e-01 	 6.299970e+04 	 1.025097e+00 	 1.018425e+00 	 1.006701e+00 	 9.919372e-01 	 9.706145e-01 	 9.431050e-01 	 8.671970e-01 	 4.822111e-01 	 4.223635e-01 
1.045600e-01 	 6.349970e+04 	 8.280953e-01 	 8.211617e-01 	 8.113769e-01 	 8.001448e-01 	 7.826151e-01 	 7.636494e-01 	 7.104375e-01 	 3.787693e-01 	 3.309381e-01 
1.050600e-01 	 6.399970e+04 	 7.780244e-01 	 7.706067e-01 	 7.601580e-01 	 7.480922e-01 	 7.315253e-01 	 7.104990e-01 	 6.582159e-01 	 3.432667e-01 	 2.999173e-01 
1.055600e-01 	 6.449970e+04 	 9.344721e-01 	 9.259428e-01 	 9.129056e-01 	 8.982179e-01 	 8.771541e-01 	 8.518206e-01 	 7.877115e-01 	 4.179772e-01 	 3.643333e-01 
1.060600e-01 	 6.499970e+04 	 1.463493e+00 	 1.455275e+00 	 1.435607e+00 	 1.423429e+00 	 1.399139e+00 	 1.364337e+00 	 1.250532e+00 	 6.861389e-01 	 6.018182e-01 
1.065600e-01 	 6.549970e+04 	 1.531566e+00 	 1.521004e+00 	 1.504802e+00 	 1.486501e+00 	 1.454992e+00 	 1.416785e+00 	 1.297578e+00 	 7.123700e-01 	 6.242553e-01 
1.070600e-01 	 6.599970e+04 	 4.633307e+00 	 4.599019e+00 	 4.545603e+00 	 4.509917e+00 	 4.403444e+00 	 4.258044e+00 	 3.915935e+00 	 2.449937e+00 	 2.189123e+00 
1.071000e-01 	 6.603970e+04 	 5.573958e+00 	 5.538652e+00 	 5.451750e+00 	 5.394168e+00 	 5.279623e+00 	 5.113558e+00 	 4.694590e+00 	 3.001008e+00 	 2.690363e+00 
1.071200e-01 	 6.605970e+04 	 6.333404e+00 	 6.299643e+00 	 6.239925e+00 	 6.152476e+00 	 6.025457e+00 	 5.863859e+00 	 5.358037e+00 	 3.497258e+00 	 3.136126e+00 
1.071400e-01 	 6.607970e+04 	 8.072471e+00 	 8.024389e+00 	 7.941671e+00 	 7.828160e+00 	 7.665492e+00 	 7.447079e+00 	 6.865048e+00 	 4.661479e+00 	 4.196626e+00 
1.071600e-01 	 6.609970e+04 	 6.209316e+00 	 6.181106e+00 	 6.097506e+00 	 5.983193e+00 	 5.821085e+00 	 5.612955e+00 	 5.089995e+00 	 3.222084e+00 	 2.889229e+00 
1.075600e-01 	 6.649970e+04 	 3.015152e+00 	 2.994739e+00 	 2.962118e+00 	 2.920878e+00 	 2.866451e+00 	 2.780559e+00 	 2.525123e+00 	 1.471524e+00 	 1.305435e+00 
1.080600e-01 	 6.699970e+04 	 1.849116e+00 	 1.832969e+00 	 1.810999e+00 	 1.786913e+00 	 1.747547e+00 	 1.698932e+00 	 1.543645e+00 	 8.485248e-01 	 7.427730e-01 
1.085600e-01 	 6.749970e+04 	 1.347589e+00 	 1.332590e+00 	 1.314963e+00 	 1.293245e+00 	 1.264411e+00 	 1.229132e+00 	 1.124484e+00 	 5.957614e-01 	 5.182448e-01 
1.090600e-01 	 6.799970e+04 	 9.805519e-01 	 9.690351e-01 	 9.560076e-01 	 9.405304e-01 	 9.199281e-01 	 8.947404e-01 	 8.112666e-01 	 3.988156e-01 	 3.428708e-01 
1.095600e-01 	 6.849970e+04 	 1.011413e+00 	 9.982567e-01 	 9.837489e-01 	 9.656091e-01 	 9.435801e-01 	 9.148407e-01 	 8.411207e-01 	 4.243902e-01 	 3.682251e-01 
1.100600e-01 	 6.899970e+04 	 1.037131e+00 	 1.026605e+00 	 1.013697e+00 	 1.001585e+00 	 9.801457e-01 	 9.523550e-01 	 8.778399e-01 	 4.399734e-01 	 3.803761e-01 
1.105600e-01 	 6.949970e+04 	 1.468549e+00 	 1.454841e+00 	 1.438435e+00 	 1.413418e+00 	 1.384181e+00 	 1.344913e+00 	 1.230672e+00 	 6.346456e-01 	 5.539147e-01 
1.110600e-01 	 6.999970e+04 	 1.331430e+00 	 1.315782e+00 	 1.297837e+00 	 1.278350e+00 	 1.248819e+00 	 1.213540e+00 	 1.089819e+00 	 5.388719e-01 	 4.675740e-01 
1.115600e-01 	 7.049970e+04 	 1.226754e+00 	 1.210202e+00 	 1.195877e+00 	 1.177319e+00 	 1.147552e+00 	 1.116264e+00 	 9.824195e-01 	 4.600223e-01 	 3.931129e-01 
1.120600e-01 	 7.099970e+04 	 1.242226e+00 	 1.231126e+00 	 1.212585e+00 	 1.192858e+00 	 1.166479e+00 	 1.131700e+00 	 9.748042e-01 	 4.388592e-01 	 3.709812e-01 
1.125600e-01 	 7.149970e+04 	 2.432893e+00 	 2.409728e+00 	 2.379573e+00 	 2.335380e+00 	 2.278815e+00 	 2.205271e+00 	 1.857083e+00 	 9.309864e-01 	 7.983037e-01 
1.130600e-01 	 7.199970e+04 	 1.296375e+00 	 1.286233e+00 	 1.270518e+00 	 1.252719e+00 	 1.222791e+00 	 1.183638e+00 	 9.613120e-01 	 4.100600e-01 	 3.395812e-01 
1.135600e-01 	 7.249970e+04 	 1.124136e+00 	 1.115194e+00 	 1.101484e+00 	 1.084062e+00 	 1.057481e+00 	 1.025912e+00 	 8.056429e-01 	 3.231002e-01 	 2.649906e-01 
1.140600e-01 	 7.299970e+04 	 9.339543e-01 	 9.291950e-01 	 9.208380e-01 	 9.071729e-01 	 8.871901e-01 	 8.576021e-01 	 6.570393e-01 	 2.470714e-01 	 1.986096e-01 
1.145600e-01 	 7.349970e+04 	 9.393983e-01 	 9.328739e-01 	 9.227804e-01 	 9.081004e-01 	 8.857894e-01 	 8.579935e-01 	 6.512291e-01 	 2.354390e-01 	 1.892843e-01 
1.150600e-01 	 7.399970e+04 	 1.202784e+00 	 1.193583e+00 	 1.181221e+00 	 1.164232e+00 	 1.138106e+00 	 1.101872e+00 	 8.072501e-01 	 3.050668e-01 	 2.448754e-01 
1.155600e-01 	 7.449970e+04 	 1.918253e+00 	 1.909723e+00 	 1.889440e+00 	 1.864108e+00 	 1.821718e+00 	 1.765529e+00 	 1.291782e+00 	 5.358086e-01 	 4.285208e-01 
1.160600e-01 	 7.499970e+04 	 1.995542e+00 	 1.982147e+00 	 1.957656e+00 	 1.928959e+00 	 1.883081e+00 	 1.821318e+00 	 1.362080e+00 	 5.610681e-01 	 4.540459e-01 
1.165600e-01 	 7.549970e+04 	 1.392426e+00 	 1.379917e+00 	 1.365561e+00 	 1.342255e+00 	 1.313129e+00 	 1.271792e+00 	 9.606663e-01 	 3.602423e-01 	 2.886887e-01 
1.170600e-01 	 7.599970e+04 	 1.260200e+00 	 1.250486e+00 	 1.235765e+00 	 1.216510e+00 	 1.188777e+00 	 1.150507e+00 	 8.722358e-01 	 3.194261e-01 	 2.545635e-01 
1.175600e-01 	 7.649970e+04 	 1.223735e+00 	 1.214017e+00 	 1.200239e+00 	 1.176643e+00 	 1.150249e+00 	 1.112871e+00 	 8.637100e-01 	 3.060308e-01 	 2.460975e-01 
1.180600e-01 	 7.699970e+04 	 1.143596e+00 	 1.128896e+00 	 1.110849e+00 	 1.092222e+00 	 1.062360e+00 	 1.029373e+00 	 8.111298e-01 	 2.967314e-01 	 2.377302e-01 
1.185600e-01 	 7.749970e+04 	 1.106097e+00 	 1.092241e+00 	 1.074770e+00 	 1.055130e+00 	 1.028018e+00 	 9.953206e-01 	 7.985145e-01 	 2.819484e-01 	 2.254158e-01 
1.190600e-01 	 7.799970e+04 	 1.143285e+00 	 1.126871e+00 	 1.106329e+00 	 1.085822e+00 	 1.058494e+00 	 1.024421e+00 	 8.440955e-01 	 3.071412e-01 	 2.482250e-01 
1.195600e-01 	 7.849970e+04 	 8.178635e-01 	 8.034766e-01 	 7.884696e-01 	 7.750621e-01 	 7.548934e-01 	 7.329083e-01 	 6.321654e-01 	 2.208799e-01 	 1.790807e-01 
1.200600e-01 	 7.899970e+04 	 1.213671e+00 	 1.196237e+00 	 1.171204e+00 	 1.149292e+00 	 1.120694e+00 	 1.086537e+00 	 9.407424e-01 	 3.601775e-01 	 2.966501e-01 
1.205600e-01 	 7.949970e+04 	 1.418173e+00 	 1.394541e+00 	 1.366707e+00 	 1.340780e+00 	 1.307142e+00 	 1.267674e+00 	 1.093391e+00 	 4.335681e-01 	 3.598064e-01 
1.210600e-01 	 7.999970e+04 	 1.120981e+00 	 1.100982e+00 	 1.080866e+00 	 1.060829e+00 	 1.033677e+00 	 1.004873e+00 	 8.688186e-01 	 3.384823e-01 	 2.797012e-01 
1.215600e-01 	 8.049970e+04 	 1.326830e+00 	 1.304814e+00 	 1.279988e+00 	 1.259436e+00 	 1.227499e+00 	 1.193212e+00 	 1.040402e+00 	 4.137320e-01 	 3.445723e-01 
1.220600e-01 	 8.099970e+04 	 1.234318e+00 	 1.209743e+00 	 1.186998e+00 	 1.164074e+00 	 1.130331e+00 	 1.095319e+00 	 9.282146e-01 	 3.412928e-01 	 2.841217e-01 
1.225600e-01 	 8.149970e+04 	 9.747106e-01 	 9.572737e-01 	 9.385974e-01 	 9.208749e-01 	 8.979100e-01 	 8.724107e-01 	 7.545456e-01 	 2.840815e-01 	 2.327817e-01 
1.230600e-01 	 8.199970e+04 	 8.072700e-01 	 7.891616e-01 	 7.758623e-01 	 7.603184e-01 	 7.398261e-01 	 7.165634e-01 	 6.085876e-01 	 2.145130e-01 	 1.732307e-01 
1.235600e-01 	 8.249970e+04 	 2.620406e+00 	 2.577884e+00 	 2.535453e+00 	 2.483350e+00 	 2.418100e+00 	 2.344004e+00 	 1.945019e+00 	 8.490027e-01 	 6.898041e-01 
1.237000e-01 	 8.263970e+04 	 5.024476e+00 	 4.944027e+00 	 4.847632e+00 	 4.768284e+00 	 4.649002e+00 	 4.503803e+00 	 3.768410e+00 	 1.848528e+00 	 1.561292e+00 
1.237800e-01 	 8.271970e+04 	 7.649705e+00 	 7.524525e+00 	 7.382655e+00 	 7.222628e+00 	 7.044141e+00 	 6.830765e+00 	 5.774750e+00 	 3.025570e+00 	 2.623765e+00 
1.238600e-01 	 8.279970e+04 	 5.714882e+00 	 5.624521e+00 	 5.510980e+00 	 5.399935e+00 	 5.278616e+00 	 5.084732e+00 	 4.211138e+00 	 2.113427e+00 	 1.791895e+00 
1.239400e-01 	 8.287970e+04 	 4.204195e+00 	 4.125926e+00 	 4.049806e+00 	 3.965648e+00 	 3.862069e+00 	 3.734056e+00 	 3.114857e+00 	 1.467657e+00 	 1.252764e+00 
1.241000e-01 	 8.303970e+04 	 3.839019e+00 	 3.775186e+00 	 3.695747e+00 	 3.620912e+00 	 3.526299e+00 	 3.413668e+00 	 2.815173e+00 	 1.335044e+00 	 1.114461e+00 
1.249800e-01 	 8.391970e+04 	 1.132133e+00 	 1.113020e+00 	 1.096832e+00 	 1.079438e+00 	 1.050202e+00 	 1.018290e+00 	 8.175258e-01 	 2.741040e-01 	 2.177930e-01 
