Time (Myr) 	 Time-t0 (yr) 	 5deg L_bol (L_sol) 	 15 	 25 	 35 	 45 	 55 	 65 	 75 	 85 
2.232000e-01 	 3.000000e+03 	 7.048169e-02 	 7.046912e-02 	 7.045982e-02 	 7.046205e-02 	 7.048206e-02 	 7.050367e-02 	 7.052740e-02 	 7.054104e-02 	 7.053876e-02 
2.262000e-01 	 6.000000e+03 	 7.282576e-02 	 7.280594e-02 	 7.278408e-02 	 7.276656e-02 	 7.276017e-02 	 7.276477e-02 	 7.277573e-02 	 7.277122e-02 	 7.276002e-02 
2.292000e-01 	 9.000000e+03 	 7.447450e-02 	 7.447815e-02 	 7.446760e-02 	 7.445221e-02 	 7.444525e-02 	 7.444467e-02 	 7.445595e-02 	 7.445903e-02 	 7.445051e-02 
2.322000e-01 	 1.200000e+04 	 7.518162e-02 	 7.530678e-02 	 7.541164e-02 	 7.547588e-02 	 7.546622e-02 	 7.540044e-02 	 7.527553e-02 	 7.459211e-02 	 6.705739e-02 
2.352000e-01 	 1.500000e+04 	 1.287331e+00 	 1.285897e+00 	 1.283694e+00 	 1.279264e+00 	 1.268532e+00 	 1.253919e+00 	 1.231059e+00 	 1.187770e+00 	 1.127697e+00 
2.382000e-01 	 1.800000e+04 	 2.146042e+00 	 2.143769e+00 	 2.140244e+00 	 2.132082e+00 	 2.115540e+00 	 2.089663e+00 	 2.049647e+00 	 1.964860e+00 	 1.860324e+00 
2.412000e-01 	 2.100000e+04 	 4.246409e+00 	 4.246361e+00 	 4.242510e+00 	 4.232038e+00 	 4.205897e+00 	 4.160274e+00 	 4.079788e+00 	 3.869695e+00 	 3.652089e+00 
2.442000e-01 	 2.400000e+04 	 4.380506e+00 	 4.380589e+00 	 4.366442e+00 	 4.356000e+00 	 4.333028e+00 	 4.285147e+00 	 4.193234e+00 	 3.969318e+00 	 3.743842e+00 
2.472000e-01 	 2.700000e+04 	 2.228565e+00 	 2.229623e+00 	 2.229909e+00 	 2.229209e+00 	 2.220255e+00 	 2.201131e+00 	 2.163322e+00 	 2.022796e+00 	 1.902565e+00 
2.502000e-01 	 3.000000e+04 	 5.762084e+00 	 5.761511e+00 	 5.761114e+00 	 5.738391e+00 	 5.708716e+00 	 5.640802e+00 	 5.525459e+00 	 5.160400e+00 	 4.851801e+00 
2.532000e-01 	 3.300000e+04 	 8.560733e+00 	 8.558050e+00 	 8.559601e+00 	 8.534380e+00 	 8.480932e+00 	 8.380400e+00 	 8.201748e+00 	 7.621498e+00 	 7.170770e+00 
2.562000e-01 	 3.600000e+04 	 9.196816e+00 	 9.201142e+00 	 9.204832e+00 	 9.191725e+00 	 9.126449e+00 	 9.032483e+00 	 8.829113e+00 	 8.136700e+00 	 7.661947e+00 
2.592000e-01 	 3.900000e+04 	 5.475438e+00 	 5.479290e+00 	 5.486595e+00 	 5.480839e+00 	 5.455798e+00 	 5.401894e+00 	 5.293055e+00 	 4.842153e+00 	 4.555705e+00 
2.622000e-01 	 4.200000e+04 	 5.661226e+00 	 5.662365e+00 	 5.662482e+00 	 5.653842e+00 	 5.625542e+00 	 5.566422e+00 	 5.452031e+00 	 4.946558e+00 	 4.654760e+00 
2.652000e-01 	 4.500000e+04 	 8.505820e+00 	 8.512043e+00 	 8.519112e+00 	 8.502978e+00 	 8.446760e+00 	 8.343340e+00 	 8.153222e+00 	 7.430127e+00 	 6.978241e+00 
2.664800e-01 	 4.628000e+04 	 6.193735e+01 	 6.195678e+01 	 6.174269e+01 	 6.146699e+01 	 6.096453e+01 	 6.012138e+01 	 5.848610e+01 	 5.332460e+01 	 5.011247e+01 
2.682000e-01 	 4.800000e+04 	 2.769187e+00 	 2.768079e+00 	 2.770044e+00 	 2.766749e+00 	 2.750660e+00 	 2.721596e+00 	 2.650968e+00 	 2.367966e+00 	 2.218318e+00 
2.686000e-01 	 4.839999e+04 	 1.087586e+02 	 1.085542e+02 	 1.081893e+02 	 1.074489e+02 	 1.066256e+02 	 1.051136e+02 	 1.021854e+02 	 9.230690e+01 	 8.662478e+01 
2.712000e-01 	 5.100000e+04 	 4.103679e+00 	 4.103948e+00 	 4.108011e+00 	 4.100848e+00 	 4.078806e+00 	 4.031782e+00 	 3.929201e+00 	 3.491544e+00 	 3.279075e+00 
2.720400e-01 	 5.184001e+04 	 5.274357e+01 	 5.263028e+01 	 5.253268e+01 	 5.230424e+01 	 5.206476e+01 	 5.141899e+01 	 5.008871e+01 	 4.491175e+01 	 4.210032e+01 
2.735600e-01 	 5.335999e+04 	 6.420347e+01 	 6.433493e+01 	 6.425649e+01 	 6.417843e+01 	 6.387532e+01 	 6.304537e+01 	 6.118214e+01 	 5.444361e+01 	 5.122285e+01 
2.742000e-01 	 5.400000e+04 	 2.804655e+00 	 2.806303e+00 	 2.805095e+00 	 2.795929e+00 	 2.774558e+00 	 2.738482e+00 	 2.654135e+00 	 2.317740e+00 	 2.180128e+00 
2.755600e-01 	 5.535999e+04 	 5.287148e+01 	 5.289733e+01 	 5.299713e+01 	 5.280686e+01 	 5.255723e+01 	 5.192606e+01 	 5.035811e+01 	 4.441210e+01 	 4.184926e+01 
2.772000e-01 	 5.700000e+04 	 2.726809e+00 	 2.724379e+00 	 2.726737e+00 	 2.715875e+00 	 2.696842e+00 	 2.657550e+00 	 2.579124e+00 	 2.245251e+00 	 2.106983e+00 
2.802000e-01 	 6.000000e+04 	 1.192582e+01 	 1.192970e+01 	 1.192294e+01 	 1.189275e+01 	 1.183399e+01 	 1.168393e+01 	 1.134164e+01 	 1.001330e+01 	 9.393087e+00 
2.832000e-01 	 6.300000e+04 	 4.844551e+00 	 4.845148e+00 	 4.845351e+00 	 4.815063e+00 	 4.787847e+00 	 4.724155e+00 	 4.581302e+00 	 4.014894e+00 	 3.751679e+00 
2.862000e-01 	 6.600000e+04 	 3.952951e+00 	 3.956410e+00 	 3.948947e+00 	 3.938382e+00 	 3.899164e+00 	 3.846329e+00 	 3.704201e+00 	 3.185369e+00 	 2.977712e+00 
2.892000e-01 	 6.900000e+04 	 2.834074e+00 	 2.830837e+00 	 2.830544e+00 	 2.813113e+00 	 2.792313e+00 	 2.746322e+00 	 2.658201e+00 	 2.276048e+00 	 2.129318e+00 
2.922000e-01 	 7.200000e+04 	 1.051310e+01 	 1.049266e+01 	 1.048341e+01 	 1.045660e+01 	 1.035026e+01 	 1.020188e+01 	 9.765190e+00 	 8.427429e+00 	 7.882176e+00 
2.931800e-01 	 7.297999e+04 	 8.282784e+01 	 8.285370e+01 	 8.326546e+01 	 8.290053e+01 	 8.200637e+01 	 8.066284e+01 	 7.712589e+01 	 6.652237e+01 	 6.246471e+01 
2.932000e-01 	 7.299998e+04 	 4.869916e+01 	 4.874976e+01 	 4.881444e+01 	 4.853588e+01 	 4.815652e+01 	 4.750791e+01 	 4.547061e+01 	 3.924867e+01 	 3.689741e+01 
2.952000e-01 	 7.500000e+04 	 2.507983e+00 	 2.506340e+00 	 2.499159e+00 	 2.483669e+00 	 2.454462e+00 	 2.411858e+00 	 2.257462e+00 	 1.867910e+00 	 1.747815e+00 
2.982000e-01 	 7.800000e+04 	 3.778869e+00 	 3.773448e+00 	 3.762677e+00 	 3.747226e+00 	 3.714540e+00 	 3.657313e+00 	 3.509140e+00 	 2.959924e+00 	 2.754386e+00 
3.012000e-01 	 8.100000e+04 	 1.370209e+01 	 1.370837e+01 	 1.374090e+01 	 1.368111e+01 	 1.351927e+01 	 1.334798e+01 	 1.276932e+01 	 1.097705e+01 	 1.026364e+01 
3.042000e-01 	 8.400000e+04 	 3.847629e+00 	 3.834676e+00 	 3.827961e+00 	 3.802270e+00 	 3.751542e+00 	 3.683858e+00 	 3.482900e+00 	 2.909231e+00 	 2.709798e+00 
3.054600e-01 	 8.526001e+04 	 5.144282e+01 	 5.148116e+01 	 5.125796e+01 	 5.115714e+01 	 5.070353e+01 	 4.977084e+01 	 4.759626e+01 	 4.065369e+01 	 3.807875e+01 
3.054800e-01 	 8.528000e+04 	 6.630074e+01 	 6.633159e+01 	 6.630842e+01 	 6.592388e+01 	 6.528925e+01 	 6.416078e+01 	 6.123131e+01 	 5.238400e+01 	 4.892398e+01 
3.055000e-01 	 8.530000e+04 	 7.437663e+01 	 7.405325e+01 	 7.414490e+01 	 7.363078e+01 	 7.304063e+01 	 7.171540e+01 	 6.831611e+01 	 5.831194e+01 	 5.442046e+01 
3.072000e-01 	 8.700000e+04 	 2.099770e+00 	 2.089469e+00 	 2.080430e+00 	 2.063635e+00 	 2.037216e+00 	 1.998857e+00 	 1.856854e+00 	 1.499186e+00 	 1.392569e+00 
3.102000e-01 	 9.000000e+04 	 3.573360e+01 	 3.585347e+01 	 3.570083e+01 	 3.555055e+01 	 3.515180e+01 	 3.459477e+01 	 3.284539e+01 	 2.801566e+01 	 2.619311e+01 
3.106800e-01 	 9.048000e+04 	 5.905066e+01 	 5.906196e+01 	 5.890367e+01 	 5.875484e+01 	 5.843665e+01 	 5.718382e+01 	 5.444486e+01 	 4.639088e+01 	 4.342053e+01 
3.107000e-01 	 9.050000e+04 	 7.330371e+01 	 7.345409e+01 	 7.323942e+01 	 7.295394e+01 	 7.214029e+01 	 7.091818e+01 	 6.740085e+01 	 5.741363e+01 	 5.364531e+01 
3.132000e-01 	 9.300000e+04 	 5.557469e+00 	 5.553352e+00 	 5.534928e+00 	 5.499763e+00 	 5.433071e+00 	 5.328366e+00 	 4.992255e+00 	 4.126869e+00 	 3.844562e+00 
3.162000e-01 	 9.600000e+04 	 3.233904e+00 	 3.232182e+00 	 3.217527e+00 	 3.194536e+00 	 3.152181e+00 	 3.085008e+00 	 2.875013e+00 	 2.329546e+00 	 2.165839e+00 
3.192000e-01 	 9.900000e+04 	 8.068509e+00 	 8.067441e+00 	 8.044092e+00 	 7.997600e+00 	 7.896124e+00 	 7.742685e+00 	 7.366315e+00 	 5.941664e+00 	 5.535266e+00 
3.196800e-01 	 9.948001e+04 	 6.392104e+01 	 6.330462e+01 	 6.350878e+01 	 6.299213e+01 	 6.231158e+01 	 6.095451e+01 	 5.676613e+01 	 4.684182e+01 	 4.358894e+01 
3.198400e-01 	 9.964002e+04 	 1.386727e+02 	 1.386628e+02 	 1.380907e+02 	 1.371472e+02 	 1.354119e+02 	 1.323697e+02 	 1.238994e+02 	 1.035414e+02 	 9.667196e+01 
3.203800e-01 	 1.001800e+05 	 3.491212e+02 	 3.491832e+02 	 3.479925e+02 	 3.443317e+02 	 3.391852e+02 	 3.318634e+02 	 3.115520e+02 	 2.592442e+02 	 2.414977e+02 
3.204400e-01 	 1.002400e+05 	 1.577584e+02 	 1.578728e+02 	 1.576976e+02 	 1.566282e+02 	 1.546958e+02 	 1.514335e+02 	 1.418287e+02 	 1.180294e+02 	 1.100464e+02 
3.206200e-01 	 1.004200e+05 	 6.770508e+01 	 6.767324e+01 	 6.752823e+01 	 6.717119e+01 	 6.628659e+01 	 6.505642e+01 	 6.044157e+01 	 5.033273e+01 	 4.679094e+01 
3.222000e-01 	 1.020000e+05 	 2.770791e+00 	 2.763716e+00 	 2.751682e+00 	 2.726705e+00 	 2.684851e+00 	 2.623842e+00 	 2.366151e+00 	 1.873753e+00 	 1.738261e+00 
3.252000e-01 	 1.050000e+05 	 2.378311e+00 	 2.375324e+00 	 2.369684e+00 	 2.342753e+00 	 2.309627e+00 	 2.257577e+00 	 2.062295e+00 	 1.628447e+00 	 1.505257e+00 
3.282000e-01 	 1.080000e+05 	 3.152634e+00 	 3.147663e+00 	 3.130700e+00 	 3.102843e+00 	 3.054852e+00 	 2.982266e+00 	 2.705721e+00 	 2.141520e+00 	 1.975426e+00 
3.295200e-01 	 1.093200e+05 	 5.576003e+01 	 5.575845e+01 	 5.558764e+01 	 5.524471e+01 	 5.458923e+01 	 5.342424e+01 	 4.996036e+01 	 4.137371e+01 	 3.854445e+01 
3.295400e-01 	 1.093400e+05 	 6.188058e+01 	 6.164790e+01 	 6.171481e+01 	 6.126088e+01 	 6.049592e+01 	 5.917586e+01 	 5.566341e+01 	 4.626394e+01 	 4.288537e+01 
3.295800e-01 	 1.093800e+05 	 6.913736e+01 	 6.910839e+01 	 6.899205e+01 	 6.843665e+01 	 6.768475e+01 	 6.639757e+01 	 6.235031e+01 	 5.180681e+01 	 4.790075e+01 
3.296400e-01 	 1.094400e+05 	 5.926705e+01 	 5.938050e+01 	 5.900123e+01 	 5.879311e+01 	 5.804952e+01 	 5.691106e+01 	 5.334553e+01 	 4.447336e+01 	 4.136736e+01 
3.296600e-01 	 1.094600e+05 	 5.478463e+01 	 5.480880e+01 	 5.464970e+01 	 5.437191e+01 	 5.364633e+01 	 5.249830e+01 	 4.913176e+01 	 4.090789e+01 	 3.794117e+01 
3.303200e-01 	 1.101200e+05 	 1.103917e+02 	 1.104075e+02 	 1.101192e+02 	 1.092618e+02 	 1.080118e+02 	 1.056311e+02 	 9.890858e+01 	 8.220576e+01 	 7.663489e+01 
3.303400e-01 	 1.101400e+05 	 1.100576e+02 	 1.091977e+02 	 1.089648e+02 	 1.084323e+02 	 1.073693e+02 	 1.050396e+02 	 9.814430e+01 	 8.136883e+01 	 7.582650e+01 
3.303600e-01 	 1.101600e+05 	 1.065256e+02 	 1.062181e+02 	 1.061365e+02 	 1.050157e+02 	 1.038010e+02 	 1.015425e+02 	 9.520314e+01 	 7.931534e+01 	 7.383705e+01 
3.303800e-01 	 1.101800e+05 	 1.258385e+02 	 1.256644e+02 	 1.253512e+02 	 1.245246e+02 	 1.234096e+02 	 1.206329e+02 	 1.116423e+02 	 9.200713e+01 	 8.564827e+01 
3.304000e-01 	 1.102000e+05 	 9.640003e+01 	 9.662209e+01 	 9.605938e+01 	 9.579910e+01 	 9.449322e+01 	 9.267275e+01 	 8.671788e+01 	 7.215365e+01 	 6.693461e+01 
3.305600e-01 	 1.103600e+05 	 5.981628e+01 	 5.971270e+01 	 5.948616e+01 	 5.912596e+01 	 5.831768e+01 	 5.714676e+01 	 5.320387e+01 	 4.404663e+01 	 4.097816e+01 
3.312000e-01 	 1.110000e+05 	 2.709227e+00 	 2.708367e+00 	 2.693383e+00 	 2.664580e+00 	 2.622120e+00 	 2.558743e+00 	 2.255157e+00 	 1.757392e+00 	 1.621829e+00 
3.342000e-01 	 1.140000e+05 	 8.297235e+00 	 8.285908e+00 	 8.244005e+00 	 8.156339e+00 	 8.018020e+00 	 7.820520e+00 	 6.812671e+00 	 5.424412e+00 	 5.032917e+00 
3.372000e-01 	 1.170000e+05 	 3.843046e+00 	 3.838489e+00 	 3.825568e+00 	 3.794446e+00 	 3.742747e+00 	 3.661879e+00 	 3.351989e+00 	 2.650937e+00 	 2.444111e+00 
3.402000e-01 	 1.200000e+05 	 6.340787e+00 	 6.329408e+00 	 6.302501e+00 	 6.256115e+00 	 6.139346e+00 	 5.983695e+00 	 5.281654e+00 	 4.161581e+00 	 3.835783e+00 
3.403800e-01 	 1.201800e+05 	 8.770867e+01 	 8.863937e+01 	 8.742370e+01 	 8.666222e+01 	 8.625647e+01 	 8.322512e+01 	 7.661927e+01 	 6.295659e+01 	 5.828430e+01 
3.404200e-01 	 1.202200e+05 	 5.865173e+01 	 6.025211e+01 	 5.828898e+01 	 5.916057e+01 	 5.820684e+01 	 5.567135e+01 	 5.172039e+01 	 4.191666e+01 	 3.885257e+01 
3.404400e-01 	 1.202400e+05 	 6.346040e+01 	 6.349595e+01 	 6.328254e+01 	 6.285884e+01 	 6.204672e+01 	 6.074797e+01 	 5.599306e+01 	 4.612342e+01 	 4.266971e+01 
3.405800e-01 	 1.203800e+05 	 6.190057e+01 	 6.174611e+01 	 6.151276e+01 	 6.111086e+01 	 6.015983e+01 	 5.884054e+01 	 5.388554e+01 	 4.393328e+01 	 4.075127e+01 
3.408600e-01 	 1.206600e+05 	 6.785403e+01 	 6.774107e+01 	 6.744267e+01 	 6.730456e+01 	 6.587693e+01 	 6.435250e+01 	 5.914191e+01 	 4.833772e+01 	 4.477326e+01 
3.408800e-01 	 1.206800e+05 	 1.245111e+02 	 1.274606e+02 	 1.266625e+02 	 1.224210e+02 	 1.233357e+02 	 1.177758e+02 	 1.091390e+02 	 8.745673e+01 	 8.116232e+01 
3.413200e-01 	 1.211200e+05 	 6.573914e+01 	 6.571347e+01 	 6.526313e+01 	 6.468053e+01 	 6.350754e+01 	 6.216273e+01 	 5.651151e+01 	 4.614053e+01 	 4.272349e+01 
3.415600e-01 	 1.213600e+05 	 5.384586e+01 	 5.351628e+01 	 5.348569e+01 	 5.300000e+01 	 5.195589e+01 	 5.081812e+01 	 4.581457e+01 	 3.696681e+01 	 3.422538e+01 
3.432000e-01 	 1.230000e+05 	 3.405245e+00 	 3.393478e+00 	 3.312719e+00 	 3.274689e+00 	 3.216959e+00 	 3.176326e+00 	 2.715492e+00 	 2.040924e+00 	 1.867594e+00 
3.449800e-01 	 1.247800e+05 	 6.141399e+01 	 6.129484e+01 	 6.085097e+01 	 6.045574e+01 	 5.954305e+01 	 5.808989e+01 	 5.501554e+01 	 4.566029e+01 	 4.242061e+01 
3.450000e-01 	 1.248000e+05 	 7.419596e+01 	 7.401449e+01 	 7.338762e+01 	 7.287990e+01 	 7.190993e+01 	 7.039409e+01 	 6.702693e+01 	 5.601924e+01 	 5.191750e+01 
3.450200e-01 	 1.248200e+05 	 8.685380e+01 	 8.667945e+01 	 8.632913e+01 	 8.566162e+01 	 8.446463e+01 	 8.247644e+01 	 7.842091e+01 	 6.544418e+01 	 6.082954e+01 
3.450400e-01 	 1.248400e+05 	 7.457488e+01 	 7.369704e+01 	 7.343241e+01 	 7.339844e+01 	 7.198914e+01 	 7.104803e+01 	 6.739854e+01 	 5.634430e+01 	 5.209713e+01 
3.450600e-01 	 1.248600e+05 	 7.505949e+01 	 7.479312e+01 	 7.390493e+01 	 7.329225e+01 	 7.234104e+01 	 7.157883e+01 	 6.810695e+01 	 5.652343e+01 	 5.230621e+01 
3.462000e-01 	 1.260000e+05 	 3.225211e+00 	 3.247975e+00 	 3.197515e+00 	 3.190636e+00 	 3.104666e+00 	 3.049908e+00 	 2.729511e+00 	 2.084822e+00 	 1.901620e+00 
3.492000e-01 	 1.290000e+05 	 3.912254e+00 	 3.908195e+00 	 3.629239e+00 	 3.829663e+00 	 3.744686e+00 	 3.627138e+00 	 3.141834e+00 	 2.280930e+00 	 2.089253e+00 
3.522000e-01 	 1.320000e+05 	 3.206883e+00 	 3.202647e+00 	 3.185669e+00 	 3.149770e+00 	 3.095959e+00 	 3.010932e+00 	 2.473757e+00 	 1.827522e+00 	 1.667567e+00 
3.552000e-01 	 1.350000e+05 	 3.061601e+01 	 3.060954e+01 	 3.045630e+01 	 3.024883e+01 	 2.973071e+01 	 2.894805e+01 	 2.627153e+01 	 2.110036e+01 	 1.948974e+01 
3.582000e-01 	 1.380000e+05 	 6.905446e+00 	 6.905474e+00 	 6.859345e+00 	 6.793036e+00 	 6.666584e+00 	 6.484779e+00 	 5.500103e+00 	 4.191830e+00 	 3.827733e+00 
3.612000e-01 	 1.410000e+05 	 2.611620e+00 	 2.600367e+00 	 2.573865e+00 	 2.543392e+00 	 2.484297e+00 	 2.406223e+00 	 1.722896e+00 	 1.220848e+00 	 1.098349e+00 
3.618800e-01 	 1.416800e+05 	 8.892739e+02 	 8.851961e+02 	 8.726084e+02 	 8.458375e+02 	 8.141832e+02 	 7.728828e+02 	 6.417782e+02 	 4.709731e+02 	 4.206765e+02 
3.619000e-01 	 1.417000e+05 	 5.881314e+01 	 5.851599e+01 	 5.789417e+01 	 5.696957e+01 	 5.564924e+01 	 5.356960e+01 	 4.449562e+01 	 3.419494e+01 	 3.128091e+01 
3.642000e-01 	 1.440000e+05 	 6.412574e+00 	 6.392331e+00 	 6.322036e+00 	 6.215313e+00 	 6.064094e+00 	 5.848281e+00 	 3.926013e+00 	 2.836407e+00 	 2.570425e+00 
3.647000e-01 	 1.445000e+05 	 9.553991e+02 	 9.500102e+02 	 9.290131e+02 	 9.003126e+02 	 8.518023e+02 	 7.944383e+02 	 6.027492e+02 	 3.927456e+02 	 3.305752e+02 
3.647200e-01 	 1.445200e+05 	 7.684213e+01 	 7.589440e+01 	 7.504145e+01 	 7.416033e+01 	 7.117506e+01 	 6.906423e+01 	 5.293009e+01 	 3.896428e+01 	 3.514601e+01 
3.672000e-01 	 1.470000e+05 	 5.730219e+00 	 5.710313e+00 	 5.650732e+00 	 5.560366e+00 	 5.424750e+00 	 5.226972e+00 	 3.218705e+00 	 2.234980e+00 	 1.999610e+00 
3.702000e-01 	 1.500000e+05 	 5.689134e+00 	 5.628207e+00 	 5.597691e+00 	 5.501050e+00 	 5.358402e+00 	 5.150421e+00 	 2.956491e+00 	 1.956891e+00 	 1.721872e+00 
3.732000e-01 	 1.530000e+05 	 6.154873e+00 	 6.124826e+00 	 6.061882e+00 	 5.953042e+00 	 5.809490e+00 	 5.552073e+00 	 2.739269e+00 	 1.775140e+00 	 1.537101e+00 
3.762000e-01 	 1.560000e+05 	 5.722097e+00 	 5.696197e+00 	 5.639376e+00 	 5.543378e+00 	 5.402169e+00 	 5.210178e+00 	 3.361265e+00 	 2.294506e+00 	 2.051941e+00 
3.792000e-01 	 1.590000e+05 	 4.575089e+00 	 4.565871e+00 	 4.535409e+00 	 4.478757e+00 	 4.396794e+00 	 4.284036e+00 	 3.853217e+00 	 2.858794e+00 	 2.615899e+00 
3.822000e-01 	 1.620000e+05 	 3.967608e+00 	 3.958321e+00 	 3.930103e+00 	 3.860928e+00 	 3.827356e+00 	 3.722143e+00 	 3.268118e+00 	 2.401114e+00 	 2.190631e+00 
3.852000e-01 	 1.650000e+05 	 3.895721e+00 	 3.892357e+00 	 3.849895e+00 	 3.808020e+00 	 3.733181e+00 	 3.626128e+00 	 3.074874e+00 	 2.205533e+00 	 2.002935e+00 
3.882000e-01 	 1.680000e+05 	 5.504301e+00 	 5.454414e+00 	 5.432626e+00 	 5.371324e+00 	 5.262180e+00 	 5.080982e+00 	 4.239004e+00 	 3.072485e+00 	 2.790494e+00 
3.912000e-01 	 1.710000e+05 	 5.151887e+00 	 5.156622e+00 	 5.095870e+00 	 5.030288e+00 	 4.930772e+00 	 4.791056e+00 	 4.005789e+00 	 2.914968e+00 	 2.646037e+00 
3.942000e-01 	 1.740000e+05 	 7.484410e+00 	 7.465648e+00 	 7.438821e+00 	 7.349865e+00 	 7.193535e+00 	 6.995830e+00 	 5.959921e+00 	 4.412158e+00 	 4.024036e+00 
3.972000e-01 	 1.770000e+05 	 1.390243e+01 	 1.382373e+01 	 1.374252e+01 	 1.351809e+01 	 1.319051e+01 	 1.271931e+01 	 1.037829e+01 	 7.688885e+00 	 7.030419e+00 
4.002000e-01 	 1.800000e+05 	 7.055082e+00 	 7.015879e+00 	 6.962975e+00 	 6.861405e+00 	 6.717949e+00 	 6.525956e+00 	 5.250546e+00 	 3.788260e+00 	 3.441934e+00 
4.032000e-01 	 1.830000e+05 	 4.214250e+00 	 4.221440e+00 	 4.160462e+00 	 4.090832e+00 	 3.997465e+00 	 3.850399e+00 	 2.945522e+00 	 2.031912e+00 	 1.824796e+00 
4.062000e-01 	 1.860000e+05 	 3.575385e+00 	 3.560646e+00 	 3.531663e+00 	 3.477137e+00 	 3.397638e+00 	 3.292571e+00 	 2.497274e+00 	 1.701914e+00 	 1.527682e+00 
4.092000e-01 	 1.890000e+05 	 5.297749e+00 	 5.281676e+00 	 5.239689e+00 	 5.165045e+00 	 5.053011e+00 	 4.892523e+00 	 3.761340e+00 	 2.649352e+00 	 2.380947e+00 
4.122000e-01 	 1.920000e+05 	 5.056168e+00 	 5.037635e+00 	 4.993728e+00 	 4.917951e+00 	 4.808013e+00 	 4.651991e+00 	 3.334328e+00 	 2.311831e+00 	 2.057904e+00 
4.152000e-01 	 1.950000e+05 	 3.140280e+00 	 3.130749e+00 	 3.098535e+00 	 3.050828e+00 	 2.978405e+00 	 2.878538e+00 	 1.928386e+00 	 1.264993e+00 	 1.110593e+00 
4.182000e-01 	 1.980000e+05 	 3.171315e+00 	 3.148556e+00 	 3.117550e+00 	 3.066644e+00 	 2.991903e+00 	 2.886719e+00 	 1.906830e+00 	 1.260345e+00 	 1.112922e+00 
4.212000e-01 	 2.010000e+05 	 3.782016e+00 	 3.762142e+00 	 3.724995e+00 	 3.664054e+00 	 3.575928e+00 	 3.449608e+00 	 2.266756e+00 	 1.512780e+00 	 1.338792e+00 
4.242000e-01 	 2.040000e+05 	 5.213607e+00 	 5.197275e+00 	 5.148863e+00 	 5.065909e+00 	 4.946168e+00 	 4.774723e+00 	 3.159649e+00 	 2.160380e+00 	 1.917223e+00 
4.272000e-01 	 2.070000e+05 	 3.266057e+00 	 3.248083e+00 	 3.238229e+00 	 3.170545e+00 	 3.091074e+00 	 2.987935e+00 	 1.931063e+00 	 1.258981e+00 	 1.115098e+00 
4.302000e-01 	 2.100000e+05 	 5.433915e+00 	 5.418551e+00 	 5.374476e+00 	 5.292396e+00 	 5.169981e+00 	 5.061061e+00 	 3.394133e+00 	 2.314400e+00 	 2.052118e+00 
4.332000e-01 	 2.130000e+05 	 7.941728e+00 	 7.895336e+00 	 7.822255e+00 	 7.713787e+00 	 7.521778e+00 	 7.273011e+00 	 5.570285e+00 	 3.965189e+00 	 3.555349e+00 
4.362000e-01 	 2.160000e+05 	 4.391297e+00 	 4.377335e+00 	 4.342636e+00 	 4.274784e+00 	 4.176736e+00 	 4.040192e+00 	 2.572866e+00 	 1.694379e+00 	 1.496766e+00 
4.392000e-01 	 2.190000e+05 	 4.824607e+00 	 4.801509e+00 	 4.749150e+00 	 4.665934e+00 	 4.540561e+00 	 4.370882e+00 	 2.749105e+00 	 1.829126e+00 	 1.613086e+00 
4.422000e-01 	 2.220000e+05 	 6.797079e+00 	 6.767838e+00 	 6.707358e+00 	 6.634875e+00 	 6.436878e+00 	 6.209226e+00 	 4.207072e+00 	 2.877858e+00 	 2.552110e+00 
4.452000e-01 	 2.250000e+05 	 1.084526e+01 	 1.080786e+01 	 1.071510e+01 	 1.053934e+01 	 1.028703e+01 	 9.908689e+00 	 7.181300e+00 	 5.045166e+00 	 4.504518e+00 
4.482000e-01 	 2.280000e+05 	 6.419387e+00 	 6.391236e+00 	 6.331411e+00 	 6.230837e+00 	 6.076060e+00 	 5.863791e+00 	 4.157251e+00 	 2.823732e+00 	 2.509238e+00 
4.512000e-01 	 2.310000e+05 	 5.890330e+00 	 5.878085e+00 	 5.826882e+00 	 5.746673e+00 	 5.606870e+00 	 5.421725e+00 	 4.305221e+00 	 2.951782e+00 	 2.639786e+00 
4.542000e-01 	 2.340000e+05 	 3.208692e+00 	 3.196804e+00 	 3.168478e+00 	 3.116842e+00 	 3.037761e+00 	 2.927640e+00 	 2.158153e+00 	 1.386700e+00 	 1.218587e+00 
4.572000e-01 	 2.370000e+05 	 2.889546e+00 	 2.887703e+00 	 2.843703e+00 	 2.804822e+00 	 2.735592e+00 	 2.635178e+00 	 1.712001e+00 	 1.071179e+00 	 9.319502e-01 
4.602000e-01 	 2.400000e+05 	 5.041911e+00 	 5.024745e+00 	 4.973590e+00 	 4.893249e+00 	 4.777121e+00 	 4.608023e+00 	 3.091141e+00 	 2.031032e+00 	 1.790678e+00 
4.632000e-01 	 2.430000e+05 	 5.143933e+00 	 5.126177e+00 	 5.080596e+00 	 5.006524e+00 	 4.883679e+00 	 4.723261e+00 	 3.457135e+00 	 2.293135e+00 	 2.020902e+00 
4.662000e-01 	 2.460000e+05 	 3.715463e+00 	 3.699860e+00 	 3.666968e+00 	 3.606366e+00 	 3.518470e+00 	 3.396122e+00 	 2.264885e+00 	 1.442319e+00 	 1.258740e+00 
4.692000e-01 	 2.490000e+05 	 3.817031e+00 	 3.800799e+00 	 3.742264e+00 	 3.692123e+00 	 3.582119e+00 	 3.452877e+00 	 2.114774e+00 	 1.333115e+00 	 1.163727e+00 
4.722000e-01 	 2.520000e+05 	 4.052294e+00 	 4.036191e+00 	 4.000060e+00 	 3.948711e+00 	 3.843433e+00 	 3.705118e+00 	 2.303491e+00 	 1.455802e+00 	 1.268913e+00 
4.752000e-01 	 2.550000e+05 	 2.793413e+00 	 2.790385e+00 	 2.762094e+00 	 2.720474e+00 	 2.649548e+00 	 2.555459e+00 	 1.603796e+00 	 9.805921e-01 	 8.500682e-01 
4.782000e-01 	 2.580000e+05 	 3.673244e+00 	 3.654961e+00 	 3.647412e+00 	 3.563345e+00 	 3.472077e+00 	 3.352490e+00 	 2.082401e+00 	 1.306182e+00 	 1.130543e+00 
4.812000e-01 	 2.610000e+05 	 2.819221e+00 	 2.805349e+00 	 2.779049e+00 	 2.729891e+00 	 2.659519e+00 	 2.563943e+00 	 1.551226e+00 	 9.427997e-01 	 8.060767e-01 
4.842000e-01 	 2.640000e+05 	 3.412819e+00 	 3.398444e+00 	 3.366688e+00 	 3.312890e+00 	 3.227006e+00 	 3.110702e+00 	 1.870158e+00 	 1.145031e+00 	 9.841217e-01 
4.872000e-01 	 2.670000e+05 	 3.818924e+00 	 3.800750e+00 	 3.765459e+00 	 3.700386e+00 	 3.603037e+00 	 3.473429e+00 	 1.972139e+00 	 1.214852e+00 	 1.048163e+00 
4.902000e-01 	 2.700000e+05 	 3.308109e+00 	 3.296480e+00 	 3.257931e+00 	 3.200125e+00 	 3.115696e+00 	 3.004247e+00 	 1.707713e+00 	 1.038493e+00 	 8.908591e-01 
4.916800e-01 	 2.714800e+05 	 4.266517e+03 	 4.252354e+03 	 4.201130e+03 	 4.083589e+03 	 3.932806e+03 	 3.706564e+03 	 2.904373e+03 	 2.044342e+03 	 1.800756e+03 
4.917000e-01 	 2.715000e+05 	 2.232176e+02 	 2.219299e+02 	 2.190800e+02 	 2.143699e+02 	 2.079871e+02 	 1.989846e+02 	 1.556392e+02 	 1.131551e+02 	 1.010621e+02 
4.917600e-01 	 2.715600e+05 	 1.394366e+02 	 1.387483e+02 	 1.413457e+02 	 1.344823e+02 	 1.343026e+02 	 1.245368e+02 	 9.467580e+01 	 6.767201e+01 	 6.048964e+01 
4.917800e-01 	 2.715800e+05 	 5.920574e+01 	 5.909140e+01 	 5.818167e+01 	 5.719453e+01 	 5.543958e+01 	 5.461896e+01 	 3.844328e+01 	 2.750390e+01 	 2.448030e+01 
4.918200e-01 	 2.716200e+05 	 2.299371e+01 	 2.291369e+01 	 2.262355e+01 	 2.215762e+01 	 2.164508e+01 	 2.081711e+01 	 1.441658e+01 	 1.017716e+01 	 8.998811e+00 
4.919800e-01 	 2.717800e+05 	 2.529508e+01 	 2.517532e+01 	 2.493717e+01 	 2.450868e+01 	 2.382700e+01 	 2.293454e+01 	 1.611065e+01 	 1.131135e+01 	 1.004867e+01 
4.920200e-01 	 2.718200e+05 	 8.460197e+01 	 8.208367e+01 	 8.096780e+01 	 7.932787e+01 	 7.683564e+01 	 7.544776e+01 	 5.446774e+01 	 3.785372e+01 	 3.378549e+01 
4.920600e-01 	 2.718600e+05 	 3.713706e+01 	 3.612044e+01 	 3.539285e+01 	 3.473182e+01 	 3.481412e+01 	 3.249401e+01 	 2.309768e+01 	 1.638362e+01 	 1.451063e+01 
4.920800e-01 	 2.718800e+05 	 2.953000e+01 	 3.011922e+01 	 2.897880e+01 	 2.908315e+01 	 2.816139e+01 	 2.634171e+01 	 1.852547e+01 	 1.268338e+01 	 1.124331e+01 
4.925200e-01 	 2.723200e+05 	 2.024680e+01 	 2.014284e+01 	 1.987452e+01 	 1.953676e+01 	 1.895190e+01 	 1.820635e+01 	 1.246834e+01 	 8.739992e+00 	 7.724281e+00 
4.932000e-01 	 2.730000e+05 	 6.705048e+00 	 6.671628e+00 	 6.601963e+00 	 6.489313e+00 	 6.319945e+00 	 6.078428e+00 	 3.619421e+00 	 2.311334e+00 	 1.995394e+00 
4.961600e-01 	 2.759600e+05 	 2.188520e+01 	 2.178254e+01 	 2.156980e+01 	 2.120034e+01 	 2.048687e+01 	 1.978741e+01 	 1.265617e+01 	 8.739922e+00 	 7.678914e+00 
4.962000e-01 	 2.760000e+05 	 1.307348e+01 	 1.294848e+01 	 1.281357e+01 	 1.260769e+01 	 1.233903e+01 	 1.184562e+01 	 7.198082e+00 	 4.780707e+00 	 4.186130e+00 
4.983600e-01 	 2.781600e+05 	 2.551321e+01 	 2.592158e+01 	 2.564581e+01 	 2.507862e+01 	 2.375798e+01 	 2.266979e+01 	 1.380214e+01 	 9.122243e+00 	 8.010267e+00 
4.992000e-01 	 2.790000e+05 	 4.002019e+00 	 3.986768e+00 	 3.944141e+00 	 3.879310e+00 	 3.783797e+00 	 3.641963e+00 	 1.726799e+00 	 1.030705e+00 	 8.713734e-01 
5.002800e-01 	 2.800800e+05 	 2.116047e+01 	 2.123913e+01 	 2.091566e+01 	 2.048779e+01 	 2.001979e+01 	 1.911479e+01 	 1.083154e+01 	 7.223004e+00 	 6.296666e+00 
5.003000e-01 	 2.801000e+05 	 2.173553e+01 	 2.163883e+01 	 2.181169e+01 	 2.097472e+01 	 2.079571e+01 	 1.988336e+01 	 1.131885e+01 	 7.416336e+00 	 6.461710e+00 
5.022000e-01 	 2.820000e+05 	 3.738804e+00 	 3.720491e+00 	 3.680436e+00 	 3.613123e+00 	 3.514919e+00 	 3.381102e+00 	 1.788855e+00 	 1.065397e+00 	 9.123255e-01 
5.052000e-01 	 2.850000e+05 	 9.405066e+00 	 9.334766e+00 	 9.236059e+00 	 9.087704e+00 	 8.834931e+00 	 8.496951e+00 	 4.926824e+00 	 3.174439e+00 	 2.757831e+00 
5.068600e-01 	 2.866600e+05 	 1.950810e+01 	 1.927050e+01 	 1.903644e+01 	 1.865166e+01 	 1.812392e+01 	 1.739564e+01 	 1.131865e+01 	 7.644104e+00 	 6.687074e+00 
5.069600e-01 	 2.867600e+05 	 1.469605e+02 	 1.415041e+02 	 1.398276e+02 	 1.416896e+02 	 1.370512e+02 	 1.274826e+02 	 9.876038e+01 	 6.875774e+01 	 6.128734e+01 
5.070600e-01 	 2.868600e+05 	 4.740969e+01 	 4.709309e+01 	 4.642375e+01 	 4.564099e+01 	 4.433751e+01 	 4.336586e+01 	 3.031319e+01 	 2.133034e+01 	 1.889731e+01 
5.082000e-01 	 2.880000e+05 	 3.102095e+01 	 3.082581e+01 	 3.154868e+01 	 2.988401e+01 	 3.007496e+01 	 2.878897e+01 	 2.000535e+01 	 1.348473e+01 	 1.187571e+01 
5.084800e-01 	 2.882800e+05 	 2.599589e+01 	 2.586454e+01 	 2.558651e+01 	 2.516075e+01 	 2.450867e+01 	 2.358830e+01 	 1.636000e+01 	 1.120986e+01 	 9.909955e+00 
5.088400e-01 	 2.886400e+05 	 1.804245e+01 	 1.792984e+01 	 1.773171e+01 	 1.777223e+01 	 1.697704e+01 	 1.632434e+01 	 1.082596e+01 	 7.246893e+00 	 6.318219e+00 
5.112000e-01 	 2.910000e+05 	 4.500573e+00 	 4.471833e+00 	 4.409483e+00 	 4.335601e+00 	 4.217861e+00 	 4.057552e+00 	 2.267997e+00 	 1.333576e+00 	 1.127112e+00 
5.142000e-01 	 2.940000e+05 	 3.984708e+00 	 3.959745e+00 	 3.906096e+00 	 3.843349e+00 	 3.737021e+00 	 3.598537e+00 	 1.777652e+00 	 1.018208e+00 	 8.607989e-01 
5.172000e-01 	 2.970000e+05 	 1.149915e+01 	 1.144315e+01 	 1.130197e+01 	 1.111019e+01 	 1.079194e+01 	 1.032904e+01 	 5.035784e+00 	 3.116159e+00 	 2.678819e+00 
5.175600e-01 	 2.973600e+05 	 1.882426e+01 	 1.876427e+01 	 1.858285e+01 	 1.825488e+01 	 1.776665e+01 	 1.701741e+01 	 8.551968e+00 	 5.431415e+00 	 4.672888e+00 
5.176000e-01 	 2.974000e+05 	 1.917031e+01 	 1.913419e+01 	 1.888146e+01 	 1.856182e+01 	 1.800609e+01 	 1.729834e+01 	 8.704631e+00 	 5.507308e+00 	 4.739382e+00 
5.176200e-01 	 2.974200e+05 	 1.914713e+01 	 1.920329e+01 	 1.884210e+01 	 1.851181e+01 	 1.804301e+01 	 1.722484e+01 	 8.691798e+00 	 5.498891e+00 	 4.736452e+00 
5.176400e-01 	 2.974400e+05 	 1.869499e+01 	 1.863169e+01 	 1.840560e+01 	 1.808741e+01 	 1.759233e+01 	 1.686865e+01 	 8.484911e+00 	 5.400942e+00 	 4.654546e+00 
5.176800e-01 	 2.974800e+05 	 1.872742e+01 	 1.862666e+01 	 1.842052e+01 	 1.806875e+01 	 1.754683e+01 	 1.680145e+01 	 8.458181e+00 	 5.341672e+00 	 4.607487e+00 
5.202000e-01 	 3.000000e+05 	 5.022897e+00 	 5.009906e+00 	 4.959546e+00 	 4.888516e+00 	 4.767386e+00 	 4.591360e+00 	 1.948111e+00 	 1.104285e+00 	 9.291466e-01 
5.232000e-01 	 3.030000e+05 	 2.647117e+00 	 2.626225e+00 	 2.585766e+00 	 2.543237e+00 	 2.475607e+00 	 2.386985e+00 	 1.389309e+00 	 7.549212e-01 	 6.339546e-01 
5.262000e-01 	 3.060000e+05 	 2.625367e+00 	 2.590223e+00 	 2.543645e+00 	 2.491924e+00 	 2.422871e+00 	 2.331939e+00 	 1.536963e+00 	 8.144726e-01 	 6.857029e-01 
5.292000e-01 	 3.090000e+05 	 2.754325e+00 	 2.714941e+00 	 2.676040e+00 	 2.625906e+00 	 2.548173e+00 	 2.459964e+00 	 1.665632e+00 	 8.902391e-01 	 7.524900e-01 
5.322000e-01 	 3.120000e+05 	 2.840681e+00 	 2.807046e+00 	 2.760307e+00 	 2.710036e+00 	 2.637961e+00 	 2.544257e+00 	 1.523840e+00 	 8.181659e-01 	 6.841843e-01 
5.339200e-01 	 3.137200e+05 	 1.555458e+01 	 1.539747e+01 	 1.520844e+01 	 1.492042e+01 	 1.449828e+01 	 1.394135e+01 	 9.102947e+00 	 5.895058e+00 	 5.113731e+00 
5.341200e-01 	 3.139200e+05 	 1.571370e+01 	 1.559962e+01 	 1.542060e+01 	 1.508849e+01 	 1.467543e+01 	 1.413705e+01 	 9.408292e+00 	 6.196641e+00 	 5.392627e+00 
5.341600e-01 	 3.139600e+05 	 1.638479e+01 	 1.604824e+01 	 1.577381e+01 	 1.548788e+01 	 1.499151e+01 	 1.442078e+01 	 9.533780e+00 	 6.299876e+00 	 5.488614e+00 
5.341800e-01 	 3.139800e+05 	 1.645978e+01 	 1.627051e+01 	 1.600732e+01 	 1.569825e+01 	 1.523371e+01 	 1.478662e+01 	 9.850630e+00 	 6.408533e+00 	 5.557038e+00 
5.342000e-01 	 3.140000e+05 	 1.651998e+01 	 1.637198e+01 	 1.601501e+01 	 1.570418e+01 	 1.522590e+01 	 1.460131e+01 	 9.781757e+00 	 6.335215e+00 	 5.513243e+00 
5.342200e-01 	 3.140200e+05 	 1.587494e+01 	 1.572442e+01 	 1.550182e+01 	 1.523931e+01 	 1.482781e+01 	 1.430043e+01 	 9.656913e+00 	 6.247705e+00 	 5.423365e+00 
5.343600e-01 	 3.141600e+05 	 1.539889e+01 	 1.528112e+01 	 1.507158e+01 	 1.476504e+01 	 1.436891e+01 	 1.380244e+01 	 9.332053e+00 	 6.028116e+00 	 5.227994e+00 
5.343800e-01 	 3.141800e+05 	 1.595904e+01 	 1.577661e+01 	 1.539996e+01 	 1.512426e+01 	 1.469721e+01 	 1.410654e+01 	 9.536023e+00 	 6.197976e+00 	 5.400636e+00 
5.344000e-01 	 3.142000e+05 	 1.608079e+01 	 1.593601e+01 	 1.571288e+01 	 1.544249e+01 	 1.503476e+01 	 1.446500e+01 	 9.773049e+00 	 6.305755e+00 	 5.477584e+00 
5.344200e-01 	 3.142200e+05 	 1.546953e+01 	 1.531941e+01 	 1.508734e+01 	 1.482126e+01 	 1.441378e+01 	 1.387494e+01 	 9.356772e+00 	 6.071659e+00 	 5.268845e+00 
5.350200e-01 	 3.148200e+05 	 1.551505e+01 	 1.533395e+01 	 1.511896e+01 	 1.483445e+01 	 1.441725e+01 	 1.389191e+01 	 9.315292e+00 	 6.023713e+00 	 5.248183e+00 
5.350600e-01 	 3.148600e+05 	 1.719465e+01 	 1.700987e+01 	 1.675889e+01 	 1.639096e+01 	 1.590015e+01 	 1.522339e+01 	 1.013093e+01 	 6.570476e+00 	 5.743099e+00 
5.351200e-01 	 3.149200e+05 	 1.779078e+01 	 1.766004e+01 	 1.738927e+01 	 1.708301e+01 	 1.662277e+01 	 1.599497e+01 	 1.074763e+01 	 7.019193e+00 	 6.127594e+00 
5.352000e-01 	 3.150000e+05 	 1.763908e+01 	 1.743166e+01 	 1.717020e+01 	 1.679501e+01 	 1.628902e+01 	 1.561372e+01 	 1.033947e+01 	 6.728253e+00 	 5.871241e+00 
5.352400e-01 	 3.150400e+05 	 1.623062e+01 	 1.604525e+01 	 1.582025e+01 	 1.556025e+01 	 1.512196e+01 	 1.451920e+01 	 9.779254e+00 	 6.377424e+00 	 5.559452e+00 
5.354200e-01 	 3.152200e+05 	 1.538767e+01 	 1.521618e+01 	 1.500088e+01 	 1.474415e+01 	 1.435523e+01 	 1.377587e+01 	 9.389570e+00 	 5.974486e+00 	 5.199589e+00 
5.382000e-01 	 3.180000e+05 	 3.551723e+00 	 3.508584e+00 	 3.452704e+00 	 3.387219e+00 	 3.298671e+00 	 3.176326e+00 	 1.938112e+00 	 1.061511e+00 	 8.933245e-01 
5.412000e-01 	 3.210000e+05 	 2.793049e+00 	 2.764610e+00 	 2.720631e+00 	 2.676773e+00 	 2.605333e+00 	 2.512822e+00 	 1.406387e+00 	 7.455058e-01 	 6.187461e-01 
5.442000e-01 	 3.240000e+05 	 4.435360e+00 	 4.378524e+00 	 4.307197e+00 	 4.229991e+00 	 4.112398e+00 	 3.956328e+00 	 2.281692e+00 	 1.273998e+00 	 1.065869e+00 
5.472000e-01 	 3.270000e+05 	 3.736204e+00 	 3.694968e+00 	 3.646897e+00 	 3.580960e+00 	 3.483031e+00 	 3.357778e+00 	 1.845587e+00 	 1.003988e+00 	 8.340575e-01 
5.502000e-01 	 3.300000e+05 	 9.403240e+00 	 9.275850e+00 	 9.127024e+00 	 9.038894e+00 	 8.788208e+00 	 8.361926e+00 	 5.277711e+00 	 3.224030e+00 	 2.743897e+00 
5.532000e-01 	 3.330000e+05 	 4.795809e+00 	 4.730256e+00 	 4.654852e+00 	 4.567313e+00 	 4.448157e+00 	 4.280681e+00 	 2.568689e+00 	 1.435521e+00 	 1.208244e+00 
5.562000e-01 	 3.360000e+05 	 4.434096e+00 	 4.381703e+00 	 4.309606e+00 	 4.230959e+00 	 4.109630e+00 	 3.954778e+00 	 2.168366e+00 	 1.181814e+00 	 9.896492e-01 
5.587200e-01 	 3.385200e+05 	 1.421424e+01 	 1.403657e+01 	 1.385065e+01 	 1.329898e+01 	 1.316785e+01 	 1.265552e+01 	 7.376767e+00 	 4.464375e+00 	 3.796731e+00 
5.588400e-01 	 3.386400e+05 	 1.398017e+01 	 1.381241e+01 	 1.359629e+01 	 1.334312e+01 	 1.296757e+01 	 1.246375e+01 	 7.320738e+00 	 4.511216e+00 	 3.852756e+00 
5.589200e-01 	 3.387200e+05 	 1.501691e+01 	 1.497383e+01 	 1.454043e+01 	 1.421659e+01 	 1.381614e+01 	 1.320430e+01 	 7.847215e+00 	 4.833885e+00 	 4.134962e+00 
5.590000e-01 	 3.388000e+05 	 1.412424e+01 	 1.393734e+01 	 1.371014e+01 	 1.344407e+01 	 1.305785e+01 	 1.255410e+01 	 7.560113e+00 	 4.716430e+00 	 4.032071e+00 
5.590200e-01 	 3.388200e+05 	 1.385043e+01 	 1.367101e+01 	 1.347317e+01 	 1.320926e+01 	 1.285422e+01 	 1.236911e+01 	 7.463745e+00 	 4.665049e+00 	 3.980437e+00 
5.592000e-01 	 3.390000e+05 	 1.355647e+01 	 1.344377e+01 	 1.314953e+01 	 1.290524e+01 	 1.254114e+01 	 1.204656e+01 	 7.353596e+00 	 4.482937e+00 	 3.843855e+00 
5.622000e-01 	 3.420000e+05 	 6.011541e+00 	 5.920057e+00 	 5.809074e+00 	 5.700754e+00 	 5.536750e+00 	 5.325744e+00 	 3.331228e+00 	 1.871563e+00 	 1.588710e+00 
5.652000e-01 	 3.450000e+05 	 3.130276e+00 	 3.091454e+00 	 3.048767e+00 	 2.990538e+00 	 2.906293e+00 	 2.804253e+00 	 1.388945e+00 	 7.137988e-01 	 5.837384e-01 
5.682000e-01 	 3.480000e+05 	 5.406123e+00 	 5.366940e+00 	 5.301005e+00 	 5.206122e+00 	 5.070018e+00 	 4.881987e+00 	 2.067381e+00 	 1.125204e+00 	 9.270891e-01 
5.708200e-01 	 3.506200e+05 	 4.444425e+03 	 4.400410e+03 	 4.325131e+03 	 4.141166e+03 	 3.902794e+03 	 3.581419e+03 	 2.226197e+03 	 1.183776e+03 	 8.987672e+02 
5.708400e-01 	 3.506400e+05 	 2.156633e+02 	 2.138563e+02 	 2.097540e+02 	 2.040575e+02 	 1.964846e+02 	 1.854666e+02 	 1.075523e+02 	 6.671258e+01 	 5.633023e+01 
5.708600e-01 	 3.506600e+05 	 7.065982e+01 	 7.001918e+01 	 6.877092e+01 	 6.714918e+01 	 6.471998e+01 	 6.151018e+01 	 3.256599e+01 	 2.035618e+01 	 1.738420e+01 
5.708800e-01 	 3.506800e+05 	 4.044747e+01 	 4.120530e+01 	 4.089467e+01 	 3.852402e+01 	 3.737239e+01 	 3.579436e+01 	 1.836428e+01 	 1.107886e+01 	 9.431267e+00 
5.709400e-01 	 3.507400e+05 	 1.680055e+01 	 1.667335e+01 	 1.643184e+01 	 1.615646e+01 	 1.571352e+01 	 1.504517e+01 	 6.831920e+00 	 4.053063e+00 	 3.409490e+00 
5.712000e-01 	 3.510000e+05 	 8.696230e+00 	 8.635128e+00 	 8.536440e+00 	 8.384798e+00 	 8.179878e+00 	 7.853993e+00 	 3.276757e+00 	 1.843656e+00 	 1.525490e+00 
5.742000e-01 	 3.540000e+05 	 3.452376e+00 	 3.417030e+00 	 3.362923e+00 	 3.307915e+00 	 3.216692e+00 	 3.099897e+00 	 1.288706e+00 	 6.577990e-01 	 5.268985e-01 
5.772000e-01 	 3.570000e+05 	 5.710873e+00 	 5.652029e+00 	 5.564315e+00 	 5.466819e+00 	 5.315023e+00 	 5.124442e+00 	 2.222794e+00 	 1.192449e+00 	 9.691351e-01 
5.780600e-01 	 3.578600e+05 	 1.371548e+01 	 1.349253e+01 	 1.329318e+01 	 1.305317e+01 	 1.267477e+01 	 1.218146e+01 	 5.665042e+00 	 3.315539e+00 	 2.748625e+00 
5.780800e-01 	 3.578800e+05 	 2.095863e+01 	 2.074971e+01 	 2.039923e+01 	 2.013358e+01 	 1.940877e+01 	 1.863065e+01 	 9.257999e+00 	 5.609630e+00 	 4.713675e+00 
5.802000e-01 	 3.600000e+05 	 8.222560e+00 	 8.131728e+00 	 7.987952e+00 	 7.859578e+00 	 7.634631e+00 	 7.349944e+00 	 3.077135e+00 	 1.694421e+00 	 1.375204e+00 
5.817200e-01 	 3.615200e+05 	 4.845026e+02 	 4.797076e+02 	 4.740485e+02 	 4.568713e+02 	 4.409392e+02 	 4.164772e+02 	 2.764714e+02 	 1.818903e+02 	 1.564172e+02 
5.817400e-01 	 3.615400e+05 	 8.137057e+01 	 8.035464e+01 	 7.887734e+01 	 7.692553e+01 	 7.415576e+01 	 7.078457e+01 	 4.145382e+01 	 2.635493e+01 	 2.257925e+01 
5.817600e-01 	 3.615600e+05 	 4.196249e+01 	 4.144339e+01 	 4.076231e+01 	 3.981489e+01 	 3.844716e+01 	 3.675573e+01 	 2.029415e+01 	 1.268757e+01 	 1.075629e+01 
5.818000e-01 	 3.616000e+05 	 1.753495e+01 	 1.727296e+01 	 1.695686e+01 	 1.663131e+01 	 1.613258e+01 	 1.549554e+01 	 7.763454e+00 	 4.605784e+00 	 3.837951e+00 
5.818200e-01 	 3.616200e+05 	 2.596535e+01 	 2.558606e+01 	 2.507653e+01 	 2.457576e+01 	 2.380782e+01 	 2.281646e+01 	 1.219262e+01 	 7.458141e+00 	 6.298001e+00 
5.832000e-01 	 3.630000e+05 	 3.815424e+00 	 3.757016e+00 	 3.679892e+00 	 3.616001e+00 	 3.513072e+00 	 3.381346e+00 	 1.553715e+00 	 7.672836e-01 	 6.116871e-01 
5.862000e-01 	 3.660000e+05 	 4.360154e+00 	 4.298763e+00 	 4.222605e+00 	 4.148383e+00 	 4.048847e+00 	 3.894203e+00 	 1.603193e+00 	 8.005892e-01 	 6.304772e-01 
5.868400e-01 	 3.666400e+05 	 1.361722e+01 	 1.349405e+01 	 1.328190e+01 	 1.307026e+01 	 1.276988e+01 	 1.228666e+01 	 5.177945e+00 	 2.919287e+00 	 2.357489e+00 
5.869400e-01 	 3.667400e+05 	 2.611136e+01 	 2.681714e+01 	 2.536120e+01 	 2.484781e+01 	 2.496758e+01 	 2.316199e+01 	 1.051972e+01 	 6.228433e+00 	 5.148449e+00 
5.872000e-01 	 3.670000e+05 	 3.467666e+01 	 3.431044e+01 	 3.370274e+01 	 3.298014e+01 	 3.203546e+01 	 3.062474e+01 	 1.425497e+01 	 8.418308e+00 	 6.949324e+00 
5.875400e-01 	 3.673400e+05 	 2.458085e+01 	 2.432901e+01 	 2.387524e+01 	 2.341158e+01 	 2.269556e+01 	 2.173966e+01 	 9.496881e+00 	 5.530207e+00 	 4.538125e+00 
5.876600e-01 	 3.674600e+05 	 1.497070e+01 	 1.479376e+01 	 1.456390e+01 	 1.425690e+01 	 1.383324e+01 	 1.328282e+01 	 5.664958e+00 	 3.182211e+00 	 2.609211e+00 
5.882600e-01 	 3.680600e+05 	 1.506788e+01 	 1.491421e+01 	 1.468335e+01 	 1.440393e+01 	 1.399562e+01 	 1.344181e+01 	 5.556010e+00 	 3.159408e+00 	 2.585504e+00 
5.886600e-01 	 3.684600e+05 	 2.766457e+01 	 2.737216e+01 	 2.690573e+01 	 2.632158e+01 	 2.551355e+01 	 2.441829e+01 	 1.092907e+01 	 6.447203e+00 	 5.369977e+00 
5.891400e-01 	 3.689400e+05 	 3.744232e+01 	 3.714344e+01 	 3.660398e+01 	 3.585494e+01 	 3.479614e+01 	 3.325859e+01 	 1.529567e+01 	 9.083689e+00 	 7.594243e+00 
5.892000e-01 	 3.690000e+05 	 3.566050e+01 	 3.530189e+01 	 3.486897e+01 	 3.420935e+01 	 3.326845e+01 	 3.182877e+01 	 1.459836e+01 	 8.689066e+00 	 7.271945e+00 
5.894200e-01 	 3.692200e+05 	 2.466800e+01 	 2.439281e+01 	 2.398342e+01 	 2.350360e+01 	 2.281650e+01 	 2.183520e+01 	 9.465731e+00 	 5.543680e+00 	 4.589132e+00 
5.897800e-01 	 3.695800e+05 	 1.392992e+01 	 1.382308e+01 	 1.360137e+01 	 1.335106e+01 	 1.296165e+01 	 1.244572e+01 	 5.027692e+00 	 2.799589e+00 	 2.292756e+00 
5.900600e-01 	 3.698600e+05 	 1.424037e+01 	 1.406329e+01 	 1.384786e+01 	 1.360048e+01 	 1.321868e+01 	 1.267242e+01 	 5.161329e+00 	 2.878481e+00 	 2.355470e+00 
5.910800e-01 	 3.708800e+05 	 1.767358e+01 	 1.751186e+01 	 1.723417e+01 	 1.690889e+01 	 1.643932e+01 	 1.575029e+01 	 6.361525e+00 	 3.593573e+00 	 2.950770e+00 
5.911000e-01 	 3.709000e+05 	 2.099558e+01 	 2.080698e+01 	 2.048507e+01 	 2.009683e+01 	 1.950087e+01 	 1.865480e+01 	 7.653133e+00 	 4.360122e+00 	 3.585728e+00 
5.911200e-01 	 3.709200e+05 	 2.043877e+01 	 2.026858e+01 	 1.996702e+01 	 1.956279e+01 	 1.901082e+01 	 1.823839e+01 	 7.459377e+00 	 4.262118e+00 	 3.505108e+00 
5.911400e-01 	 3.709400e+05 	 1.802025e+01 	 1.783950e+01 	 1.757231e+01 	 1.723669e+01 	 1.674421e+01 	 1.604236e+01 	 6.544362e+00 	 3.726693e+00 	 3.065936e+00 
5.912800e-01 	 3.710800e+05 	 1.746610e+01 	 1.725951e+01 	 1.698960e+01 	 1.667161e+01 	 1.617230e+01 	 1.550445e+01 	 6.230492e+00 	 3.533409e+00 	 2.904495e+00 
5.913000e-01 	 3.711000e+05 	 1.944189e+01 	 1.921859e+01 	 1.893415e+01 	 1.856807e+01 	 1.805929e+01 	 1.729973e+01 	 7.040556e+00 	 4.009129e+00 	 3.298145e+00 
5.913200e-01 	 3.711200e+05 	 1.678300e+01 	 1.660928e+01 	 1.636193e+01 	 1.606386e+01 	 1.563083e+01 	 1.496568e+01 	 6.001223e+00 	 3.380585e+00 	 2.779982e+00 
5.913400e-01 	 3.711400e+05 	 1.418708e+01 	 1.402996e+01 	 1.381930e+01 	 1.357764e+01 	 1.320149e+01 	 1.269701e+01 	 5.068894e+00 	 2.813753e+00 	 2.289874e+00 
5.913600e-01 	 3.711600e+05 	 1.423086e+01 	 1.408552e+01 	 1.387048e+01 	 1.360677e+01 	 1.324877e+01 	 1.270969e+01 	 5.051721e+00 	 2.779881e+00 	 2.272733e+00 
5.915400e-01 	 3.713400e+05 	 1.667419e+01 	 1.650429e+01 	 1.625611e+01 	 1.595539e+01 	 1.551747e+01 	 1.487060e+01 	 5.941251e+00 	 3.337673e+00 	 2.748919e+00 
5.919000e-01 	 3.717000e+05 	 2.621138e+01 	 2.610976e+01 	 2.560510e+01 	 2.508454e+01 	 2.438046e+01 	 2.340312e+01 	 9.839026e+00 	 5.770792e+00 	 4.765259e+00 
5.920800e-01 	 3.718800e+05 	 4.993427e+01 	 4.937836e+01 	 4.858184e+01 	 4.753195e+01 	 4.611209e+01 	 4.402025e+01 	 1.941338e+01 	 1.157258e+01 	 9.589327e+00 
5.921400e-01 	 3.719400e+05 	 2.755690e+01 	 2.717749e+01 	 2.677272e+01 	 2.626966e+01 	 2.549953e+01 	 2.440742e+01 	 1.002346e+01 	 5.783074e+00 	 4.738688e+00 
5.922000e-01 	 3.720000e+05 	 2.340847e+01 	 2.312575e+01 	 2.278347e+01 	 2.238885e+01 	 2.175406e+01 	 2.073407e+01 	 8.326458e+00 	 4.736726e+00 	 3.883535e+00 
5.922400e-01 	 3.720400e+05 	 1.495341e+01 	 1.477137e+01 	 1.457095e+01 	 1.430506e+01 	 1.390705e+01 	 1.333786e+01 	 5.153246e+00 	 2.890633e+00 	 2.351374e+00 
5.924200e-01 	 3.722200e+05 	 3.857811e+03 	 3.864222e+03 	 3.758573e+03 	 3.629935e+03 	 3.433572e+03 	 3.178982e+03 	 1.830406e+03 	 9.612224e+02 	 7.265246e+02 
5.924400e-01 	 3.722400e+05 	 4.270396e+01 	 4.235763e+01 	 4.180313e+01 	 4.098852e+01 	 3.978896e+01 	 3.804903e+01 	 1.645286e+01 	 9.702984e+00 	 8.056939e+00 
5.924600e-01 	 3.722600e+05 	 2.113785e+01 	 2.098125e+01 	 2.066086e+01 	 2.027197e+01 	 1.963241e+01 	 1.880426e+01 	 7.522889e+00 	 4.294538e+00 	 3.540240e+00 
5.925200e-01 	 3.723200e+05 	 1.558044e+01 	 1.541987e+01 	 1.519473e+01 	 1.490846e+01 	 1.451402e+01 	 1.392745e+01 	 5.385008e+00 	 3.043005e+00 	 2.476819e+00 
5.925400e-01 	 3.723400e+05 	 1.741672e+01 	 1.726471e+01 	 1.691197e+01 	 1.667094e+01 	 1.608968e+01 	 1.551416e+01 	 6.051928e+00 	 3.383870e+00 	 2.778441e+00 
5.934600e-01 	 3.732600e+05 	 3.725084e+01 	 3.684530e+01 	 3.623009e+01 	 3.539229e+01 	 3.415967e+01 	 3.259695e+01 	 1.407431e+01 	 8.245017e+00 	 6.825389e+00 
5.935200e-01 	 3.733200e+05 	 4.141981e+01 	 4.104002e+01 	 4.048149e+01 	 3.966668e+01 	 3.847868e+01 	 3.682299e+01 	 1.606541e+01 	 9.476099e+00 	 7.833820e+00 
5.935800e-01 	 3.733800e+05 	 1.466912e+01 	 1.459558e+01 	 1.437519e+01 	 1.403359e+01 	 1.365447e+01 	 1.317622e+01 	 5.211105e+00 	 2.849942e+00 	 2.322634e+00 
5.936400e-01 	 3.734400e+05 	 3.560194e+01 	 3.522695e+01 	 3.478042e+01 	 3.404099e+01 	 3.302533e+01 	 3.167042e+01 	 1.371436e+01 	 8.008252e+00 	 6.621131e+00 
5.938400e-01 	 3.736400e+05 	 1.667794e+01 	 1.647945e+01 	 1.623988e+01 	 1.593137e+01 	 1.551634e+01 	 1.486116e+01 	 5.938346e+00 	 3.316195e+00 	 2.701949e+00 
5.941000e-01 	 3.739000e+05 	 1.745062e+01 	 1.730035e+01 	 1.702781e+01 	 1.673618e+01 	 1.581407e+01 	 1.556992e+01 	 6.137576e+00 	 3.392360e+00 	 2.769351e+00 
5.944200e-01 	 3.742200e+05 	 2.201987e+01 	 2.176424e+01 	 2.141108e+01 	 2.103086e+01 	 2.036850e+01 	 1.955668e+01 	 8.272482e+00 	 4.718776e+00 	 3.898553e+00 
5.946200e-01 	 3.744200e+05 	 2.552366e+01 	 2.528876e+01 	 2.491637e+01 	 2.449260e+01 	 2.379005e+01 	 2.282296e+01 	 9.788969e+00 	 5.632647e+00 	 4.641526e+00 
5.950000e-01 	 3.748000e+05 	 2.121223e+01 	 2.099112e+01 	 2.067233e+01 	 2.027090e+01 	 1.967653e+01 	 1.886921e+01 	 8.011498e+00 	 4.555328e+00 	 3.751291e+00 
5.952000e-01 	 3.750000e+05 	 1.787453e+01 	 1.767943e+01 	 1.737893e+01 	 1.706272e+01 	 1.657397e+01 	 1.591151e+01 	 6.669185e+00 	 3.751259e+00 	 3.089754e+00 
5.958400e-01 	 3.756400e+05 	 1.410351e+01 	 1.394080e+01 	 1.372659e+01 	 1.349733e+01 	 1.315007e+01 	 1.264916e+01 	 5.192358e+00 	 2.863532e+00 	 2.315212e+00 
5.982000e-01 	 3.780000e+05 	 3.476302e+00 	 3.425857e+00 	 3.370874e+00 	 3.312104e+00 	 3.230770e+00 	 3.112693e+00 	 1.193356e+00 	 5.635827e-01 	 4.355756e-01 
5.997800e-01 	 3.795800e+05 	 1.289186e+01 	 1.256023e+01 	 1.220972e+01 	 1.202069e+01 	 1.163491e+01 	 1.116429e+01 	 5.428983e+00 	 2.937716e+00 	 2.377563e+00 
6.002400e-01 	 3.800400e+05 	 2.200562e+01 	 2.184728e+01 	 2.134493e+01 	 2.057969e+01 	 2.017171e+01 	 1.930333e+01 	 9.928779e+00 	 5.702344e+00 	 4.704236e+00 
6.005000e-01 	 3.803000e+05 	 3.146760e+01 	 3.083809e+01 	 3.032944e+01 	 2.967538e+01 	 2.847662e+01 	 2.743238e+01 	 1.430327e+01 	 8.435566e+00 	 7.025735e+00 
6.008800e-01 	 3.806800e+05 	 2.219709e+01 	 2.179617e+01 	 2.139146e+01 	 2.094178e+01 	 2.033332e+01 	 1.952323e+01 	 9.627014e+00 	 5.536019e+00 	 4.561462e+00 
6.012000e-01 	 3.810000e+05 	 1.624402e+01 	 1.625015e+01 	 1.588728e+01 	 1.553919e+01 	 1.505689e+01 	 1.442535e+01 	 6.803137e+00 	 3.751690e+00 	 3.041541e+00 
6.013800e-01 	 3.811800e+05 	 1.258801e+01 	 1.232967e+01 	 1.209376e+01 	 1.184279e+01 	 1.146961e+01 	 1.104202e+01 	 5.052223e+00 	 2.801828e+00 	 2.261580e+00 
6.042000e-01 	 3.840000e+05 	 9.132865e+00 	 9.003105e+00 	 8.859285e+00 	 8.687978e+00 	 8.439051e+00 	 8.101610e+00 	 3.031686e+00 	 1.575701e+00 	 1.266036e+00 
6.044200e-01 	 3.842200e+05 	 1.395583e+01 	 1.383120e+01 	 1.361756e+01 	 1.337300e+01 	 1.299207e+01 	 1.248544e+01 	 4.809824e+00 	 2.580136e+00 	 2.055743e+00 
6.044400e-01 	 3.842400e+05 	 1.443198e+01 	 1.427195e+01 	 1.403212e+01 	 1.378733e+01 	 1.341318e+01 	 1.286755e+01 	 4.976038e+00 	 2.661944e+00 	 2.127469e+00 
6.045000e-01 	 3.843000e+05 	 1.466350e+01 	 1.451614e+01 	 1.428663e+01 	 1.401032e+01 	 1.363374e+01 	 1.309251e+01 	 5.036743e+00 	 2.726578e+00 	 2.202656e+00 
6.047000e-01 	 3.845000e+05 	 1.429725e+01 	 1.413446e+01 	 1.390854e+01 	 1.364236e+01 	 1.326585e+01 	 1.272800e+01 	 4.922126e+00 	 2.664597e+00 	 2.156049e+00 
6.048000e-01 	 3.846000e+05 	 1.369452e+01 	 1.352306e+01 	 1.331295e+01 	 1.306315e+01 	 1.268115e+01 	 1.213783e+01 	 4.491866e+00 	 2.412218e+00 	 1.939459e+00 
6.072000e-01 	 3.870000e+05 	 6.386007e+00 	 6.285671e+00 	 6.163392e+00 	 6.035134e+00 	 5.868364e+00 	 5.649788e+00 	 2.465211e+00 	 1.232084e+00 	 9.801384e-01 
6.099000e-01 	 3.897000e+05 	 2.851884e+02 	 2.791242e+02 	 2.742823e+02 	 2.688347e+02 	 2.576662e+02 	 2.455512e+02 	 1.660255e+02 	 1.088249e+02 	 9.424944e+01 
6.099200e-01 	 3.897200e+05 	 4.209538e+01 	 4.074071e+01 	 4.011947e+01 	 3.916680e+01 	 3.763871e+01 	 3.624039e+01 	 2.023203e+01 	 1.223575e+01 	 1.030839e+01 
6.099600e-01 	 3.897600e+05 	 1.585099e+01 	 1.569290e+01 	 1.520643e+01 	 1.501103e+01 	 1.442765e+01 	 1.383014e+01 	 6.913104e+00 	 3.826003e+00 	 3.127364e+00 
6.102000e-01 	 3.900000e+05 	 5.554154e+00 	 5.447960e+00 	 5.325438e+00 	 5.218219e+00 	 5.050172e+00 	 4.859257e+00 	 2.205987e+00 	 1.073653e+00 	 8.485871e-01 
6.116000e-01 	 3.914000e+05 	 1.234988e+01 	 1.214651e+01 	 1.188508e+01 	 1.165811e+01 	 1.130527e+01 	 1.086843e+01 	 4.797208e+00 	 2.549657e+00 	 2.070167e+00 
6.121800e-01 	 3.919800e+05 	 2.118220e+01 	 2.088928e+01 	 2.052296e+01 	 2.011802e+01 	 1.953826e+01 	 1.875404e+01 	 8.494176e+00 	 4.730884e+00 	 3.902092e+00 
6.125800e-01 	 3.923800e+05 	 3.135464e+01 	 3.039581e+01 	 2.981396e+01 	 2.907432e+01 	 2.863830e+01 	 2.701611e+01 	 1.270213e+01 	 7.163827e+00 	 5.932607e+00 
6.131200e-01 	 3.929200e+05 	 2.141967e+01 	 2.110871e+01 	 2.074677e+01 	 2.034719e+01 	 1.977363e+01 	 1.898494e+01 	 8.424697e+00 	 4.622921e+00 	 3.761070e+00 
6.132000e-01 	 3.930000e+05 	 1.946041e+01 	 1.915400e+01 	 1.877136e+01 	 1.836439e+01 	 1.779055e+01 	 1.706260e+01 	 7.324534e+00 	 4.094997e+00 	 3.351622e+00 
6.142200e-01 	 3.940200e+05 	 1.272297e+01 	 1.254368e+01 	 1.232313e+01 	 1.208983e+01 	 1.172513e+01 	 1.126118e+01 	 4.529747e+00 	 2.379271e+00 	 1.935044e+00 
6.162000e-01 	 3.960000e+05 	 7.826522e+00 	 7.748977e+00 	 7.648188e+00 	 7.526743e+00 	 7.334748e+00 	 7.058023e+00 	 2.662730e+00 	 1.317242e+00 	 1.037939e+00 
6.192000e-01 	 3.990000e+05 	 5.033951e+00 	 4.992948e+00 	 4.916996e+00 	 4.832460e+00 	 4.718197e+00 	 4.552295e+00 	 1.662077e+00 	 7.910883e-01 	 6.252187e-01 
6.222000e-01 	 4.020000e+05 	 4.151166e+00 	 4.102705e+00 	 4.040115e+00 	 3.971998e+00 	 3.873781e+00 	 3.749116e+00 	 1.509913e+00 	 6.649288e-01 	 5.138745e-01 
6.252000e-01 	 4.050000e+05 	 3.605466e+00 	 3.544907e+00 	 3.470810e+00 	 3.404166e+00 	 3.311278e+00 	 3.193732e+00 	 1.385846e+00 	 6.157561e-01 	 4.783868e-01 
6.282000e-01 	 4.080000e+05 	 7.999681e+00 	 7.792772e+00 	 7.573868e+00 	 7.386833e+00 	 7.131425e+00 	 6.847518e+00 	 3.667523e+00 	 1.824488e+00 	 1.465300e+00 
6.312000e-01 	 4.110000e+05 	 3.833522e+00 	 3.799936e+00 	 3.740591e+00 	 3.692655e+00 	 3.617569e+00 	 3.508611e+00 	 1.315999e+00 	 5.924166e-01 	 4.575752e-01 
6.323200e-01 	 4.121200e+05 	 2.936058e+01 	 2.908202e+01 	 2.877359e+01 	 2.816688e+01 	 2.760295e+01 	 2.625184e+01 	 9.639244e+00 	 5.291132e+00 	 4.335949e+00 
6.324200e-01 	 4.122200e+05 	 1.729779e+01 	 1.713262e+01 	 1.684719e+01 	 1.653508e+01 	 1.611604e+01 	 1.538185e+01 	 5.316428e+00 	 2.783977e+00 	 2.255534e+00 
6.325600e-01 	 4.123600e+05 	 1.291578e+01 	 1.271475e+01 	 1.261167e+01 	 1.234067e+01 	 1.207284e+01 	 1.156300e+01 	 3.828982e+00 	 1.989205e+00 	 1.589171e+00 
6.327200e-01 	 4.125200e+05 	 1.480998e+01 	 1.463629e+01 	 1.444027e+01 	 1.416724e+01 	 1.378541e+01 	 1.323295e+01 	 4.552287e+00 	 2.384661e+00 	 1.920244e+00 
6.329000e-01 	 4.127000e+05 	 1.325865e+01 	 1.316125e+01 	 1.296941e+01 	 1.274936e+01 	 1.240161e+01 	 1.191264e+01 	 4.062168e+00 	 2.087012e+00 	 1.673905e+00 
6.331800e-01 	 4.129800e+05 	 1.391994e+01 	 1.373626e+01 	 1.354005e+01 	 1.328673e+01 	 1.294615e+01 	 1.237245e+01 	 4.224894e+00 	 2.162792e+00 	 1.734070e+00 
6.333400e-01 	 4.131400e+05 	 2.645412e+01 	 2.610449e+01 	 2.566884e+01 	 2.514567e+01 	 2.443755e+01 	 2.331802e+01 	 8.370766e+00 	 4.467002e+00 	 3.614393e+00 
6.336000e-01 	 4.134000e+05 	 1.907463e+01 	 1.888697e+01 	 1.860773e+01 	 1.826119e+01 	 1.776434e+01 	 1.704076e+01 	 6.109703e+00 	 3.240230e+00 	 2.621829e+00 
6.340600e-01 	 4.138600e+05 	 1.587815e+01 	 1.565588e+01 	 1.535848e+01 	 1.503528e+01 	 1.457554e+01 	 1.391575e+01 	 4.880282e+00 	 2.529560e+00 	 2.024612e+00 
6.342000e-01 	 4.140000e+05 	 1.423115e+01 	 1.398466e+01 	 1.377954e+01 	 1.348827e+01 	 1.306991e+01 	 1.247907e+01 	 4.353220e+00 	 2.231984e+00 	 1.782169e+00 
6.348000e-01 	 4.146000e+05 	 1.194551e+01 	 1.175951e+01 	 1.155930e+01 	 1.134524e+01 	 1.103174e+01 	 1.060458e+01 	 3.889903e+00 	 1.975413e+00 	 1.576928e+00 
6.372000e-01 	 4.170000e+05 	 7.635333e+00 	 7.503131e+00 	 7.361777e+00 	 7.221900e+00 	 7.012135e+00 	 6.751122e+00 	 2.569897e+00 	 1.242561e+00 	 9.682199e-01 
6.402000e-01 	 4.200000e+05 	 5.655709e+00 	 5.562098e+00 	 5.453807e+00 	 5.344321e+00 	 5.197478e+00 	 5.005416e+00 	 1.933209e+00 	 8.887651e-01 	 6.798242e-01 
6.404600e-01 	 4.202600e+05 	 4.085091e+01 	 4.008579e+01 	 3.913166e+01 	 3.817615e+01 	 3.697617e+01 	 3.530968e+01 	 1.607255e+01 	 9.122925e+00 	 7.426658e+00 
6.404800e-01 	 4.202800e+05 	 4.669444e+00 	 4.591648e+00 	 4.500304e+00 	 4.419600e+00 	 4.295782e+00 	 4.146392e+00 	 1.621388e+00 	 7.226855e-01 	 5.568928e-01 
6.405600e-01 	 4.203600e+05 	 2.449308e+01 	 2.404660e+01 	 2.352822e+01 	 2.304505e+01 	 2.236281e+01 	 2.141570e+01 	 9.127156e+00 	 4.951842e+00 	 3.994458e+00 
6.406800e-01 	 4.204800e+05 	 6.114360e+01 	 5.996539e+01 	 5.902012e+01 	 5.712376e+01 	 5.528020e+01 	 5.281504e+01 	 2.428472e+01 	 1.408575e+01 	 1.162063e+01 
6.407200e-01 	 4.205200e+05 	 3.152608e+01 	 3.086840e+01 	 3.023419e+01 	 2.959079e+01 	 2.864815e+01 	 2.747063e+01 	 1.184223e+01 	 6.523933e+00 	 5.265886e+00 
6.411200e-01 	 4.209200e+05 	 1.247823e+01 	 1.223719e+01 	 1.199832e+01 	 1.181944e+01 	 1.140070e+01 	 1.094657e+01 	 4.195074e+00 	 2.141819e+00 	 1.675807e+00 
6.415200e-01 	 4.213200e+05 	 1.172355e+01 	 1.170757e+01 	 1.148322e+01 	 1.112462e+01 	 1.080582e+01 	 1.039655e+01 	 3.805459e+00 	 1.911423e+00 	 1.496525e+00 
6.415400e-01 	 4.213400e+05 	 1.181305e+01 	 1.149639e+01 	 1.140209e+01 	 1.119714e+01 	 1.075614e+01 	 1.046063e+01 	 3.784431e+00 	 1.899908e+00 	 1.487347e+00 
6.423000e-01 	 4.221000e+05 	 1.290098e+01 	 1.272894e+01 	 1.252427e+01 	 1.221769e+01 	 1.186311e+01 	 1.139917e+01 	 4.005656e+00 	 1.996543e+00 	 1.564226e+00 
6.425600e-01 	 4.223600e+05 	 2.542559e+01 	 2.526395e+01 	 2.464235e+01 	 2.438352e+01 	 2.356135e+01 	 2.280157e+01 	 8.547571e+00 	 4.532923e+00 	 3.623172e+00 
6.427400e-01 	 4.225400e+05 	 2.124348e+01 	 2.090443e+01 	 2.047964e+01 	 2.008417e+01 	 1.949099e+01 	 1.869618e+01 	 6.932179e+00 	 3.594461e+00 	 2.871788e+00 
6.432000e-01 	 4.230000e+05 	 1.827156e+01 	 1.797976e+01 	 1.766286e+01 	 1.732694e+01 	 1.682754e+01 	 1.612745e+01 	 5.819653e+00 	 2.979222e+00 	 2.381014e+00 
6.433600e-01 	 4.231600e+05 	 1.627622e+01 	 1.605721e+01 	 1.579652e+01 	 1.546202e+01 	 1.505424e+01 	 1.447168e+01 	 5.108794e+00 	 2.656706e+00 	 2.114820e+00 
6.438600e-01 	 4.236600e+05 	 1.194712e+01 	 1.181777e+01 	 1.165782e+01 	 1.141907e+01 	 1.113687e+01 	 1.068358e+01 	 3.576422e+00 	 1.766267e+00 	 1.378953e+00 
6.462000e-01 	 4.260000e+05 	 7.495025e+00 	 7.401123e+00 	 7.296111e+00 	 7.172969e+00 	 6.996761e+00 	 6.746840e+00 	 2.411449e+00 	 1.140989e+00 	 8.948629e-01 
6.479000e-01 	 4.277000e+05 	 1.103842e+01 	 1.082542e+01 	 1.055341e+01 	 1.032394e+01 	 1.001075e+01 	 9.610440e+00 	 4.121496e+00 	 2.031065e+00 	 1.616135e+00 
6.479600e-01 	 4.277600e+05 	 2.167381e+01 	 2.122508e+01 	 2.067449e+01 	 2.019009e+01 	 1.953126e+01 	 1.871168e+01 	 8.407323e+00 	 4.449952e+00 	 3.608533e+00 
6.480000e-01 	 4.278000e+05 	 4.352537e+01 	 4.285894e+01 	 4.193950e+01 	 4.088116e+01 	 3.951458e+01 	 3.779343e+01 	 1.835837e+01 	 1.046041e+01 	 8.590629e+00 
6.480400e-01 	 4.278400e+05 	 1.673032e+01 	 1.637648e+01 	 1.602180e+01 	 1.571836e+01 	 1.527557e+01 	 1.467452e+01 	 6.591474e+00 	 3.429108e+00 	 2.762686e+00 
6.482200e-01 	 4.280200e+05 	 1.268050e+01 	 1.238911e+01 	 1.209143e+01 	 1.178132e+01 	 1.139572e+01 	 1.093484e+01 	 4.618146e+00 	 2.300455e+00 	 1.830260e+00 
6.483800e-01 	 4.281800e+05 	 1.133356e+01 	 1.109033e+01 	 1.082448e+01 	 1.060942e+01 	 1.028626e+01 	 9.890770e+00 	 4.216818e+00 	 2.094728e+00 	 1.664021e+00 
6.484000e-01 	 4.282000e+05 	 1.175147e+01 	 1.151831e+01 	 1.124462e+01 	 1.100127e+01 	 1.066586e+01 	 1.026771e+01 	 4.376339e+00 	 2.171562e+00 	 1.724226e+00 
6.484200e-01 	 4.282200e+05 	 1.115228e+01 	 1.093176e+01 	 1.070163e+01 	 1.048094e+01 	 1.018489e+01 	 9.800260e+00 	 4.190106e+00 	 2.067664e+00 	 1.641341e+00 
6.492000e-01 	 4.290000e+05 	 8.147387e+00 	 7.987387e+00 	 7.814175e+00 	 7.661938e+00 	 7.441025e+00 	 7.162451e+00 	 3.091061e+00 	 1.457284e+00 	 1.143521e+00 
6.499800e-01 	 4.297800e+05 	 1.261276e+01 	 1.231152e+01 	 1.202168e+01 	 1.177225e+01 	 1.142391e+01 	 1.096678e+01 	 4.923709e+00 	 2.445283e+00 	 1.949079e+00 
6.501200e-01 	 4.299200e+05 	 1.187960e+01 	 1.161755e+01 	 1.135116e+01 	 1.111678e+01 	 1.075807e+01 	 1.034092e+01 	 4.704806e+00 	 2.316426e+00 	 1.784650e+00 
6.501400e-01 	 4.299400e+05 	 1.185379e+01 	 1.158705e+01 	 1.132363e+01 	 1.106659e+01 	 1.072488e+01 	 1.031638e+01 	 4.687446e+00 	 2.309241e+00 	 1.782558e+00 
6.501600e-01 	 4.299600e+05 	 1.204231e+01 	 1.176408e+01 	 1.151904e+01 	 1.126091e+01 	 1.090966e+01 	 1.049631e+01 	 4.817071e+00 	 2.363299e+00 	 1.778895e+00 
6.501800e-01 	 4.299800e+05 	 1.142839e+01 	 1.114374e+01 	 1.086572e+01 	 1.061090e+01 	 1.026399e+01 	 9.848131e+00 	 4.408521e+00 	 2.169600e+00 	 1.725941e+00 
6.502000e-01 	 4.300000e+05 	 1.096592e+01 	 1.072019e+01 	 1.044506e+01 	 1.020820e+01 	 9.875991e+00 	 9.497474e+00 	 4.129581e+00 	 2.094425e+00 	 1.665141e+00 
6.522000e-01 	 4.320000e+05 	 6.159535e+00 	 6.036505e+00 	 5.907369e+00 	 5.788653e+00 	 5.632444e+00 	 5.430677e+00 	 2.204729e+00 	 9.912669e-01 	 7.668235e-01 
6.538000e-01 	 4.336000e+05 	 1.079907e+01 	 1.058549e+01 	 1.033669e+01 	 1.009354e+01 	 9.788060e+00 	 9.413604e+00 	 4.042568e+00 	 1.979883e+00 	 1.565178e+00 
6.540000e-01 	 4.338000e+05 	 1.453500e+01 	 1.419591e+01 	 1.388458e+01 	 1.360211e+01 	 1.320251e+01 	 1.269043e+01 	 5.487925e+00 	 2.753674e+00 	 2.169535e+00 
6.544200e-01 	 4.342200e+05 	 1.718554e+01 	 1.664472e+01 	 1.620344e+01 	 1.578893e+01 	 1.525077e+01 	 1.462728e+01 	 6.593101e+00 	 3.326954e+00 	 2.680656e+00 
6.546600e-01 	 4.344600e+05 	 1.409864e+01 	 1.388377e+01 	 1.360120e+01 	 1.336950e+01 	 1.300127e+01 	 1.252248e+01 	 5.544687e+00 	 2.746222e+00 	 2.085720e+00 
6.552000e-01 	 4.350000e+05 	 1.057496e+01 	 1.033972e+01 	 1.010052e+01 	 9.854018e+00 	 9.564831e+00 	 9.197017e+00 	 3.993569e+00 	 1.940506e+00 	 1.543848e+00 
6.552400e-01 	 4.350400e+05 	 1.030341e+01 	 1.009190e+01 	 9.853255e+00 	 9.647262e+00 	 9.337004e+00 	 8.961346e+00 	 3.899716e+00 	 1.888107e+00 	 1.498916e+00 
6.560000e-01 	 4.358000e+05 	 1.174233e+01 	 1.152805e+01 	 1.130633e+01 	 1.108178e+01 	 1.076829e+01 	 1.037151e+01 	 4.295526e+00 	 2.102011e+00 	 1.670448e+00 
6.569000e-01 	 4.367000e+05 	 1.063446e+01 	 1.046821e+01 	 1.023090e+01 	 1.005589e+01 	 9.749923e+00 	 9.411309e+00 	 3.693742e+00 	 1.787195e+00 	 1.413915e+00 
6.582000e-01 	 4.380000e+05 	 1.022603e+01 	 1.005522e+01 	 9.867821e+00 	 9.684356e+00 	 9.407474e+00 	 9.057368e+00 	 3.435491e+00 	 1.652225e+00 	 1.307747e+00 
6.612000e-01 	 4.410000e+05 	 3.643996e+00 	 3.599971e+00 	 3.550585e+00 	 3.484414e+00 	 3.398888e+00 	 3.284480e+00 	 1.153516e+00 	 4.889054e-01 	 3.781641e-01 
6.642000e-01 	 4.440000e+05 	 3.793298e+00 	 3.750937e+00 	 3.693938e+00 	 3.635696e+00 	 3.547593e+00 	 3.425741e+00 	 1.151575e+00 	 4.925207e-01 	 3.811238e-01 
6.672000e-01 	 4.470000e+05 	 5.139245e+00 	 4.997615e+00 	 4.868750e+00 	 4.748598e+00 	 4.598466e+00 	 4.433017e+00 	 2.214255e+00 	 9.397935e-01 	 7.328852e-01 
6.702000e-01 	 4.500000e+05 	 4.067517e+00 	 3.933341e+00 	 3.797823e+00 	 3.697477e+00 	 3.559440e+00 	 3.413476e+00 	 2.016529e+00 	 8.009877e-01 	 6.262898e-01 
6.732000e-01 	 4.530000e+05 	 3.611502e+00 	 3.528960e+00 	 3.451145e+00 	 3.378546e+00 	 3.289707e+00 	 3.176355e+00 	 1.413690e+00 	 5.769170e-01 	 4.399965e-01 
6.762000e-01 	 4.560000e+05 	 3.572166e+00 	 3.500332e+00 	 3.425003e+00 	 3.358481e+00 	 3.267799e+00 	 3.148946e+00 	 1.289064e+00 	 5.260855e-01 	 4.001560e-01 
6.792000e-01 	 4.590000e+05 	 5.493932e+00 	 5.389109e+00 	 5.279351e+00 	 5.174839e+00 	 5.030725e+00 	 4.863675e+00 	 1.800948e+00 	 7.876971e-01 	 5.998635e-01 
6.822000e-01 	 4.620000e+05 	 3.801310e+00 	 3.745843e+00 	 3.677767e+00 	 3.612366e+00 	 3.529047e+00 	 3.403919e+00 	 1.159388e+00 	 4.851820e-01 	 3.701038e-01 
6.842600e-01 	 4.640600e+05 	 1.388145e+01 	 1.361419e+01 	 1.330721e+01 	 1.304963e+01 	 1.267622e+01 	 1.218348e+01 	 4.485972e+00 	 2.158287e+00 	 1.689684e+00 
6.843200e-01 	 4.641200e+05 	 9.817687e+01 	 9.607893e+01 	 9.386147e+01 	 9.285573e+01 	 8.936763e+01 	 8.457019e+01 	 3.774915e+01 	 2.080316e+01 	 1.681864e+01 
6.844200e-01 	 4.642200e+05 	 4.422370e+01 	 4.340761e+01 	 4.240642e+01 	 4.158541e+01 	 4.017356e+01 	 3.858050e+01 	 1.577916e+01 	 8.271101e+00 	 6.644013e+00 
6.845400e-01 	 4.643400e+05 	 7.379216e+01 	 7.224271e+01 	 7.039668e+01 	 6.868160e+01 	 6.633579e+01 	 6.362159e+01 	 2.774555e+01 	 1.515867e+01 	 1.230432e+01 
6.845600e-01 	 4.643600e+05 	 4.845709e+01 	 4.742484e+01 	 4.637426e+01 	 4.521433e+01 	 4.372152e+01 	 4.186070e+01 	 1.709459e+01 	 9.147194e+00 	 7.339794e+00 
6.846800e-01 	 4.644800e+05 	 2.576249e+01 	 2.526933e+01 	 2.467597e+01 	 2.405979e+01 	 2.331178e+01 	 2.233989e+01 	 8.551839e+00 	 4.366215e+00 	 3.450892e+00 
6.852000e-01 	 4.650000e+05 	 3.857859e+01 	 3.773804e+01 	 3.676572e+01 	 3.594616e+01 	 3.485006e+01 	 3.345481e+01 	 1.417206e+01 	 7.495599e+00 	 6.035600e+00 
6.852800e-01 	 4.650800e+05 	 4.446890e+01 	 4.347415e+01 	 4.239841e+01 	 4.150359e+01 	 4.019538e+01 	 3.860622e+01 	 1.656082e+01 	 8.908843e+00 	 7.208978e+00 
6.853600e-01 	 4.651600e+05 	 2.564033e+01 	 2.503776e+01 	 2.444746e+01 	 2.388304e+01 	 2.313525e+01 	 2.222557e+01 	 8.994000e+00 	 4.625588e+00 	 3.684842e+00 
6.855800e-01 	 4.653800e+05 	 2.061779e+01 	 2.018452e+01 	 1.964676e+01 	 1.922469e+01 	 1.862675e+01 	 1.782616e+01 	 7.159686e+00 	 3.593136e+00 	 2.860289e+00 
6.861600e-01 	 4.659600e+05 	 1.514929e+01 	 1.475642e+01 	 1.437543e+01 	 1.409552e+01 	 1.363788e+01 	 1.310820e+01 	 5.261213e+00 	 2.541397e+00 	 2.000826e+00 
6.865800e-01 	 4.663800e+05 	 9.649805e+00 	 9.428544e+00 	 9.501598e+00 	 9.039926e+00 	 9.008826e+00 	 8.444494e+00 	 3.312043e+00 	 1.475886e+00 	 1.127124e+00 
6.882000e-01 	 4.680000e+05 	 4.052587e+00 	 3.973879e+00 	 3.896898e+00 	 3.816995e+00 	 3.716146e+00 	 3.591661e+00 	 1.313829e+00 	 5.363322e-01 	 4.064638e-01 
6.912000e-01 	 4.710000e+05 	 4.389788e+00 	 4.331149e+00 	 4.256313e+00 	 4.187886e+00 	 4.090137e+00 	 3.939750e+00 	 1.241015e+00 	 5.251705e-01 	 4.007535e-01 
6.934600e-01 	 4.732600e+05 	 2.274123e+02 	 2.238974e+02 	 2.192113e+02 	 2.135679e+02 	 2.055416e+02 	 1.950740e+02 	 8.250492e+01 	 4.430952e+01 	 3.516717e+01 
6.934800e-01 	 4.732800e+05 	 5.398718e+01 	 5.284185e+01 	 5.169308e+01 	 5.062729e+01 	 4.912135e+01 	 4.702235e+01 	 1.717471e+01 	 9.045841e+00 	 7.180469e+00 
6.935200e-01 	 4.733200e+05 	 2.662734e+01 	 2.607821e+01 	 2.558676e+01 	 2.498399e+01 	 2.428150e+01 	 2.325318e+01 	 7.990241e+00 	 4.039175e+00 	 3.179633e+00 
6.935600e-01 	 4.733600e+05 	 4.475156e+01 	 4.404639e+01 	 4.308778e+01 	 4.221195e+01 	 4.083331e+01 	 3.920073e+01 	 1.415060e+01 	 7.402928e+00 	 5.896531e+00 
6.936000e-01 	 4.734000e+05 	 1.748529e+01 	 1.713999e+01 	 1.671135e+01 	 1.642599e+01 	 1.595917e+01 	 1.527301e+01 	 5.043458e+00 	 2.458693e+00 	 1.912255e+00 
6.937400e-01 	 4.735400e+05 	 1.053196e+01 	 1.038131e+01 	 1.018452e+01 	 1.001103e+01 	 9.758593e+00 	 9.410951e+00 	 3.062731e+00 	 1.407860e+00 	 1.090479e+00 
6.937600e-01 	 4.735600e+05 	 1.324807e+01 	 1.301531e+01 	 1.276566e+01 	 1.250137e+01 	 1.217532e+01 	 1.170209e+01 	 3.809135e+00 	 1.800925e+00 	 1.391300e+00 
6.937800e-01 	 4.735800e+05 	 1.313311e+01 	 1.289014e+01 	 1.265603e+01 	 1.241114e+01 	 1.206968e+01 	 1.159775e+01 	 3.773958e+00 	 1.770445e+00 	 1.369532e+00 
6.938000e-01 	 4.736000e+05 	 1.230096e+01 	 1.211703e+01 	 1.186308e+01 	 1.161889e+01 	 1.129369e+01 	 1.086379e+01 	 3.530919e+00 	 1.667172e+00 	 1.287063e+00 
6.942000e-01 	 4.740000e+05 	 4.605398e+00 	 4.546080e+00 	 4.465358e+00 	 4.385608e+00 	 4.276157e+00 	 4.129680e+00 	 1.346402e+00 	 5.637713e-01 	 4.282598e-01 
6.972000e-01 	 4.770000e+05 	 4.061929e+00 	 3.977931e+00 	 3.913182e+00 	 3.843517e+00 	 3.752567e+00 	 3.630683e+00 	 1.210133e+00 	 5.011178e-01 	 3.767384e-01 
7.002000e-01 	 4.800000e+05 	 4.580093e+00 	 4.519357e+00 	 4.444196e+00 	 4.371025e+00 	 4.261922e+00 	 4.112961e+00 	 1.311714e+00 	 5.508116e-01 	 4.209194e-01 
7.018800e-01 	 4.816800e+05 	 9.369567e+00 	 9.202119e+00 	 9.003000e+00 	 8.817011e+00 	 8.571600e+00 	 8.242189e+00 	 2.793221e+00 	 1.255746e+00 	 9.507148e-01 
7.025800e-01 	 4.823800e+05 	 1.436938e+01 	 1.407583e+01 	 1.374651e+01 	 1.346370e+01 	 1.307779e+01 	 1.258430e+01 	 4.638816e+00 	 2.199878e+00 	 1.724844e+00 
7.030800e-01 	 4.828800e+05 	 3.619648e+01 	 3.543849e+01 	 3.458286e+01 	 3.380174e+01 	 3.271578e+01 	 3.130664e+01 	 1.159843e+01 	 5.901640e+00 	 4.651263e+00 
7.031400e-01 	 4.829400e+05 	 2.096540e+01 	 2.051378e+01 	 2.014554e+01 	 1.964517e+01 	 1.902342e+01 	 1.822593e+01 	 6.352205e+00 	 3.079832e+00 	 2.398870e+00 
7.032000e-01 	 4.830000e+05 	 1.666662e+01 	 1.604489e+01 	 1.607226e+01 	 1.534301e+01 	 1.543543e+01 	 1.480569e+01 	 5.057114e+00 	 2.402886e+00 	 1.880671e+00 
7.033200e-01 	 4.831200e+05 	 1.552422e+01 	 1.519607e+01 	 1.489704e+01 	 1.457447e+01 	 1.416183e+01 	 1.362878e+01 	 4.827135e+00 	 2.305255e+00 	 1.806713e+00 
7.059800e-01 	 4.857800e+05 	 7.717953e+02 	 7.566663e+02 	 7.315583e+02 	 7.115560e+02 	 6.737046e+02 	 6.400183e+02 	 3.343060e+02 	 1.767418e+02 	 1.389759e+02 
7.060000e-01 	 4.858000e+05 	 1.030066e+02 	 1.008856e+02 	 9.867693e+01 	 9.581460e+01 	 9.264754e+01 	 8.896798e+01 	 3.868211e+01 	 2.084075e+01 	 1.669444e+01 
7.060200e-01 	 4.858200e+05 	 4.264919e+01 	 4.174480e+01 	 4.073404e+01 	 3.979827e+01 	 3.849019e+01 	 3.686284e+01 	 1.465773e+01 	 7.542148e+00 	 6.057985e+00 
7.062000e-01 	 4.860000e+05 	 4.045613e+01 	 3.950782e+01 	 3.874911e+01 	 3.746272e+01 	 3.634653e+01 	 3.482342e+01 	 1.421146e+01 	 7.322779e+00 	 5.811201e+00 
7.066000e-01 	 4.864000e+05 	 9.646497e+01 	 9.347490e+01 	 9.135899e+01 	 8.882682e+01 	 8.578091e+01 	 8.192555e+01 	 3.918100e+01 	 2.167906e+01 	 1.761370e+01 
7.066800e-01 	 4.864800e+05 	 1.738330e+02 	 1.697242e+02 	 1.638602e+02 	 1.597951e+02 	 1.534977e+02 	 1.464909e+02 	 7.744609e+01 	 4.428777e+01 	 3.633707e+01 
7.067000e-01 	 4.865000e+05 	 5.662050e+01 	 5.493668e+01 	 5.357428e+01 	 5.184146e+01 	 5.025377e+01 	 4.833335e+01 	 2.274494e+01 	 1.232478e+01 	 1.006648e+01 
7.067200e-01 	 4.865200e+05 	 3.401435e+01 	 3.308587e+01 	 3.233650e+01 	 3.125669e+01 	 3.015209e+01 	 2.887050e+01 	 1.284294e+01 	 6.508594e+00 	 5.252301e+00 
7.067600e-01 	 4.865600e+05 	 4.181166e+01 	 4.071537e+01 	 3.943858e+01 	 3.857133e+01 	 3.720677e+01 	 3.569215e+01 	 1.606744e+01 	 8.518817e+00 	 6.832464e+00 
7.067800e-01 	 4.865800e+05 	 6.558297e+01 	 6.368001e+01 	 6.168246e+01 	 6.006381e+01 	 5.793079e+01 	 5.551696e+01 	 2.637032e+01 	 1.436010e+01 	 1.167697e+01 
7.068000e-01 	 4.866000e+05 	 8.359943e+01 	 8.138199e+01 	 7.890874e+01 	 7.694750e+01 	 7.404091e+01 	 7.060353e+01 	 3.533267e+01 	 1.948454e+01 	 1.603492e+01 
7.068400e-01 	 4.866400e+05 	 6.735017e+01 	 6.536032e+01 	 6.340558e+01 	 6.162049e+01 	 5.923311e+01 	 5.662258e+01 	 2.767106e+01 	 1.539905e+01 	 1.257663e+01 
7.068600e-01 	 4.866600e+05 	 4.816309e+01 	 4.656214e+01 	 4.509097e+01 	 4.401727e+01 	 4.253500e+01 	 4.066786e+01 	 1.927728e+01 	 1.030045e+01 	 8.364209e+00 
7.068800e-01 	 4.866800e+05 	 3.802651e+01 	 3.687132e+01 	 3.576356e+01 	 3.479379e+01 	 3.357444e+01 	 3.219758e+01 	 1.519323e+01 	 7.920406e+00 	 6.426607e+00 
7.070000e-01 	 4.868000e+05 	 5.410731e+01 	 5.251441e+01 	 5.097250e+01 	 4.929428e+01 	 4.787868e+01 	 4.565104e+01 	 2.286068e+01 	 1.236469e+01 	 1.015366e+01 
7.070800e-01 	 4.868800e+05 	 3.506845e+01 	 3.399559e+01 	 3.303309e+01 	 3.219586e+01 	 3.097600e+01 	 2.980591e+01 	 1.409150e+01 	 7.362922e+00 	 5.915414e+00 
7.071800e-01 	 4.869800e+05 	 3.310469e+01 	 3.214803e+01 	 3.113796e+01 	 3.032613e+01 	 2.931802e+01 	 2.813105e+01 	 1.393132e+01 	 7.256553e+00 	 5.889397e+00 
7.086800e-01 	 4.884800e+05 	 2.037739e+01 	 1.977289e+01 	 1.925426e+01 	 1.889001e+01 	 1.829888e+01 	 1.766966e+01 	 6.321176e+00 	 2.978121e+00 	 2.339772e+00 
7.089600e-01 	 4.887600e+05 	 1.466042e+01 	 1.445528e+01 	 1.414620e+01 	 1.393768e+01 	 1.355125e+01 	 1.304856e+01 	 4.444978e+00 	 2.040105e+00 	 1.579479e+00 
7.092000e-01 	 4.890000e+05 	 1.028736e+01 	 1.016104e+01 	 9.992447e+00 	 9.822898e+00 	 9.585234e+00 	 9.233794e+00 	 3.048443e+00 	 1.353455e+00 	 1.044293e+00 
7.094000e-01 	 4.892000e+05 	 9.326931e+00 	 9.224062e+00 	 9.087323e+00 	 8.941899e+00 	 8.740111e+00 	 8.428021e+00 	 2.701657e+00 	 1.173713e+00 	 9.010431e-01 
7.122000e-01 	 4.920000e+05 	 3.498794e+00 	 3.408385e+00 	 3.316012e+00 	 3.248662e+00 	 3.145899e+00 	 3.039169e+00 	 1.403802e+00 	 5.128550e-01 	 3.814173e-01 
7.152000e-01 	 4.950000e+05 	 3.935483e+00 	 3.892668e+00 	 3.841478e+00 	 3.784421e+00 	 3.712022e+00 	 3.589102e+00 	 1.188096e+00 	 4.693632e-01 	 3.530499e-01 
7.182000e-01 	 4.980000e+05 	 4.020389e+00 	 3.944016e+00 	 3.858510e+00 	 3.779616e+00 	 3.676817e+00 	 3.549316e+00 	 1.305604e+00 	 5.028480e-01 	 3.766205e-01 
7.203200e-01 	 5.001200e+05 	 2.817637e+02 	 2.725729e+02 	 2.648487e+02 	 2.553885e+02 	 2.472003e+02 	 2.352136e+02 	 1.304620e+02 	 7.669437e+01 	 6.302349e+01 
7.203400e-01 	 5.001400e+05 	 5.013178e+01 	 4.841400e+01 	 4.690491e+01 	 4.552713e+01 	 4.389452e+01 	 4.199051e+01 	 2.021880e+01 	 1.068746e+01 	 8.639082e+00 
7.203800e-01 	 5.001800e+05 	 1.685925e+01 	 1.640711e+01 	 1.582751e+01 	 1.541016e+01 	 1.483949e+01 	 1.425645e+01 	 6.207231e+00 	 2.888663e+00 	 2.254278e+00 
7.204000e-01 	 5.002000e+05 	 8.371355e+00 	 8.139877e+00 	 7.889822e+00 	 7.696166e+00 	 7.433710e+00 	 7.158192e+00 	 3.052459e+00 	 1.274183e+00 	 9.712297e-01 
7.204400e-01 	 5.002400e+05 	 1.354646e+01 	 1.309594e+01 	 1.267143e+01 	 1.234132e+01 	 1.187060e+01 	 1.140117e+01 	 5.013001e+00 	 2.244270e+00 	 1.739799e+00 
7.212000e-01 	 5.010000e+05 	 4.389214e+00 	 4.272848e+00 	 4.138263e+00 	 4.033288e+00 	 3.901961e+00 	 3.760496e+00 	 1.713379e+00 	 6.370574e-01 	 4.756377e-01 
7.242000e-01 	 5.040000e+05 	 4.722636e+00 	 4.569754e+00 	 4.416749e+00 	 4.304756e+00 	 4.145197e+00 	 3.991046e+00 	 1.901202e+00 	 6.967665e-01 	 5.178396e-01 
7.272000e-01 	 5.070000e+05 	 4.108080e+00 	 4.023934e+00 	 3.932348e+00 	 3.852239e+00 	 3.748386e+00 	 3.626049e+00 	 1.375779e+00 	 5.216460e-01 	 3.833632e-01 
7.302000e-01 	 5.100000e+05 	 4.328708e+00 	 4.238951e+00 	 4.151777e+00 	 4.073509e+00 	 3.970569e+00 	 3.840951e+00 	 1.395920e+00 	 5.371058e-01 	 3.996947e-01 
7.332000e-01 	 5.130000e+05 	 8.300161e+00 	 8.201770e+00 	 8.095168e+00 	 7.972879e+00 	 7.792613e+00 	 7.516631e+00 	 2.117602e+00 	 9.103098e-01 	 6.855883e-01 
7.362000e-01 	 5.160000e+05 	 6.806206e+00 	 6.688957e+00 	 6.555673e+00 	 6.435390e+00 	 6.267963e+00 	 6.054200e+00 	 1.961448e+00 	 8.047101e-01 	 6.028586e-01 
7.392000e-01 	 5.190000e+05 	 4.072961e+00 	 3.990291e+00 	 3.901077e+00 	 3.822300e+00 	 3.722712e+00 	 3.592880e+00 	 1.232590e+00 	 4.683113e-01 	 3.480405e-01 
7.422000e-01 	 5.220000e+05 	 4.398086e+00 	 4.317677e+00 	 4.225028e+00 	 4.148689e+00 	 4.036859e+00 	 3.903603e+00 	 1.276106e+00 	 4.939888e-01 	 3.653213e-01 
7.440800e-01 	 5.238800e+05 	 8.299091e+00 	 8.139434e+00 	 7.965172e+00 	 7.816732e+00 	 7.592888e+00 	 7.317194e+00 	 2.257574e+00 	 9.472460e-01 	 7.019223e-01 
7.452000e-01 	 5.250000e+05 	 8.361694e+00 	 8.220225e+00 	 8.043591e+00 	 7.899392e+00 	 7.679993e+00 	 7.413583e+00 	 2.293021e+00 	 9.591333e-01 	 7.146016e-01 
7.452400e-01 	 5.250400e+05 	 3.916708e+01 	 3.864634e+01 	 3.767904e+01 	 3.664645e+01 	 3.573073e+01 	 3.431801e+01 	 1.135490e+01 	 5.482102e+00 	 4.205902e+00 
7.453600e-01 	 5.251600e+05 	 2.688663e+01 	 2.626767e+01 	 2.559348e+01 	 2.496663e+01 	 2.417446e+01 	 2.315981e+01 	 7.470138e+00 	 3.516132e+00 	 2.717820e+00 
7.454200e-01 	 5.252200e+05 	 1.203423e+01 	 1.178426e+01 	 1.151653e+01 	 1.128114e+01 	 1.096412e+01 	 1.055321e+01 	 3.338691e+00 	 1.456344e+00 	 1.101014e+00 
7.458600e-01 	 5.256600e+05 	 8.423582e+00 	 8.255698e+00 	 8.088766e+00 	 7.937494e+00 	 7.724111e+00 	 7.452951e+00 	 2.320124e+00 	 9.730535e-01 	 7.225818e-01 
7.482000e-01 	 5.280000e+05 	 5.115666e+00 	 5.016081e+00 	 4.908998e+00 	 4.816625e+00 	 4.680481e+00 	 4.528170e+00 	 1.502802e+00 	 5.838582e-01 	 4.350254e-01 
7.505000e-01 	 5.303000e+05 	 8.057559e+00 	 7.892474e+00 	 7.711153e+00 	 7.552726e+00 	 7.343788e+00 	 7.083233e+00 	 2.331591e+00 	 9.556435e-01 	 7.145967e-01 
7.506200e-01 	 5.304200e+05 	 8.992502e+00 	 8.790617e+00 	 8.575682e+00 	 8.390605e+00 	 8.123637e+00 	 7.823730e+00 	 2.553655e+00 	 1.068298e+00 	 7.987766e-01 
7.511200e-01 	 5.309200e+05 	 9.974622e+00 	 9.750172e+00 	 9.518173e+00 	 9.298942e+00 	 9.028304e+00 	 8.706032e+00 	 2.959967e+00 	 1.239804e+00 	 9.285517e-01 
7.512000e-01 	 5.310000e+05 	 1.010274e+01 	 9.857308e+00 	 9.591755e+00 	 9.362437e+00 	 9.064671e+00 	 8.694286e+00 	 2.963735e+00 	 1.245629e+00 	 9.307242e-01 
7.521200e-01 	 5.319200e+05 	 9.087261e+00 	 8.851011e+00 	 8.584338e+00 	 8.386382e+00 	 8.096497e+00 	 7.778631e+00 	 2.803166e+00 	 1.156452e+00 	 8.592112e-01 
7.529800e-01 	 5.327800e+05 	 7.808352e+00 	 7.617145e+00 	 7.415377e+00 	 7.256708e+00 	 7.034896e+00 	 6.791047e+00 	 2.446770e+00 	 9.869634e-01 	 7.287896e-01 
7.542000e-01 	 5.340000e+05 	 7.522417e+00 	 7.338966e+00 	 7.154313e+00 	 6.988886e+00 	 6.774238e+00 	 6.533857e+00 	 2.305659e+00 	 9.170729e-01 	 6.703436e-01 
7.572000e-01 	 5.370000e+05 	 5.935930e+00 	 5.858096e+00 	 5.750020e+00 	 5.655105e+00 	 5.511406e+00 	 5.319400e+00 	 1.492120e+00 	 5.980304e-01 	 4.348099e-01 
7.602000e-01 	 5.400000e+05 	 4.511447e+00 	 4.428903e+00 	 4.347997e+00 	 4.290941e+00 	 4.171226e+00 	 4.023330e+00 	 1.137171e+00 	 4.407732e-01 	 3.209315e-01 
7.632000e-01 	 5.430000e+05 	 4.198196e+00 	 4.142433e+00 	 4.082294e+00 	 4.016096e+00 	 3.926886e+00 	 3.789832e+00 	 9.939286e-01 	 3.969465e-01 	 2.861104e-01 
7.643600e-01 	 5.441600e+05 	 8.450028e+00 	 8.326886e+00 	 8.187992e+00 	 8.039624e+00 	 7.839083e+00 	 7.548305e+00 	 1.920807e+00 	 8.032300e-01 	 5.952558e-01 
7.644600e-01 	 5.442600e+05 	 9.666425e+00 	 9.518317e+00 	 9.352681e+00 	 9.168347e+00 	 8.919907e+00 	 8.564372e+00 	 2.136560e+00 	 9.097663e-01 	 6.728078e-01 
7.646400e-01 	 5.444400e+05 	 1.060425e+01 	 1.046460e+01 	 1.028335e+01 	 1.007913e+01 	 9.815373e+00 	 9.431776e+00 	 2.365408e+00 	 1.015829e+00 	 7.450208e-01 
7.648400e-01 	 5.446400e+05 	 9.732427e+00 	 9.612366e+00 	 9.467789e+00 	 9.319301e+00 	 9.098428e+00 	 8.740652e+00 	 2.253663e+00 	 9.366610e-01 	 6.824642e-01 
7.650200e-01 	 5.448200e+05 	 8.483409e+00 	 8.382345e+00 	 8.254309e+00 	 8.120266e+00 	 7.930925e+00 	 7.645998e+00 	 1.941065e+00 	 8.139042e-01 	 6.017617e-01 
7.662000e-01 	 5.460000e+05 	 6.611517e+00 	 6.548686e+00 	 6.438704e+00 	 6.341751e+00 	 6.194414e+00 	 5.960466e+00 	 1.477761e+00 	 6.148274e-01 	 4.519128e-01 
7.666800e-01 	 5.464800e+05 	 8.606343e+00 	 8.505731e+00 	 8.383617e+00 	 8.252382e+00 	 8.070070e+00 	 7.764990e+00 	 1.939909e+00 	 7.992782e-01 	 5.736405e-01 
7.670000e-01 	 5.468000e+05 	 9.653648e+00 	 9.540454e+00 	 9.394956e+00 	 9.241638e+00 	 9.024238e+00 	 8.691535e+00 	 2.095230e+00 	 8.990894e-01 	 6.588747e-01 
7.678200e-01 	 5.476200e+05 	 1.146532e+01 	 1.137840e+01 	 1.122684e+01 	 1.099917e+01 	 1.076909e+01 	 1.037896e+01 	 2.518879e+00 	 1.072879e+00 	 7.748151e-01 
7.680000e-01 	 5.478000e+05 	 1.025516e+01 	 1.013342e+01 	 9.989740e+00 	 9.829586e+00 	 9.615732e+00 	 9.233121e+00 	 2.263826e+00 	 9.558850e-01 	 6.969659e-01 
7.683600e-01 	 5.481600e+05 	 8.460810e+00 	 8.350175e+00 	 8.228119e+00 	 8.077101e+00 	 7.895719e+00 	 7.594847e+00 	 1.847237e+00 	 7.811845e-01 	 5.797255e-01 
7.692000e-01 	 5.490000e+05 	 6.123814e+00 	 6.054564e+00 	 5.972002e+00 	 5.875135e+00 	 5.750673e+00 	 5.531921e+00 	 1.357921e+00 	 5.582922e-01 	 4.090518e-01 
7.715600e-01 	 5.513600e+05 	 9.493502e+00 	 9.374632e+00 	 9.248272e+00 	 9.106163e+00 	 8.910050e+00 	 8.575861e+00 	 2.171303e+00 	 9.063364e-01 	 6.525706e-01 
7.715800e-01 	 5.513800e+05 	 1.763973e+01 	 1.737269e+01 	 1.707609e+01 	 1.674965e+01 	 1.632235e+01 	 1.568501e+01 	 3.909285e+00 	 1.767546e+00 	 1.319436e+00 
7.716200e-01 	 5.514200e+05 	 5.642669e+00 	 5.565803e+00 	 5.472064e+00 	 5.377081e+00 	 5.248729e+00 	 5.056371e+00 	 1.306158e+00 	 5.313032e-01 	 3.925258e-01 
7.716800e-01 	 5.514800e+05 	 9.248821e+00 	 9.116034e+00 	 8.966745e+00 	 8.815435e+00 	 8.600521e+00 	 8.274326e+00 	 2.078780e+00 	 8.801878e-01 	 6.394739e-01 
7.717000e-01 	 5.515000e+05 	 4.109143e+00 	 4.062758e+00 	 4.006367e+00 	 3.941780e+00 	 3.856317e+00 	 3.719358e+00 	 9.594539e-01 	 3.840550e-01 	 2.803897e-01 
7.717400e-01 	 5.515400e+05 	 5.730063e+00 	 5.653592e+00 	 5.557576e+00 	 5.461352e+00 	 5.329631e+00 	 5.136515e+00 	 1.320013e+00 	 5.396018e-01 	 3.991407e-01 
7.718000e-01 	 5.516000e+05 	 8.513345e+00 	 8.411280e+00 	 8.286491e+00 	 8.169484e+00 	 7.980728e+00 	 7.675323e+00 	 1.973106e+00 	 8.117748e-01 	 5.827996e-01 
7.719600e-01 	 5.517600e+05 	 8.655989e+00 	 8.527836e+00 	 8.372028e+00 	 8.229523e+00 	 8.029160e+00 	 7.734687e+00 	 2.009869e+00 	 8.413184e-01 	 6.216993e-01 
7.719800e-01 	 5.517800e+05 	 9.436772e+00 	 9.319235e+00 	 9.146710e+00 	 9.000643e+00 	 8.785419e+00 	 8.461893e+00 	 2.183864e+00 	 9.258758e-01 	 6.856303e-01 
7.720000e-01 	 5.518000e+05 	 9.689706e+00 	 9.567038e+00 	 9.388360e+00 	 9.230884e+00 	 9.005371e+00 	 8.662322e+00 	 2.240165e+00 	 9.496870e-01 	 7.026866e-01 
7.720200e-01 	 5.518200e+05 	 9.549770e+00 	 9.424700e+00 	 9.252914e+00 	 9.102479e+00 	 8.873603e+00 	 8.547358e+00 	 2.206250e+00 	 9.314683e-01 	 6.912276e-01 
7.720400e-01 	 5.518400e+05 	 8.471234e+00 	 8.337064e+00 	 8.198415e+00 	 8.058822e+00 	 7.859079e+00 	 7.570576e+00 	 1.969524e+00 	 8.276644e-01 	 6.109134e-01 
7.721800e-01 	 5.519800e+05 	 1.068351e+01 	 1.051812e+01 	 1.034046e+01 	 1.015675e+01 	 9.895207e+00 	 9.518135e+00 	 2.460871e+00 	 1.060318e+00 	 7.820079e-01 
7.722000e-01 	 5.520000e+05 	 2.239316e+01 	 2.198574e+01 	 2.152210e+01 	 2.107787e+01 	 2.047423e+01 	 1.961653e+01 	 5.060013e+00 	 2.280533e+00 	 1.714249e+00 
7.722800e-01 	 5.520800e+05 	 5.869324e+01 	 5.752056e+01 	 5.631619e+01 	 5.512837e+01 	 5.344229e+01 	 5.121464e+01 	 1.428631e+01 	 6.978166e+00 	 5.329427e+00 
7.723400e-01 	 5.521400e+05 	 1.992465e+01 	 1.958588e+01 	 1.919828e+01 	 1.881576e+01 	 1.830901e+01 	 1.762677e+01 	 4.607389e+00 	 2.069219e+00 	 1.552014e+00 
7.736200e-01 	 5.534200e+05 	 1.661584e+01 	 1.633121e+01 	 1.599230e+01 	 1.571713e+01 	 1.529513e+01 	 1.470124e+01 	 3.841142e+00 	 1.711681e+00 	 1.273324e+00 
7.752000e-01 	 5.550000e+05 	 1.554774e+01 	 1.528900e+01 	 1.493832e+01 	 1.465074e+01 	 1.424106e+01 	 1.369355e+01 	 3.758363e+00 	 1.621983e+00 	 1.187100e+00 
7.769000e-01 	 5.567000e+05 	 8.142183e+00 	 7.985713e+00 	 7.835956e+00 	 7.691502e+00 	 7.490945e+00 	 7.221500e+00 	 1.968234e+00 	 8.038565e-01 	 5.848239e-01 
7.770400e-01 	 5.568400e+05 	 7.915019e+00 	 7.784815e+00 	 7.629997e+00 	 7.491322e+00 	 7.304402e+00 	 7.042654e+00 	 1.919130e+00 	 7.867239e-01 	 5.723943e-01 
7.771000e-01 	 5.569000e+05 	 1.435515e+01 	 1.410021e+01 	 1.380463e+01 	 1.354539e+01 	 1.317959e+01 	 1.266650e+01 	 3.471772e+00 	 1.498091e+00 	 1.107105e+00 
7.771600e-01 	 5.569600e+05 	 1.091212e+01 	 1.071120e+01 	 1.049886e+01 	 1.030097e+01 	 1.002361e+01 	 9.662457e+00 	 2.695506e+00 	 1.126291e+00 	 8.300021e-01 
7.774000e-01 	 5.572000e+05 	 9.604335e+00 	 9.415927e+00 	 9.215941e+00 	 9.024582e+00 	 8.756134e+00 	 8.423495e+00 	 2.365389e+00 	 9.768135e-01 	 7.158833e-01 
7.774200e-01 	 5.572200e+05 	 8.107262e+00 	 7.961377e+00 	 7.809366e+00 	 7.667769e+00 	 7.460834e+00 	 7.190765e+00 	 1.962243e+00 	 8.040519e-01 	 5.828733e-01 
7.782000e-01 	 5.580000e+05 	 6.565031e+00 	 6.465271e+00 	 6.343886e+00 	 6.231011e+00 	 6.076987e+00 	 5.867449e+00 	 1.616184e+00 	 6.457059e-01 	 4.650716e-01 
7.785000e-01 	 5.583000e+05 	 7.805080e+00 	 7.667600e+00 	 7.509815e+00 	 7.365789e+00 	 7.166293e+00 	 6.905002e+00 	 1.958336e+00 	 7.875832e-01 	 5.775786e-01 
7.786000e-01 	 5.584000e+05 	 8.572926e+00 	 8.412340e+00 	 8.247018e+00 	 8.085560e+00 	 7.867365e+00 	 7.584709e+00 	 2.179901e+00 	 8.800605e-01 	 6.313488e-01 
7.790200e-01 	 5.588200e+05 	 8.173747e+00 	 8.015174e+00 	 7.841912e+00 	 7.680668e+00 	 7.470847e+00 	 7.198529e+00 	 2.061276e+00 	 8.274375e-01 	 5.973310e-01 
7.794200e-01 	 5.592200e+05 	 8.042892e+00 	 7.899922e+00 	 7.734367e+00 	 7.588007e+00 	 7.381516e+00 	 7.126186e+00 	 2.066469e+00 	 8.127322e-01 	 5.770638e-01 
7.795200e-01 	 5.593200e+05 	 7.781966e+00 	 7.640464e+00 	 7.468989e+00 	 7.319113e+00 	 7.117957e+00 	 6.857188e+00 	 1.962319e+00 	 7.882011e-01 	 5.652354e-01 
7.812000e-01 	 5.610000e+05 	 6.550021e+00 	 6.422158e+00 	 6.293051e+00 	 6.166002e+00 	 6.025389e+00 	 5.812526e+00 	 1.647793e+00 	 6.457086e-01 	 4.697764e-01 
7.833600e-01 	 5.631600e+05 	 7.661859e+00 	 7.525772e+00 	 7.385848e+00 	 7.236554e+00 	 7.052833e+00 	 6.812002e+00 	 1.896375e+00 	 7.564503e-01 	 5.501202e-01 
7.836200e-01 	 5.634200e+05 	 7.696026e+00 	 7.551271e+00 	 7.394546e+00 	 7.253759e+00 	 7.059858e+00 	 6.799934e+00 	 1.849931e+00 	 7.623491e-01 	 5.535836e-01 
7.836600e-01 	 5.634600e+05 	 7.726772e+00 	 7.593405e+00 	 7.442912e+00 	 7.299475e+00 	 7.115343e+00 	 6.864176e+00 	 1.845057e+00 	 7.491676e-01 	 5.393064e-01 
7.837000e-01 	 5.635000e+05 	 7.740330e+00 	 7.605493e+00 	 7.446835e+00 	 7.318671e+00 	 7.133503e+00 	 6.884879e+00 	 1.853419e+00 	 7.495173e-01 	 5.387410e-01 
7.839800e-01 	 5.637800e+05 	 7.676594e+00 	 7.540647e+00 	 7.388147e+00 	 7.261738e+00 	 7.081270e+00 	 6.829166e+00 	 1.832035e+00 	 7.423490e-01 	 5.350047e-01 
7.842000e-01 	 5.640000e+05 	 7.476700e+00 	 7.369730e+00 	 7.225664e+00 	 7.099290e+00 	 6.908654e+00 	 6.675963e+00 	 1.793487e+00 	 7.236388e-01 	 5.229654e-01 
7.872000e-01 	 5.670000e+05 	 6.110889e+00 	 6.021156e+00 	 5.908150e+00 	 5.798261e+00 	 5.644409e+00 	 5.447069e+00 	 1.458485e+00 	 5.818737e-01 	 4.251159e-01 
7.902000e-01 	 5.700000e+05 	 6.854403e+00 	 6.748640e+00 	 6.627316e+00 	 6.498994e+00 	 6.333947e+00 	 6.113400e+00 	 1.691437e+00 	 6.770661e-01 	 5.022323e-01 
7.904000e-01 	 5.702000e+05 	 7.468690e+00 	 7.347759e+00 	 7.201985e+00 	 7.076288e+00 	 6.893699e+00 	 6.647006e+00 	 1.839066e+00 	 7.460674e-01 	 5.533200e-01 
7.904600e-01 	 5.702600e+05 	 7.602160e+00 	 7.472370e+00 	 7.333033e+00 	 7.189791e+00 	 7.023866e+00 	 6.771307e+00 	 1.866282e+00 	 7.598278e-01 	 5.632874e-01 
7.908200e-01 	 5.706200e+05 	 7.903841e+00 	 7.783449e+00 	 7.637133e+00 	 7.509033e+00 	 7.308247e+00 	 7.057660e+00 	 1.954050e+00 	 7.972712e-01 	 5.921241e-01 
7.911400e-01 	 5.709400e+05 	 7.597164e+00 	 7.465843e+00 	 7.313248e+00 	 7.194287e+00 	 7.004443e+00 	 6.747269e+00 	 1.891251e+00 	 7.673507e-01 	 5.697517e-01 
7.912800e-01 	 5.710800e+05 	 7.392555e+00 	 7.273303e+00 	 7.140409e+00 	 7.022010e+00 	 6.849862e+00 	 6.595577e+00 	 1.848232e+00 	 7.486287e-01 	 5.568545e-01 
7.932000e-01 	 5.730000e+05 	 5.842367e+00 	 5.761187e+00 	 5.654167e+00 	 5.554879e+00 	 5.418966e+00 	 5.227498e+00 	 1.465038e+00 	 5.819377e-01 	 4.315039e-01 
7.962000e-01 	 5.760000e+05 	 4.757740e+00 	 4.694843e+00 	 4.607434e+00 	 4.528568e+00 	 4.427687e+00 	 4.269433e+00 	 1.182521e+00 	 4.598732e-01 	 3.380221e-01 
7.992000e-01 	 5.790000e+05 	 4.246363e+00 	 4.187952e+00 	 4.102360e+00 	 4.037191e+00 	 3.949930e+00 	 3.813722e+00 	 1.049977e+00 	 4.004825e-01 	 2.907495e-01 
8.022000e-01 	 5.820000e+05 	 4.168878e+00 	 4.112785e+00 	 4.036756e+00 	 3.968866e+00 	 3.869172e+00 	 3.741132e+00 	 1.000166e+00 	 3.817174e-01 	 2.738151e-01 
8.052000e-01 	 5.850000e+05 	 4.602723e+00 	 4.532611e+00 	 4.452220e+00 	 4.377275e+00 	 4.262730e+00 	 4.104192e+00 	 1.074708e+00 	 4.137142e-01 	 3.001086e-01 
8.082000e-01 	 5.880000e+05 	 4.248370e+00 	 4.185146e+00 	 4.105684e+00 	 4.042585e+00 	 3.935680e+00 	 3.818225e+00 	 1.032082e+00 	 3.883945e-01 	 2.779796e-01 
8.112000e-01 	 5.910000e+05 	 4.323036e+00 	 4.255609e+00 	 4.172485e+00 	 4.105953e+00 	 3.998065e+00 	 3.855352e+00 	 1.025301e+00 	 3.940546e-01 	 2.857594e-01 
8.132000e-01 	 5.930000e+05 	 7.199383e+00 	 7.083475e+00 	 6.964331e+00 	 6.849473e+00 	 6.678622e+00 	 6.428097e+00 	 1.596350e+00 	 6.525620e-01 	 4.779951e-01 
8.136800e-01 	 5.934800e+05 	 8.449673e+00 	 8.326707e+00 	 8.193150e+00 	 8.044310e+00 	 7.843556e+00 	 7.553725e+00 	 1.874130e+00 	 7.718694e-01 	 5.632479e-01 
8.142000e-01 	 5.940000e+05 	 9.380572e+00 	 9.244102e+00 	 9.087135e+00 	 8.939862e+00 	 8.719213e+00 	 8.384304e+00 	 2.092384e+00 	 8.649177e-01 	 6.315393e-01 
8.148800e-01 	 5.946800e+05 	 9.922198e+00 	 9.779636e+00 	 9.586800e+00 	 9.428318e+00 	 9.172206e+00 	 8.792839e+00 	 2.183167e+00 	 9.020503e-01 	 6.620546e-01 
8.162000e-01 	 5.960000e+05 	 8.406752e+00 	 8.298999e+00 	 8.166362e+00 	 8.055542e+00 	 7.870550e+00 	 7.578000e+00 	 1.863372e+00 	 7.627471e-01 	 5.480020e-01 
8.167600e-01 	 5.965600e+05 	 7.280023e+00 	 7.187421e+00 	 7.064473e+00 	 6.945513e+00 	 6.764627e+00 	 6.498515e+00 	 1.588458e+00 	 6.477569e-01 	 4.697770e-01 
8.172000e-01 	 5.970000e+05 	 6.535273e+00 	 6.452717e+00 	 6.353116e+00 	 6.253529e+00 	 6.111881e+00 	 5.887880e+00 	 1.481172e+00 	 5.880651e-01 	 4.226907e-01 
8.202000e-01 	 6.000000e+05 	 4.820041e+00 	 4.753247e+00 	 4.661400e+00 	 4.583209e+00 	 4.462339e+00 	 4.317554e+00 	 1.148123e+00 	 4.492415e-01 	 3.283822e-01 
8.231400e-01 	 6.029400e+05 	 6.720209e+00 	 6.587583e+00 	 6.458459e+00 	 6.349430e+00 	 6.169416e+00 	 5.954800e+00 	 1.644326e+00 	 6.476645e-01 	 4.731742e-01 
8.232000e-01 	 6.030000e+05 	 6.818556e+00 	 6.685268e+00 	 6.539878e+00 	 6.418851e+00 	 6.244187e+00 	 6.010429e+00 	 1.658540e+00 	 6.567800e-01 	 4.800024e-01 
8.232200e-01 	 6.030200e+05 	 6.872333e+00 	 6.739269e+00 	 6.596328e+00 	 6.456255e+00 	 6.286688e+00 	 6.057817e+00 	 1.668368e+00 	 6.605498e-01 	 4.827941e-01 
8.232800e-01 	 6.030800e+05 	 6.963184e+00 	 6.827963e+00 	 6.673147e+00 	 6.551804e+00 	 6.378596e+00 	 6.145974e+00 	 1.688282e+00 	 6.682249e-01 	 4.881029e-01 
8.233200e-01 	 6.031200e+05 	 6.851446e+00 	 6.728392e+00 	 6.581523e+00 	 6.458459e+00 	 6.286339e+00 	 6.058534e+00 	 1.665026e+00 	 6.574874e-01 	 4.801987e-01 
8.233600e-01 	 6.031600e+05 	 6.779726e+00 	 6.649685e+00 	 6.506120e+00 	 6.385761e+00 	 6.203077e+00 	 5.984307e+00 	 1.653169e+00 	 6.521258e-01 	 4.762278e-01 
8.262000e-01 	 6.060000e+05 	 5.000647e+00 	 4.909482e+00 	 4.806451e+00 	 4.709528e+00 	 4.586740e+00 	 4.416907e+00 	 1.185639e+00 	 4.567586e-01 	 3.333757e-01 
8.292000e-01 	 6.090000e+05 	 4.691966e+00 	 4.600966e+00 	 4.498043e+00 	 4.405374e+00 	 4.275537e+00 	 4.121393e+00 	 1.209388e+00 	 4.550149e-01 	 3.301658e-01 
8.322000e-01 	 6.120000e+05 	 4.556306e+00 	 4.486783e+00 	 4.392363e+00 	 4.319901e+00 	 4.203332e+00 	 4.061879e+00 	 1.076391e+00 	 4.125894e-01 	 2.962127e-01 
8.352000e-01 	 6.150000e+05 	 5.255045e+00 	 5.169430e+00 	 5.066431e+00 	 4.987089e+00 	 4.847365e+00 	 4.683610e+00 	 1.214908e+00 	 4.650555e-01 	 3.309222e-01 
8.382000e-01 	 6.180000e+05 	 4.653963e+00 	 4.571608e+00 	 4.477366e+00 	 4.393711e+00 	 4.263827e+00 	 4.120565e+00 	 1.061414e+00 	 4.032088e-01 	 2.828074e-01 
8.412000e-01 	 6.210000e+05 	 4.383193e+00 	 4.296038e+00 	 4.190515e+00 	 4.105891e+00 	 3.979476e+00 	 3.838394e+00 	 1.100738e+00 	 3.988120e-01 	 2.772232e-01 
8.442000e-01 	 6.240000e+05 	 6.228708e+00 	 6.088825e+00 	 5.941555e+00 	 5.813128e+00 	 5.624476e+00 	 5.423369e+00 	 1.521062e+00 	 5.741018e-01 	 4.063285e-01 
8.446600e-01 	 6.244600e+05 	 6.319698e+00 	 6.186893e+00 	 6.030969e+00 	 5.897175e+00 	 5.712702e+00 	 5.499518e+00 	 1.552695e+00 	 5.884641e-01 	 4.158955e-01 
8.471400e-01 	 6.269400e+05 	 8.689509e+00 	 8.543549e+00 	 8.348325e+00 	 8.197223e+00 	 7.962226e+00 	 7.680441e+00 	 2.024150e+00 	 8.075347e-01 	 5.827795e-01 
8.472000e-01 	 6.270000e+05 	 8.747289e+00 	 8.561868e+00 	 8.359942e+00 	 8.191988e+00 	 7.960557e+00 	 7.665722e+00 	 2.025982e+00 	 8.110222e-01 	 5.854190e-01 
8.487800e-01 	 6.285800e+05 	 1.084181e+01 	 1.062194e+01 	 1.036314e+01 	 1.013875e+01 	 9.839727e+00 	 9.478595e+00 	 2.521485e+00 	 1.028792e+00 	 7.391838e-01 
8.502000e-01 	 6.300000e+05 	 8.739619e+00 	 8.551429e+00 	 8.338720e+00 	 8.158711e+00 	 7.922405e+00 	 7.625184e+00 	 2.139398e+00 	 8.500377e-01 	 5.935547e-01 
8.502400e-01 	 6.300400e+05 	 8.832544e+00 	 8.673989e+00 	 8.480982e+00 	 8.322991e+00 	 8.089927e+00 	 7.808087e+00 	 2.262341e+00 	 8.622157e-01 	 5.834289e-01 
8.515600e-01 	 6.313600e+05 	 6.287664e+00 	 6.164987e+00 	 6.043310e+00 	 5.903496e+00 	 5.756806e+00 	 5.533292e+00 	 1.482305e+00 	 5.753817e-01 	 4.152523e-01 
8.585000e-01 	 6.383000e+05 	 3.882956e+00 	 3.819838e+00 	 3.751760e+00 	 3.679769e+00 	 3.590581e+00 	 3.465396e+00 	 9.444844e-01 	 3.569256e-01 	 2.615441e-01 
