Time (Myr) 	 Time-t0 (yr) 	 5deg T_bol (K) 	 15 	 25 	 35 	 45 	 55 	 65 	 75 	 85 
2.232000e-01 	 3.000000e+03 	 1.555453e+01 	 1.555429e+01 	 1.555379e+01 	 1.555387e+01 	 1.555465e+01 	 1.555538e+01 	 1.555646e+01 	 1.555677e+01 	 1.555659e+01 
2.262000e-01 	 6.000000e+03 	 1.626020e+01 	 1.625986e+01 	 1.625896e+01 	 1.625842e+01 	 1.625812e+01 	 1.625824e+01 	 1.625861e+01 	 1.625805e+01 	 1.625745e+01 
2.292000e-01 	 9.000000e+03 	 1.693930e+01 	 1.693952e+01 	 1.693916e+01 	 1.693884e+01 	 1.693857e+01 	 1.693837e+01 	 1.693899e+01 	 1.693881e+01 	 1.693801e+01 
2.322000e-01 	 1.200000e+04 	 1.747150e+01 	 1.750416e+01 	 1.753246e+01 	 1.755675e+01 	 1.757397e+01 	 1.758446e+01 	 1.758520e+01 	 1.733130e+01 	 1.520869e+01 
2.352000e-01 	 1.500000e+04 	 5.318722e+01 	 5.328591e+01 	 5.344498e+01 	 5.372423e+01 	 5.402172e+01 	 5.440088e+01 	 5.475421e+01 	 5.359384e+01 	 5.353590e+01 
2.382000e-01 	 1.800000e+04 	 6.019736e+01 	 6.025691e+01 	 6.040623e+01 	 6.060558e+01 	 6.086734e+01 	 6.125127e+01 	 6.157240e+01 	 5.950046e+01 	 5.973083e+01 
2.412000e-01 	 2.100000e+04 	 6.362413e+01 	 6.378587e+01 	 6.393186e+01 	 6.414639e+01 	 6.448792e+01 	 6.489960e+01 	 6.524232e+01 	 6.193945e+01 	 6.223440e+01 
2.442000e-01 	 2.400000e+04 	 6.884240e+01 	 6.899302e+01 	 6.715496e+01 	 6.764690e+01 	 6.995633e+01 	 7.049880e+01 	 6.962234e+01 	 6.591523e+01 	 6.670199e+01 
2.472000e-01 	 2.700000e+04 	 6.434174e+01 	 6.452175e+01 	 6.465132e+01 	 6.484181e+01 	 6.505355e+01 	 6.525846e+01 	 6.543698e+01 	 5.664097e+01 	 5.692451e+01 
2.502000e-01 	 3.000000e+04 	 7.213116e+01 	 7.228809e+01 	 7.255514e+01 	 7.249388e+01 	 7.312638e+01 	 7.339624e+01 	 7.360398e+01 	 6.618234e+01 	 6.642058e+01 
2.532000e-01 	 3.300000e+04 	 7.703572e+01 	 7.722425e+01 	 7.750470e+01 	 7.800812e+01 	 7.821990e+01 	 7.868785e+01 	 7.869827e+01 	 6.943658e+01 	 6.987907e+01 
2.562000e-01 	 3.600000e+04 	 7.800392e+01 	 7.826379e+01 	 7.842285e+01 	 7.939921e+01 	 7.832164e+01 	 7.940722e+01 	 7.812965e+01 	 6.804139e+01 	 6.864345e+01 
2.592000e-01 	 3.900000e+04 	 7.676679e+01 	 7.680566e+01 	 7.686780e+01 	 7.705765e+01 	 7.708762e+01 	 7.716622e+01 	 7.658589e+01 	 6.204443e+01 	 6.241788e+01 
2.622000e-01 	 4.200000e+04 	 7.764728e+01 	 7.800153e+01 	 7.830154e+01 	 7.870552e+01 	 7.866173e+01 	 7.887139e+01 	 7.858327e+01 	 6.206164e+01 	 6.310850e+01 
2.652000e-01 	 4.500000e+04 	 8.424876e+01 	 8.445728e+01 	 8.450662e+01 	 8.461958e+01 	 8.452967e+01 	 8.444138e+01 	 8.355006e+01 	 6.865420e+01 	 6.980946e+01 
2.664800e-01 	 4.628000e+04 	 1.001197e+02 	 1.009853e+02 	 1.014244e+02 	 1.018114e+02 	 1.025875e+02 	 1.037746e+02 	 1.034694e+02 	 9.170987e+01 	 9.249555e+01 
2.682000e-01 	 4.800000e+04 	 8.692437e+01 	 8.720200e+01 	 8.873942e+01 	 8.975382e+01 	 8.864291e+01 	 8.815767e+01 	 8.378843e+01 	 5.739192e+01 	 5.836017e+01 
2.686000e-01 	 4.839999e+04 	 1.114025e+02 	 1.109471e+02 	 1.124179e+02 	 1.117184e+02 	 1.122623e+02 	 1.133401e+02 	 1.129029e+02 	 9.795186e+01 	 9.902402e+01 
2.712000e-01 	 5.100000e+04 	 9.136850e+01 	 9.178279e+01 	 9.212947e+01 	 9.184384e+01 	 9.151994e+01 	 9.082038e+01 	 8.615328e+01 	 5.657837e+01 	 5.640203e+01 
2.720400e-01 	 5.184001e+04 	 1.037621e+02 	 1.039128e+02 	 1.046416e+02 	 1.042049e+02 	 1.047383e+02 	 1.047978e+02 	 1.039686e+02 	 8.652758e+01 	 8.809387e+01 
2.735600e-01 	 5.335999e+04 	 1.113958e+02 	 1.122133e+02 	 1.121905e+02 	 1.124436e+02 	 1.131811e+02 	 1.135047e+02 	 1.101560e+02 	 8.865848e+01 	 8.773998e+01 
2.742000e-01 	 5.400000e+04 	 1.115785e+02 	 1.117904e+02 	 1.111289e+02 	 1.106708e+02 	 1.089994e+02 	 1.073983e+02 	 9.523974e+01 	 5.146921e+01 	 5.043603e+01 
2.755600e-01 	 5.535999e+04 	 1.141836e+02 	 1.148835e+02 	 1.157656e+02 	 1.147642e+02 	 1.152452e+02 	 1.153177e+02 	 1.091707e+02 	 8.210802e+01 	 8.152785e+01 
2.772000e-01 	 5.700000e+04 	 1.138223e+02 	 1.124528e+02 	 1.134249e+02 	 1.123012e+02 	 1.115840e+02 	 1.092180e+02 	 9.883508e+01 	 5.381538e+01 	 5.278380e+01 
2.802000e-01 	 6.000000e+04 	 9.986819e+01 	 1.000625e+02 	 1.000553e+02 	 9.953690e+01 	 9.975992e+01 	 9.910182e+01 	 9.289922e+01 	 6.574535e+01 	 6.573461e+01 
2.832000e-01 	 6.300000e+04 	 1.010201e+02 	 1.013934e+02 	 1.020241e+02 	 1.013088e+02 	 1.017579e+02 	 1.014793e+02 	 9.598302e+01 	 6.338969e+01 	 6.356686e+01 
2.862000e-01 	 6.600000e+04 	 1.237233e+02 	 1.247903e+02 	 1.244081e+02 	 1.249280e+02 	 1.232215e+02 	 1.224971e+02 	 1.084441e+02 	 6.123579e+01 	 5.946559e+01 
2.892000e-01 	 6.900000e+04 	 1.252496e+02 	 1.253459e+02 	 1.259251e+02 	 1.248957e+02 	 1.247503e+02 	 1.232908e+02 	 1.129224e+02 	 6.156006e+01 	 6.188477e+01 
2.922000e-01 	 7.200000e+04 	 1.264831e+02 	 1.254881e+02 	 1.253205e+02 	 1.259369e+02 	 1.240052e+02 	 1.237359e+02 	 1.015803e+02 	 6.421507e+01 	 6.092958e+01 
2.931800e-01 	 7.297999e+04 	 1.293354e+02 	 1.302823e+02 	 1.366029e+02 	 1.365040e+02 	 1.329081e+02 	 1.321144e+02 	 1.178028e+02 	 8.698505e+01 	 8.673718e+01 
2.932000e-01 	 7.299998e+04 	 1.220987e+02 	 1.242872e+02 	 1.259872e+02 	 1.229331e+02 	 1.228115e+02 	 1.240798e+02 	 1.087990e+02 	 7.833549e+01 	 7.831194e+01 
2.952000e-01 	 7.500000e+04 	 1.880554e+02 	 1.887162e+02 	 1.892524e+02 	 1.896163e+02 	 1.887207e+02 	 1.877777e+02 	 1.274602e+02 	 5.058965e+01 	 4.739284e+01 
2.982000e-01 	 7.800000e+04 	 1.433871e+02 	 1.440658e+02 	 1.439815e+02 	 1.433360e+02 	 1.418946e+02 	 1.404919e+02 	 1.191477e+02 	 6.085172e+01 	 5.991073e+01 
3.012000e-01 	 8.100000e+04 	 1.246935e+02 	 1.254618e+02 	 1.293054e+02 	 1.290551e+02 	 1.255772e+02 	 1.284907e+02 	 1.089001e+02 	 7.028636e+01 	 7.004427e+01 
3.042000e-01 	 8.400000e+04 	 1.855893e+02 	 1.843951e+02 	 1.829069e+02 	 1.796625e+02 	 1.759792e+02 	 1.716919e+02 	 1.295458e+02 	 6.137067e+01 	 5.948321e+01 
3.054600e-01 	 8.526001e+04 	 1.329156e+02 	 1.356420e+02 	 1.342219e+02 	 1.365812e+02 	 1.369573e+02 	 1.349167e+02 	 1.192517e+02 	 8.402174e+01 	 8.375000e+01 
3.054800e-01 	 8.528000e+04 	 1.415722e+02 	 1.421222e+02 	 1.426585e+02 	 1.407329e+02 	 1.399163e+02 	 1.395089e+02 	 1.223590e+02 	 8.778675e+01 	 8.744383e+01 
3.055000e-01 	 8.530000e+04 	 1.580333e+02 	 1.517795e+02 	 1.592721e+02 	 1.590374e+02 	 1.584954e+02 	 1.566021e+02 	 1.344259e+02 	 9.611559e+01 	 9.670421e+01 
3.072000e-01 	 8.700000e+04 	 2.263796e+02 	 2.241746e+02 	 2.242923e+02 	 2.238685e+02 	 2.225557e+02 	 2.213974e+02 	 1.494200e+02 	 5.406153e+01 	 5.009784e+01 
3.102000e-01 	 9.000000e+04 	 1.367029e+02 	 1.426050e+02 	 1.380731e+02 	 1.417157e+02 	 1.376311e+02 	 1.395985e+02 	 1.143437e+02 	 7.876563e+01 	 7.841119e+01 
3.106800e-01 	 9.048000e+04 	 1.364781e+02 	 1.377426e+02 	 1.378100e+02 	 1.395589e+02 	 1.457408e+02 	 1.396818e+02 	 1.201192e+02 	 8.612900e+01 	 8.566193e+01 
3.107000e-01 	 9.050000e+04 	 1.403648e+02 	 1.423465e+02 	 1.424326e+02 	 1.441108e+02 	 1.430179e+02 	 1.431297e+02 	 1.233386e+02 	 8.820785e+01 	 8.849189e+01 
3.132000e-01 	 9.300000e+04 	 1.891529e+02 	 1.899828e+02 	 1.901507e+02 	 1.902970e+02 	 1.898439e+02 	 1.878941e+02 	 1.308223e+02 	 6.165561e+01 	 5.908523e+01 
3.162000e-01 	 9.600000e+04 	 2.166806e+02 	 2.173913e+02 	 2.172795e+02 	 2.169581e+02 	 2.152718e+02 	 2.126613e+02 	 1.455165e+02 	 6.214041e+01 	 5.891583e+01 
3.192000e-01 	 9.900000e+04 	 1.979379e+02 	 1.992698e+02 	 2.003527e+02 	 2.008626e+02 	 1.995459e+02 	 1.978405e+02 	 1.757060e+02 	 6.341884e+01 	 6.058449e+01 
3.196800e-01 	 9.948001e+04 	 2.073202e+02 	 1.964479e+02 	 2.068727e+02 	 2.047192e+02 	 2.039256e+02 	 1.996317e+02 	 1.473053e+02 	 8.576389e+01 	 8.264604e+01 
3.198400e-01 	 9.964002e+04 	 1.692508e+02 	 1.700161e+02 	 1.710412e+02 	 1.708917e+02 	 1.700786e+02 	 1.684851e+02 	 1.354568e+02 	 9.604262e+01 	 9.571240e+01 
3.203800e-01 	 1.001800e+05 	 1.709333e+02 	 1.798682e+02 	 1.823479e+02 	 1.759055e+02 	 1.764043e+02 	 1.777035e+02 	 1.537162e+02 	 1.144330e+02 	 1.157067e+02 
3.204400e-01 	 1.002400e+05 	 1.712352e+02 	 1.739491e+02 	 1.764461e+02 	 1.785408e+02 	 1.795750e+02 	 1.793787e+02 	 1.457958e+02 	 1.014649e+02 	 9.879994e+01 
3.206200e-01 	 1.004200e+05 	 1.878762e+02 	 1.884235e+02 	 1.905382e+02 	 1.897365e+02 	 1.883385e+02 	 1.912653e+02 	 1.357180e+02 	 8.891386e+01 	 8.448278e+01 
3.222000e-01 	 1.020000e+05 	 2.991634e+02 	 2.998595e+02 	 3.006634e+02 	 3.014887e+02 	 3.003706e+02 	 2.981793e+02 	 1.652814e+02 	 5.725570e+01 	 5.134380e+01 
3.252000e-01 	 1.050000e+05 	 2.850059e+02 	 2.857662e+02 	 2.880259e+02 	 2.856183e+02 	 2.839432e+02 	 2.814459e+02 	 1.767625e+02 	 6.468445e+01 	 5.949713e+01 
3.282000e-01 	 1.080000e+05 	 2.910199e+02 	 2.912827e+02 	 2.910285e+02 	 2.910443e+02 	 2.890237e+02 	 2.862922e+02 	 1.690368e+02 	 6.621880e+01 	 6.064994e+01 
3.295200e-01 	 1.093200e+05 	 1.850901e+02 	 1.857851e+02 	 1.860131e+02 	 1.856978e+02 	 1.847475e+02 	 1.823067e+02 	 1.362716e+02 	 8.635431e+01 	 8.568890e+01 
3.295400e-01 	 1.093400e+05 	 1.840624e+02 	 1.823285e+02 	 1.874683e+02 	 1.877150e+02 	 1.854200e+02 	 1.837362e+02 	 1.450065e+02 	 9.648555e+01 	 9.076945e+01 
3.295800e-01 	 1.093800e+05 	 1.789016e+02 	 1.805484e+02 	 1.830023e+02 	 1.832136e+02 	 1.832294e+02 	 1.830657e+02 	 1.461264e+02 	 1.012007e+02 	 9.482449e+01 
3.296400e-01 	 1.094400e+05 	 1.696147e+02 	 1.723966e+02 	 1.715050e+02 	 1.730667e+02 	 1.727670e+02 	 1.717299e+02 	 1.305127e+02 	 8.718338e+01 	 8.650432e+01 
3.296600e-01 	 1.094600e+05 	 1.917645e+02 	 1.931088e+02 	 1.934681e+02 	 1.941478e+02 	 1.929366e+02 	 1.911646e+02 	 1.456829e+02 	 9.742489e+01 	 9.045017e+01 
3.303200e-01 	 1.101200e+05 	 1.712378e+02 	 1.733631e+02 	 1.745726e+02 	 1.742451e+02 	 1.756461e+02 	 1.744433e+02 	 1.371304e+02 	 9.595261e+01 	 9.576840e+01 
3.303400e-01 	 1.101400e+05 	 1.790526e+02 	 1.708773e+02 	 1.722585e+02 	 1.755819e+02 	 1.809552e+02 	 1.805741e+02 	 1.408733e+02 	 9.608301e+01 	 9.562923e+01 
3.303600e-01 	 1.101600e+05 	 1.707758e+02 	 1.711331e+02 	 1.725892e+02 	 1.725964e+02 	 1.729481e+02 	 1.719041e+02 	 1.353437e+02 	 9.572753e+01 	 9.522172e+01 
3.303800e-01 	 1.101800e+05 	 1.986778e+02 	 1.999686e+02 	 2.006871e+02 	 2.015554e+02 	 2.076287e+02 	 2.063513e+02 	 1.540186e+02 	 9.972899e+01 	 9.847055e+01 
3.304000e-01 	 1.102000e+05 	 1.712222e+02 	 1.749023e+02 	 1.759108e+02 	 1.803193e+02 	 1.769243e+02 	 1.765425e+02 	 1.389918e+02 	 9.632863e+01 	 9.517167e+01 
3.305600e-01 	 1.103600e+05 	 1.819868e+02 	 1.823195e+02 	 1.830760e+02 	 1.834810e+02 	 1.827667e+02 	 1.821690e+02 	 1.316455e+02 	 8.594021e+01 	 8.450558e+01 
3.312000e-01 	 1.110000e+05 	 3.536870e+02 	 3.554969e+02 	 3.559984e+02 	 3.557420e+02 	 3.555265e+02 	 3.533266e+02 	 1.749175e+02 	 6.068199e+01 	 5.333230e+01 
3.342000e-01 	 1.140000e+05 	 3.460371e+02 	 3.471860e+02 	 3.482645e+02 	 3.489338e+02 	 3.497183e+02 	 3.476015e+02 	 1.355627e+02 	 5.856220e+01 	 5.302808e+01 
3.372000e-01 	 1.170000e+05 	 2.900597e+02 	 2.914605e+02 	 2.922722e+02 	 2.930634e+02 	 2.918830e+02 	 2.898590e+02 	 1.800640e+02 	 6.836223e+01 	 6.091428e+01 
3.402000e-01 	 1.200000e+05 	 3.607201e+02 	 3.608285e+02 	 3.624911e+02 	 3.608148e+02 	 3.577317e+02 	 3.520462e+02 	 1.700723e+02 	 7.799720e+01 	 7.089032e+01 
3.403800e-01 	 1.201800e+05 	 1.980636e+02 	 2.238954e+02 	 2.015514e+02 	 2.019581e+02 	 2.243292e+02 	 2.005844e+02 	 1.374086e+02 	 9.607526e+01 	 9.293183e+01 
3.404200e-01 	 1.202200e+05 	 2.054011e+02 	 2.629088e+02 	 2.080077e+02 	 2.547613e+02 	 2.526018e+02 	 2.088777e+02 	 1.608694e+02 	 8.656822e+01 	 8.508255e+01 
3.404400e-01 	 1.202400e+05 	 1.936590e+02 	 1.970151e+02 	 2.001301e+02 	 2.030863e+02 	 2.033181e+02 	 1.999666e+02 	 1.334522e+02 	 9.064081e+01 	 8.899858e+01 
3.405800e-01 	 1.203800e+05 	 2.078347e+02 	 2.093533e+02 	 2.112336e+02 	 2.131732e+02 	 2.136701e+02 	 2.136656e+02 	 1.369349e+02 	 8.835058e+01 	 8.594082e+01 
3.408600e-01 	 1.206600e+05 	 2.041214e+02 	 2.053320e+02 	 2.068391e+02 	 2.199974e+02 	 2.080521e+02 	 2.071526e+02 	 1.331040e+02 	 8.738220e+01 	 8.608516e+01 
3.408800e-01 	 1.206800e+05 	 2.063585e+02 	 2.608028e+02 	 2.615668e+02 	 2.121469e+02 	 2.610498e+02 	 2.132392e+02 	 1.757017e+02 	 9.618820e+01 	 9.729673e+01 
3.413200e-01 	 1.211200e+05 	 2.237002e+02 	 2.255181e+02 	 2.260165e+02 	 2.260244e+02 	 2.241330e+02 	 2.234739e+02 	 1.302109e+02 	 8.396088e+01 	 8.209349e+01 
3.415600e-01 	 1.213600e+05 	 2.487258e+02 	 2.457505e+02 	 2.501797e+02 	 2.514877e+02 	 2.472314e+02 	 2.473475e+02 	 1.374211e+02 	 8.113367e+01 	 7.786112e+01 
3.432000e-01 	 1.230000e+05 	 4.661882e+02 	 4.671418e+02 	 4.357856e+02 	 4.367319e+02 	 4.370293e+02 	 4.623569e+02 	 2.193339e+02 	 6.628383e+01 	 5.690153e+01 
3.449800e-01 	 1.247800e+05 	 1.861005e+02 	 1.867630e+02 	 1.840477e+02 	 1.866896e+02 	 1.854421e+02 	 1.833911e+02 	 1.587339e+02 	 1.058766e+02 	 1.064221e+02 
3.450000e-01 	 1.248000e+05 	 1.748379e+02 	 1.760733e+02 	 1.751945e+02 	 1.752372e+02 	 1.756569e+02 	 1.751319e+02 	 1.569471e+02 	 1.108669e+02 	 1.127552e+02 
3.450200e-01 	 1.248200e+05 	 1.805754e+02 	 1.788330e+02 	 1.796134e+02 	 1.834835e+02 	 1.836613e+02 	 1.790773e+02 	 1.631524e+02 	 1.170236e+02 	 1.154324e+02 
3.450400e-01 	 1.248400e+05 	 1.758207e+02 	 1.686913e+02 	 1.702833e+02 	 1.787495e+02 	 1.715067e+02 	 1.788976e+02 	 1.575782e+02 	 1.099249e+02 	 1.110376e+02 
3.450600e-01 	 1.248600e+05 	 1.777824e+02 	 1.787360e+02 	 1.728932e+02 	 1.738935e+02 	 1.739436e+02 	 1.823533e+02 	 1.624380e+02 	 1.098105e+02 	 1.109575e+02 
3.462000e-01 	 1.260000e+05 	 3.536199e+02 	 3.743695e+02 	 3.535796e+02 	 3.713535e+02 	 3.490480e+02 	 3.623775e+02 	 2.184633e+02 	 8.770706e+01 	 7.853949e+01 
3.492000e-01 	 1.290000e+05 	 5.265525e+02 	 5.298307e+02 	 4.003693e+02 	 5.244442e+02 	 5.157829e+02 	 5.043849e+02 	 3.035009e+02 	 8.626208e+01 	 8.318886e+01 
3.522000e-01 	 1.320000e+05 	 5.255125e+02 	 5.288759e+02 	 5.321221e+02 	 5.354552e+02 	 5.387937e+02 	 5.394505e+02 	 2.148665e+02 	 7.045378e+01 	 5.774876e+01 
3.552000e-01 	 1.350000e+05 	 2.718561e+02 	 2.744658e+02 	 2.754036e+02 	 2.770680e+02 	 2.766928e+02 	 2.744883e+02 	 1.524723e+02 	 8.665067e+01 	 8.308558e+01 
3.582000e-01 	 1.380000e+05 	 4.631762e+02 	 4.648402e+02 	 4.663368e+02 	 4.677978e+02 	 4.676960e+02 	 4.662154e+02 	 1.929943e+02 	 7.787987e+01 	 6.815590e+01 
3.612000e-01 	 1.410000e+05 	 8.158440e+02 	 8.181223e+02 	 8.195241e+02 	 8.248415e+02 	 8.323857e+02 	 8.375375e+02 	 2.259690e+02 	 6.027166e+01 	 4.523836e+01 
3.618800e-01 	 1.416800e+05 	 3.220084e+02 	 3.285451e+02 	 3.374251e+02 	 3.418208e+02 	 3.488740e+02 	 3.530048e+02 	 1.958180e+02 	 1.244021e+02 	 1.166949e+02 
3.619000e-01 	 1.417000e+05 	 4.402623e+02 	 4.436011e+02 	 4.463622e+02 	 4.517493e+02 	 4.562448e+02 	 4.583743e+02 	 1.400232e+02 	 7.184774e+01 	 6.664719e+01 
3.642000e-01 	 1.440000e+05 	 1.032470e+03 	 1.035873e+03 	 1.040638e+03 	 1.049037e+03 	 1.061762e+03 	 1.070609e+03 	 1.971973e+02 	 4.821039e+01 	 4.058402e+01 
3.647000e-01 	 1.445000e+05 	 4.419782e+02 	 4.483554e+02 	 4.500985e+02 	 4.610085e+02 	 4.709055e+02 	 4.857419e+02 	 1.865317e+02 	 8.460152e+01 	 7.594066e+01 
3.647200e-01 	 1.445200e+05 	 6.990227e+02 	 6.942767e+02 	 7.017999e+02 	 7.186255e+02 	 7.246352e+02 	 7.457001e+02 	 1.564082e+02 	 6.224484e+01 	 5.580795e+01 
3.672000e-01 	 1.470000e+05 	 1.321302e+03 	 1.325532e+03 	 1.334549e+03 	 1.347445e+03 	 1.366081e+03 	 1.379717e+03 	 2.391924e+02 	 4.227135e+01 	 3.599191e+01 
3.702000e-01 	 1.500000e+05 	 1.571332e+03 	 1.579191e+03 	 1.587984e+03 	 1.605955e+03 	 1.630343e+03 	 1.640536e+03 	 3.112255e+02 	 4.043066e+01 	 3.364342e+01 
3.732000e-01 	 1.530000e+05 	 1.936072e+03 	 1.941911e+03 	 1.958616e+03 	 1.979786e+03 	 2.009190e+03 	 2.015671e+03 	 2.847385e+02 	 3.784777e+01 	 3.159526e+01 
3.762000e-01 	 1.560000e+05 	 1.281829e+03 	 1.284410e+03 	 1.293475e+03 	 1.305587e+03 	 1.325051e+03 	 1.338336e+03 	 3.019237e+02 	 4.321508e+01 	 3.630131e+01 
3.792000e-01 	 1.590000e+05 	 4.712621e+02 	 4.731472e+02 	 4.739969e+02 	 4.732482e+02 	 4.738714e+02 	 4.710031e+02 	 3.069225e+02 	 7.557380e+01 	 6.408343e+01 
3.822000e-01 	 1.620000e+05 	 5.032694e+02 	 5.040532e+02 	 5.045385e+02 	 5.033738e+02 	 5.059040e+02 	 5.040778e+02 	 3.081150e+02 	 7.733772e+01 	 6.586642e+01 
3.852000e-01 	 1.650000e+05 	 5.985454e+02 	 6.007995e+02 	 6.008767e+02 	 6.039224e+02 	 6.065058e+02 	 6.071078e+02 	 3.154717e+02 	 7.265797e+01 	 5.920081e+01 
3.882000e-01 	 1.680000e+05 	 6.358231e+02 	 6.343047e+02 	 6.369134e+02 	 6.429605e+02 	 6.466683e+02 	 6.462585e+02 	 2.867226e+02 	 6.879209e+01 	 5.533238e+01 
3.912000e-01 	 1.710000e+05 	 6.173919e+02 	 6.202092e+02 	 6.205262e+02 	 6.233505e+02 	 6.261601e+02 	 6.269422e+02 	 2.877872e+02 	 7.264883e+01 	 5.901285e+01 
3.942000e-01 	 1.740000e+05 	 5.621803e+02 	 5.640965e+02 	 5.668327e+02 	 5.702863e+02 	 5.716904e+02 	 5.720630e+02 	 2.658317e+02 	 7.365578e+01 	 6.059227e+01 
3.972000e-01 	 1.770000e+05 	 6.617399e+02 	 6.627257e+02 	 6.660310e+02 	 6.684478e+02 	 6.701514e+02 	 6.686170e+02 	 2.384885e+02 	 6.656524e+01 	 5.563184e+01 
4.002000e-01 	 1.800000e+05 	 7.230630e+02 	 7.238587e+02 	 7.277105e+02 	 7.318700e+02 	 7.381217e+02 	 7.436806e+02 	 2.889318e+02 	 6.528446e+01 	 5.219174e+01 
4.032000e-01 	 1.830000e+05 	 8.458039e+02 	 8.486337e+02 	 8.502118e+02 	 8.562194e+02 	 8.629554e+02 	 8.684076e+02 	 3.255211e+02 	 6.611157e+01 	 4.961188e+01 
4.062000e-01 	 1.860000e+05 	 8.444117e+02 	 8.457628e+02 	 8.495416e+02 	 8.547698e+02 	 8.609518e+02 	 8.670836e+02 	 3.266720e+02 	 6.834255e+01 	 4.992474e+01 
4.092000e-01 	 1.890000e+05 	 7.977203e+02 	 7.991675e+02 	 8.028964e+02 	 8.083376e+02 	 8.132448e+02 	 8.179833e+02 	 2.827864e+02 	 7.267545e+01 	 5.621722e+01 
4.122000e-01 	 1.920000e+05 	 9.526854e+02 	 9.572979e+02 	 9.616787e+02 	 9.688110e+02 	 9.769852e+02 	 9.863360e+02 	 2.846204e+02 	 7.342836e+01 	 5.057400e+01 
4.152000e-01 	 1.950000e+05 	 1.072761e+03 	 1.074468e+03 	 1.079067e+03 	 1.088426e+03 	 1.099455e+03 	 1.109913e+03 	 3.301459e+02 	 7.548296e+01 	 4.553797e+01 
4.182000e-01 	 1.980000e+05 	 1.086516e+03 	 1.087187e+03 	 1.091373e+03 	 1.102038e+03 	 1.113360e+03 	 1.123579e+03 	 3.056835e+02 	 6.534862e+01 	 4.559503e+01 
4.212000e-01 	 2.010000e+05 	 1.107173e+03 	 1.110327e+03 	 1.115851e+03 	 1.123798e+03 	 1.136078e+03 	 1.147621e+03 	 2.910988e+02 	 6.408364e+01 	 4.555373e+01 
4.242000e-01 	 2.040000e+05 	 1.121438e+03 	 1.125286e+03 	 1.129771e+03 	 1.140300e+03 	 1.151740e+03 	 1.162544e+03 	 2.647021e+02 	 6.284959e+01 	 4.641440e+01 
4.272000e-01 	 2.070000e+05 	 1.131949e+03 	 1.135240e+03 	 1.144038e+03 	 1.150254e+03 	 1.162542e+03 	 1.173328e+03 	 3.100734e+02 	 6.446942e+01 	 4.367229e+01 
4.302000e-01 	 2.100000e+05 	 1.063210e+03 	 1.065655e+03 	 1.072319e+03 	 1.080449e+03 	 1.090859e+03 	 1.110538e+03 	 2.748126e+02 	 6.963528e+01 	 5.035128e+01 
4.332000e-01 	 2.130000e+05 	 8.160029e+02 	 8.175103e+02 	 8.195181e+02 	 8.239009e+02 	 8.258113e+02 	 8.272319e+02 	 2.650950e+02 	 8.329668e+01 	 6.626594e+01 
4.362000e-01 	 2.160000e+05 	 1.204554e+03 	 1.208236e+03 	 1.214576e+03 	 1.224600e+03 	 1.237227e+03 	 1.252029e+03 	 3.017700e+02 	 6.376972e+01 	 4.429686e+01 
4.392000e-01 	 2.190000e+05 	 1.228208e+03 	 1.230288e+03 	 1.236022e+03 	 1.245466e+03 	 1.255477e+03 	 1.266617e+03 	 2.875190e+02 	 6.480136e+01 	 4.599576e+01 
4.422000e-01 	 2.220000e+05 	 1.097021e+03 	 1.100522e+03 	 1.102566e+03 	 1.113692e+03 	 1.119472e+03 	 1.128573e+03 	 2.663821e+02 	 7.278506e+01 	 5.317287e+01 
4.452000e-01 	 2.250000e+05 	 9.623177e+02 	 9.628618e+02 	 9.654345e+02 	 9.723383e+02 	 9.784403e+02 	 9.844551e+02 	 2.494563e+02 	 8.405560e+01 	 6.156883e+01 
4.482000e-01 	 2.280000e+05 	 1.007138e+03 	 1.009475e+03 	 1.010651e+03 	 1.017745e+03 	 1.023153e+03 	 1.030003e+03 	 2.939207e+02 	 8.793381e+01 	 6.232693e+01 
4.512000e-01 	 2.310000e+05 	 7.990486e+02 	 7.996264e+02 	 7.984013e+02 	 7.998662e+02 	 7.968570e+02 	 7.964918e+02 	 3.470891e+02 	 1.129697e+02 	 9.180593e+01 
4.542000e-01 	 2.340000e+05 	 9.514803e+02 	 9.525526e+02 	 9.508818e+02 	 9.532913e+02 	 9.532699e+02 	 9.548944e+02 	 3.897676e+02 	 1.119391e+02 	 8.358457e+01 
4.572000e-01 	 2.370000e+05 	 1.161606e+03 	 1.164435e+03 	 1.165363e+03 	 1.177237e+03 	 1.182863e+03 	 1.192947e+03 	 3.756835e+02 	 8.562555e+01 	 5.685700e+01 
4.602000e-01 	 2.400000e+05 	 1.150186e+03 	 1.151626e+03 	 1.154506e+03 	 1.161945e+03 	 1.171880e+03 	 1.181760e+03 	 3.309642e+02 	 7.752310e+01 	 5.347252e+01 
4.632000e-01 	 2.430000e+05 	 9.795562e+02 	 9.806307e+02 	 9.817886e+02 	 9.857081e+02 	 9.863511e+02 	 9.897040e+02 	 3.553287e+02 	 1.013563e+02 	 7.487347e+01 
4.662000e-01 	 2.460000e+05 	 1.147099e+03 	 1.148590e+03 	 1.149359e+03 	 1.156283e+03 	 1.164317e+03 	 1.172948e+03 	 3.687490e+02 	 9.205938e+01 	 6.265140e+01 
4.692000e-01 	 2.490000e+05 	 1.299377e+03 	 1.301720e+03 	 1.304068e+03 	 1.315876e+03 	 1.324692e+03 	 1.337177e+03 	 3.452047e+02 	 7.641594e+01 	 4.852531e+01 
4.722000e-01 	 2.520000e+05 	 1.280676e+03 	 1.281258e+03 	 1.284439e+03 	 1.294766e+03 	 1.302411e+03 	 1.313089e+03 	 3.448180e+02 	 8.316701e+01 	 5.318009e+01 
4.752000e-01 	 2.550000e+05 	 1.234437e+03 	 1.235230e+03 	 1.238438e+03 	 1.245575e+03 	 1.252689e+03 	 1.260719e+03 	 3.892464e+02 	 9.653302e+01 	 6.100456e+01 
4.782000e-01 	 2.580000e+05 	 1.267569e+03 	 1.268917e+03 	 1.275331e+03 	 1.279608e+03 	 1.286902e+03 	 1.297055e+03 	 3.577488e+02 	 9.475193e+01 	 6.170832e+01 
4.812000e-01 	 2.610000e+05 	 1.298579e+03 	 1.297302e+03 	 1.301101e+03 	 1.308021e+03 	 1.315698e+03 	 1.325564e+03 	 3.856638e+02 	 1.053888e+02 	 6.759583e+01 
4.842000e-01 	 2.640000e+05 	 1.333524e+03 	 1.333633e+03 	 1.335073e+03 	 1.344574e+03 	 1.351209e+03 	 1.361704e+03 	 3.694278e+02 	 9.701440e+01 	 5.975538e+01 
4.872000e-01 	 2.670000e+05 	 1.427723e+03 	 1.429617e+03 	 1.432362e+03 	 1.442949e+03 	 1.451719e+03 	 1.462949e+03 	 3.432339e+02 	 9.053028e+01 	 5.330055e+01 
4.902000e-01 	 2.700000e+05 	 1.416649e+03 	 1.418269e+03 	 1.421334e+03 	 1.428513e+03 	 1.437966e+03 	 1.448842e+03 	 3.634594e+02 	 9.281099e+01 	 5.450386e+01 
4.916800e-01 	 2.714800e+05 	 5.455513e+02 	 5.520992e+02 	 5.588071e+02 	 5.669108e+02 	 5.765415e+02 	 5.821091e+02 	 2.917901e+02 	 1.837265e+02 	 1.805755e+02 
4.917000e-01 	 2.715000e+05 	 7.395792e+02 	 7.394850e+02 	 7.400897e+02 	 7.465806e+02 	 7.510772e+02 	 7.565519e+02 	 2.115894e+02 	 1.096328e+02 	 9.919601e+01 
4.917600e-01 	 2.715600e+05 	 8.764853e+02 	 8.759106e+02 	 9.021970e+02 	 8.827834e+02 	 9.104643e+02 	 8.879654e+02 	 2.410510e+02 	 1.029831e+02 	 9.016191e+01 
4.917800e-01 	 2.715800e+05 	 1.004940e+03 	 1.005828e+03 	 1.003902e+03 	 1.008392e+03 	 1.015415e+03 	 1.039195e+03 	 2.197804e+02 	 9.908481e+01 	 7.823266e+01 
4.918200e-01 	 2.716200e+05 	 1.146505e+03 	 1.141531e+03 	 1.142018e+03 	 1.151452e+03 	 1.154461e+03 	 1.163044e+03 	 2.341960e+02 	 9.534229e+01 	 7.222427e+01 
4.919800e-01 	 2.717800e+05 	 1.126366e+03 	 1.126621e+03 	 1.126351e+03 	 1.133148e+03 	 1.137151e+03 	 1.146574e+03 	 2.378258e+02 	 9.388513e+01 	 7.156408e+01 
4.920200e-01 	 2.718200e+05 	 9.672630e+02 	 9.430348e+02 	 9.420604e+02 	 9.493723e+02 	 9.530007e+02 	 9.780703e+02 	 2.507300e+02 	 9.761502e+01 	 8.216250e+01 
4.920600e-01 	 2.718600e+05 	 1.114197e+03 	 1.093510e+03 	 1.094255e+03 	 1.102859e+03 	 1.128172e+03 	 1.119939e+03 	 2.243220e+02 	 9.397023e+01 	 7.471437e+01 
4.920800e-01 	 2.718800e+05 	 1.147228e+03 	 1.163556e+03 	 1.144376e+03 	 1.164472e+03 	 1.167554e+03 	 1.157151e+03 	 2.817838e+02 	 9.950996e+01 	 7.271859e+01 
4.925200e-01 	 2.723200e+05 	 1.165306e+03 	 1.161775e+03 	 1.160570e+03 	 1.166927e+03 	 1.171560e+03 	 1.180006e+03 	 2.418775e+02 	 9.538254e+01 	 7.169612e+01 
4.932000e-01 	 2.730000e+05 	 1.427973e+03 	 1.426129e+03 	 1.428397e+03 	 1.437880e+03 	 1.447886e+03 	 1.460752e+03 	 3.235821e+02 	 9.469205e+01 	 6.211028e+01 
4.961600e-01 	 2.759600e+05 	 1.350986e+03 	 1.349628e+03 	 1.354895e+03 	 1.363955e+03 	 1.364651e+03 	 1.383695e+03 	 2.402512e+02 	 8.628086e+01 	 6.267785e+01 
4.962000e-01 	 2.760000e+05 	 1.436598e+03 	 1.442055e+03 	 1.445324e+03 	 1.456980e+03 	 1.463286e+03 	 1.475424e+03 	 2.709934e+02 	 8.504041e+01 	 5.810556e+01 
4.983600e-01 	 2.781600e+05 	 1.527899e+03 	 1.537783e+03 	 1.539447e+03 	 1.553853e+03 	 1.564191e+03 	 1.581096e+03 	 2.697131e+02 	 7.640786e+01 	 5.573784e+01 
4.992000e-01 	 2.790000e+05 	 1.761050e+03 	 1.764536e+03 	 1.771149e+03 	 1.784240e+03 	 1.802929e+03 	 1.823147e+03 	 3.355409e+02 	 6.534970e+01 	 4.029055e+01 
5.002800e-01 	 2.800800e+05 	 1.711229e+03 	 1.711805e+03 	 1.721587e+03 	 1.742139e+03 	 1.761011e+03 	 1.786168e+03 	 2.357249e+02 	 6.657911e+01 	 5.112967e+01 
5.003000e-01 	 2.801000e+05 	 1.705761e+03 	 1.711758e+03 	 1.720667e+03 	 1.735609e+03 	 1.758272e+03 	 1.780939e+03 	 2.571620e+02 	 6.586538e+01 	 5.129061e+01 
5.022000e-01 	 2.820000e+05 	 1.575444e+03 	 1.579104e+03 	 1.583310e+03 	 1.596368e+03 	 1.609689e+03 	 1.625757e+03 	 3.652280e+02 	 7.696007e+01 	 4.425406e+01 
5.052000e-01 	 2.850000e+05 	 1.547380e+03 	 1.546164e+03 	 1.547570e+03 	 1.559275e+03 	 1.571812e+03 	 1.588062e+03 	 3.052747e+02 	 8.187314e+01 	 5.397580e+01 
5.068600e-01 	 2.866600e+05 	 1.357233e+03 	 1.351627e+03 	 1.348722e+03 	 1.356948e+03 	 1.364489e+03 	 1.376817e+03 	 2.793899e+02 	 9.720602e+01 	 7.010806e+01 
5.069600e-01 	 2.867600e+05 	 9.312662e+02 	 9.017644e+02 	 9.019902e+02 	 9.365942e+02 	 9.440455e+02 	 9.316530e+02 	 2.500840e+02 	 1.046885e+02 	 9.123658e+01 
5.070600e-01 	 2.868600e+05 	 1.131111e+03 	 1.124817e+03 	 1.122452e+03 	 1.130028e+03 	 1.136797e+03 	 1.160113e+03 	 2.374876e+02 	 9.992975e+01 	 7.885644e+01 
5.082000e-01 	 2.880000e+05 	 1.207893e+03 	 1.198144e+03 	 1.214148e+03 	 1.200750e+03 	 1.225113e+03 	 1.235045e+03 	 3.085717e+02 	 1.086533e+02 	 8.222673e+01 
5.084800e-01 	 2.882800e+05 	 1.223926e+03 	 1.214838e+03 	 1.210470e+03 	 1.217704e+03 	 1.223061e+03 	 1.234880e+03 	 2.794143e+02 	 1.066460e+02 	 7.903030e+01 
5.088400e-01 	 2.886400e+05 	 1.324394e+03 	 1.315330e+03 	 1.310653e+03 	 1.327323e+03 	 1.325476e+03 	 1.338809e+03 	 3.037301e+02 	 1.096107e+02 	 7.899614e+01 
5.112000e-01 	 2.910000e+05 	 1.550622e+03 	 1.545888e+03 	 1.545057e+03 	 1.556129e+03 	 1.567084e+03 	 1.582761e+03 	 4.166533e+02 	 1.100704e+02 	 6.620038e+01 
5.142000e-01 	 2.940000e+05 	 1.717773e+03 	 1.719981e+03 	 1.722414e+03 	 1.736923e+03 	 1.750508e+03 	 1.769468e+03 	 3.981754e+02 	 8.216528e+01 	 4.465079e+01 
5.172000e-01 	 2.970000e+05 	 1.997081e+03 	 2.000493e+03 	 2.008984e+03 	 2.027256e+03 	 2.053336e+03 	 2.073957e+03 	 3.004007e+02 	 5.964810e+01 	 4.352065e+01 
5.175600e-01 	 2.973600e+05 	 2.043170e+03 	 2.047069e+03 	 2.054640e+03 	 2.074415e+03 	 2.101668e+03 	 2.129833e+03 	 2.744923e+02 	 6.090268e+01 	 4.676901e+01 
5.176000e-01 	 2.974000e+05 	 2.033397e+03 	 2.033395e+03 	 2.045174e+03 	 2.066197e+03 	 2.095773e+03 	 2.120015e+03 	 2.739709e+02 	 6.061966e+01 	 4.688320e+01 
5.176200e-01 	 2.974200e+05 	 2.038488e+03 	 2.038914e+03 	 2.051864e+03 	 2.071602e+03 	 2.094893e+03 	 2.125059e+03 	 2.720294e+02 	 6.004762e+01 	 4.665562e+01 
5.176400e-01 	 2.974400e+05 	 2.045650e+03 	 2.049743e+03 	 2.059603e+03 	 2.080516e+03 	 2.108260e+03 	 2.133133e+03 	 2.723316e+02 	 6.082501e+01 	 4.675258e+01 
5.176800e-01 	 2.974800e+05 	 2.037970e+03 	 2.045440e+03 	 2.053028e+03 	 2.077230e+03 	 2.100706e+03 	 2.128388e+03 	 2.758131e+02 	 6.025661e+01 	 4.633153e+01 
5.202000e-01 	 3.000000e+05 	 2.062330e+03 	 2.067097e+03 	 2.075099e+03 	 2.091395e+03 	 2.114418e+03 	 2.135074e+03 	 3.837672e+02 	 5.104866e+01 	 3.528112e+01 
5.232000e-01 	 3.030000e+05 	 1.479390e+03 	 1.471961e+03 	 1.466981e+03 	 1.473229e+03 	 1.484006e+03 	 1.497054e+03 	 5.323733e+02 	 1.180193e+02 	 6.893989e+01 
5.262000e-01 	 3.060000e+05 	 1.349363e+03 	 1.330782e+03 	 1.317912e+03 	 1.321748e+03 	 1.325788e+03 	 1.335848e+03 	 6.097535e+02 	 1.585399e+02 	 1.091946e+02 
5.292000e-01 	 3.090000e+05 	 1.342664e+03 	 1.320160e+03 	 1.307233e+03 	 1.306285e+03 	 1.305963e+03 	 1.315639e+03 	 6.301230e+02 	 1.751647e+02 	 1.282105e+02 
5.322000e-01 	 3.120000e+05 	 1.489658e+03 	 1.475359e+03 	 1.465751e+03 	 1.472389e+03 	 1.479317e+03 	 1.493254e+03 	 5.596880e+02 	 1.290426e+02 	 7.705290e+01 
5.339200e-01 	 3.137200e+05 	 1.431338e+03 	 1.414968e+03 	 1.402063e+03 	 1.409897e+03 	 1.414770e+03 	 1.431882e+03 	 3.608346e+02 	 1.163288e+02 	 8.176920e+01 
5.341200e-01 	 3.139200e+05 	 1.374869e+03 	 1.351957e+03 	 1.335953e+03 	 1.343624e+03 	 1.347325e+03 	 1.360233e+03 	 3.483906e+02 	 1.198838e+02 	 8.460870e+01 
5.341600e-01 	 3.139600e+05 	 1.389176e+03 	 1.361581e+03 	 1.345433e+03 	 1.349576e+03 	 1.351936e+03 	 1.361563e+03 	 3.414628e+02 	 1.187583e+02 	 8.436723e+01 
5.341800e-01 	 3.139800e+05 	 1.381868e+03 	 1.357634e+03 	 1.343021e+03 	 1.347097e+03 	 1.348251e+03 	 1.364670e+03 	 3.740139e+02 	 1.262234e+02 	 8.717641e+01 
5.342000e-01 	 3.140000e+05 	 1.383537e+03 	 1.357263e+03 	 1.344933e+03 	 1.348356e+03 	 1.351542e+03 	 1.361192e+03 	 3.717743e+02 	 1.189577e+02 	 8.428530e+01 
5.342200e-01 	 3.140200e+05 	 1.371074e+03 	 1.347833e+03 	 1.334631e+03 	 1.339845e+03 	 1.344215e+03 	 1.356236e+03 	 3.754974e+02 	 1.241642e+02 	 8.624168e+01 
5.343600e-01 	 3.141600e+05 	 1.372162e+03 	 1.345803e+03 	 1.332449e+03 	 1.338224e+03 	 1.340105e+03 	 1.353281e+03 	 3.764448e+02 	 1.242254e+02 	 8.644923e+01 
5.343800e-01 	 3.141800e+05 	 1.377263e+03 	 1.354819e+03 	 1.336223e+03 	 1.340735e+03 	 1.345749e+03 	 1.357735e+03 	 3.657787e+02 	 1.199029e+02 	 8.435562e+01 
5.344000e-01 	 3.142000e+05 	 1.370167e+03 	 1.347760e+03 	 1.334794e+03 	 1.338348e+03 	 1.343133e+03 	 1.356148e+03 	 3.723116e+02 	 1.247503e+02 	 8.649608e+01 
5.344200e-01 	 3.142200e+05 	 1.376494e+03 	 1.354705e+03 	 1.342400e+03 	 1.345263e+03 	 1.349222e+03 	 1.363067e+03 	 3.749856e+02 	 1.250169e+02 	 8.660135e+01 
5.350200e-01 	 3.148200e+05 	 1.383188e+03 	 1.360842e+03 	 1.346520e+03 	 1.349942e+03 	 1.354788e+03 	 1.368046e+03 	 3.736242e+02 	 1.265170e+02 	 8.729484e+01 
5.350600e-01 	 3.148600e+05 	 1.398225e+03 	 1.375014e+03 	 1.362612e+03 	 1.364231e+03 	 1.364915e+03 	 1.378347e+03 	 3.706134e+02 	 1.201968e+02 	 8.501907e+01 
5.351200e-01 	 3.149200e+05 	 1.378041e+03 	 1.356005e+03 	 1.342154e+03 	 1.346911e+03 	 1.351314e+03 	 1.364635e+03 	 3.594585e+02 	 1.209997e+02 	 8.587713e+01 
5.352000e-01 	 3.150000e+05 	 1.401808e+03 	 1.378069e+03 	 1.363515e+03 	 1.366444e+03 	 1.368366e+03 	 1.378680e+03 	 3.684273e+02 	 1.200672e+02 	 8.534445e+01 
5.352400e-01 	 3.150400e+05 	 1.385553e+03 	 1.363170e+03 	 1.349253e+03 	 1.352827e+03 	 1.355347e+03 	 1.369873e+03 	 3.691661e+02 	 1.255140e+02 	 8.651468e+01 
5.354200e-01 	 3.152200e+05 	 1.384726e+03 	 1.362057e+03 	 1.347363e+03 	 1.349958e+03 	 1.354413e+03 	 1.369058e+03 	 3.977697e+02 	 1.277117e+02 	 8.802655e+01 
5.382000e-01 	 3.180000e+05 	 1.489687e+03 	 1.469498e+03 	 1.459435e+03 	 1.463863e+03 	 1.471956e+03 	 1.486485e+03 	 5.581363e+02 	 1.420162e+02 	 9.066381e+01 
5.412000e-01 	 3.210000e+05 	 1.573816e+03 	 1.560505e+03 	 1.554178e+03 	 1.563656e+03 	 1.571931e+03 	 1.589741e+03 	 5.524631e+02 	 1.269370e+02 	 7.382973e+01 
5.442000e-01 	 3.240000e+05 	 1.589205e+03 	 1.571036e+03 	 1.562572e+03 	 1.571043e+03 	 1.580107e+03 	 1.597243e+03 	 5.120967e+02 	 1.331817e+02 	 7.845674e+01 
5.472000e-01 	 3.270000e+05 	 1.639312e+03 	 1.625151e+03 	 1.619383e+03 	 1.626540e+03 	 1.638527e+03 	 1.656275e+03 	 5.242088e+02 	 1.308249e+02 	 7.490081e+01 
5.502000e-01 	 3.300000e+05 	 1.532012e+03 	 1.505083e+03 	 1.490404e+03 	 1.497111e+03 	 1.501446e+03 	 1.516753e+03 	 4.522984e+02 	 1.415184e+02 	 9.474655e+01 
5.532000e-01 	 3.330000e+05 	 1.572109e+03 	 1.549280e+03 	 1.535307e+03 	 1.539657e+03 	 1.547692e+03 	 1.563996e+03 	 5.406651e+02 	 1.425808e+02 	 8.733197e+01 
5.562000e-01 	 3.360000e+05 	 1.686935e+03 	 1.670268e+03 	 1.661545e+03 	 1.670940e+03 	 1.682071e+03 	 1.701171e+03 	 5.154540e+02 	 1.200535e+02 	 6.425222e+01 
5.587200e-01 	 3.385200e+05 	 1.754417e+03 	 1.733280e+03 	 1.719545e+03 	 1.687191e+03 	 1.739680e+03 	 1.758377e+03 	 4.417158e+02 	 1.213402e+02 	 7.322606e+01 
5.588400e-01 	 3.386400e+05 	 1.721614e+03 	 1.698378e+03 	 1.687951e+03 	 1.694177e+03 	 1.708819e+03 	 1.732253e+03 	 3.941994e+02 	 1.089700e+02 	 6.953590e+01 
5.589200e-01 	 3.387200e+05 	 1.658407e+03 	 1.624612e+03 	 1.617562e+03 	 1.623194e+03 	 1.632558e+03 	 1.650067e+03 	 4.059007e+02 	 1.173739e+02 	 7.299020e+01 
5.590000e-01 	 3.388000e+05 	 1.640807e+03 	 1.615450e+03 	 1.599729e+03 	 1.605895e+03 	 1.615000e+03 	 1.636176e+03 	 3.806792e+02 	 1.178039e+02 	 7.355912e+01 
5.590200e-01 	 3.388200e+05 	 1.645404e+03 	 1.620168e+03 	 1.603048e+03 	 1.610453e+03 	 1.617861e+03 	 1.638694e+03 	 3.845721e+02 	 1.204213e+02 	 7.492325e+01 
5.592000e-01 	 3.390000e+05 	 1.640346e+03 	 1.615569e+03 	 1.599673e+03 	 1.607540e+03 	 1.615830e+03 	 1.637450e+03 	 4.132207e+02 	 1.159404e+02 	 7.265845e+01 
5.622000e-01 	 3.420000e+05 	 1.569294e+03 	 1.538499e+03 	 1.519814e+03 	 1.521841e+03 	 1.525078e+03 	 1.541237e+03 	 5.586012e+02 	 1.511592e+02 	 9.553406e+01 
5.652000e-01 	 3.450000e+05 	 1.773529e+03 	 1.760832e+03 	 1.756291e+03 	 1.765361e+03 	 1.779618e+03 	 1.799787e+03 	 5.475537e+02 	 1.124721e+02 	 5.611196e+01 
5.682000e-01 	 3.480000e+05 	 2.094717e+03 	 2.089252e+03 	 2.091797e+03 	 2.107168e+03 	 2.127800e+03 	 2.153493e+03 	 4.306634e+02 	 7.100378e+01 	 4.039414e+01 
5.708200e-01 	 3.506200e+05 	 1.277311e+03 	 1.269094e+03 	 1.281203e+03 	 1.313899e+03 	 1.362690e+03 	 1.428320e+03 	 2.966577e+02 	 1.348665e+02 	 1.187327e+02 
5.708400e-01 	 3.506400e+05 	 1.980933e+03 	 1.967490e+03 	 1.971078e+03 	 1.997419e+03 	 2.036061e+03 	 2.090761e+03 	 2.391600e+02 	 8.278124e+01 	 6.833175e+01 
5.708600e-01 	 3.506600e+05 	 2.216265e+03 	 2.201614e+03 	 2.206725e+03 	 2.232830e+03 	 2.269926e+03 	 2.313890e+03 	 2.628367e+02 	 7.689283e+01 	 5.872804e+01 
5.708800e-01 	 3.506800e+05 	 2.308136e+03 	 2.283155e+03 	 2.277663e+03 	 2.324923e+03 	 2.358452e+03 	 2.396518e+03 	 3.318997e+02 	 7.406006e+01 	 5.442929e+01 
5.709400e-01 	 3.507400e+05 	 2.306531e+03 	 2.294130e+03 	 2.295325e+03 	 2.310607e+03 	 2.336268e+03 	 2.369488e+03 	 3.374585e+02 	 7.621710e+01 	 4.823140e+01 
5.712000e-01 	 3.510000e+05 	 2.247876e+03 	 2.240998e+03 	 2.241735e+03 	 2.259382e+03 	 2.280732e+03 	 2.311027e+03 	 3.906153e+02 	 7.445104e+01 	 4.359029e+01 
5.742000e-01 	 3.540000e+05 	 1.995202e+03 	 1.986713e+03 	 1.983474e+03 	 1.996746e+03 	 2.013399e+03 	 2.036001e+03 	 4.912978e+02 	 1.073824e+02 	 4.851769e+01 
5.772000e-01 	 3.570000e+05 	 2.079211e+03 	 2.064240e+03 	 2.059609e+03 	 2.071514e+03 	 2.091186e+03 	 2.115367e+03 	 4.631448e+02 	 1.071609e+02 	 5.192712e+01 
5.780600e-01 	 3.578600e+05 	 2.209844e+03 	 2.196996e+03 	 2.187268e+03 	 2.202273e+03 	 2.223344e+03 	 2.255500e+03 	 3.875107e+02 	 1.041123e+02 	 5.773630e+01 
5.780800e-01 	 3.578800e+05 	 2.178795e+03 	 2.154682e+03 	 2.147048e+03 	 2.152797e+03 	 2.181382e+03 	 2.215272e+03 	 3.571726e+02 	 1.032244e+02 	 5.982417e+01 
5.802000e-01 	 3.600000e+05 	 2.232401e+03 	 2.214760e+03 	 2.216669e+03 	 2.225594e+03 	 2.245860e+03 	 2.275712e+03 	 4.227468e+02 	 1.073030e+02 	 5.273637e+01 
5.817200e-01 	 3.615200e+05 	 1.553699e+03 	 1.507580e+03 	 1.496260e+03 	 1.500949e+03 	 1.515104e+03 	 1.556412e+03 	 2.805312e+02 	 1.381230e+02 	 1.169788e+02 
5.817400e-01 	 3.615400e+05 	 1.945064e+03 	 1.895284e+03 	 1.865645e+03 	 1.872504e+03 	 1.890554e+03 	 1.924322e+03 	 3.298828e+02 	 1.306371e+02 	 8.890588e+01 
5.817600e-01 	 3.615600e+05 	 2.041044e+03 	 1.996633e+03 	 1.965122e+03 	 1.977010e+03 	 1.994599e+03 	 2.025698e+03 	 3.624697e+02 	 1.313524e+02 	 8.314093e+01 
5.818000e-01 	 3.616000e+05 	 2.146720e+03 	 2.115786e+03 	 2.094620e+03 	 2.104312e+03 	 2.120844e+03 	 2.153319e+03 	 4.100980e+02 	 1.374713e+02 	 7.725021e+01 
5.818200e-01 	 3.616200e+05 	 2.105342e+03 	 2.065643e+03 	 2.040589e+03 	 2.050372e+03 	 2.065538e+03 	 2.098626e+03 	 3.878044e+02 	 1.403816e+02 	 8.314989e+01 
5.832000e-01 	 3.630000e+05 	 1.951513e+03 	 1.925893e+03 	 1.911930e+03 	 1.918468e+03 	 1.929362e+03 	 1.952975e+03 	 5.773037e+02 	 1.773830e+02 	 8.724103e+01 
5.862000e-01 	 3.660000e+05 	 2.099714e+03 	 2.083549e+03 	 2.074888e+03 	 2.089577e+03 	 2.098681e+03 	 2.127001e+03 	 5.198141e+02 	 1.412189e+02 	 6.005678e+01 
5.868400e-01 	 3.666400e+05 	 2.401527e+03 	 2.380189e+03 	 2.371248e+03 	 2.384724e+03 	 2.405916e+03 	 2.437562e+03 	 4.175382e+02 	 1.219733e+02 	 6.038369e+01 
5.869400e-01 	 3.667400e+05 	 2.467568e+03 	 2.412777e+03 	 2.428732e+03 	 2.446652e+03 	 2.448624e+03 	 2.510046e+03 	 3.621027e+02 	 1.070142e+02 	 6.092480e+01 
5.872000e-01 	 3.670000e+05 	 2.458194e+03 	 2.431606e+03 	 2.424401e+03 	 2.447048e+03 	 2.470521e+03 	 2.515026e+03 	 3.581871e+02 	 1.100635e+02 	 6.360627e+01 
5.875400e-01 	 3.673400e+05 	 2.518630e+03 	 2.494940e+03 	 2.491354e+03 	 2.508854e+03 	 2.539112e+03 	 2.578262e+03 	 3.671071e+02 	 1.023450e+02 	 5.770128e+01 
5.876600e-01 	 3.674600e+05 	 2.405271e+03 	 2.384156e+03 	 2.378256e+03 	 2.393556e+03 	 2.416644e+03 	 2.453351e+03 	 3.939166e+02 	 1.020377e+02 	 5.307147e+01 
5.882600e-01 	 3.680600e+05 	 2.470733e+03 	 2.455085e+03 	 2.452212e+03 	 2.469381e+03 	 2.494351e+03 	 2.528592e+03 	 3.890570e+02 	 9.347979e+01 	 5.114366e+01 
5.886600e-01 	 3.684600e+05 	 2.512140e+03 	 2.489355e+03 	 2.482334e+03 	 2.505093e+03 	 2.534491e+03 	 2.577264e+03 	 3.527166e+02 	 9.381228e+01 	 5.494997e+01 
5.891400e-01 	 3.689400e+05 	 2.517896e+03 	 2.494420e+03 	 2.487289e+03 	 2.513634e+03 	 2.541769e+03 	 2.588414e+03 	 3.338136e+02 	 8.738412e+01 	 5.618025e+01 
5.892000e-01 	 3.690000e+05 	 2.520340e+03 	 2.498959e+03 	 2.492094e+03 	 2.512517e+03 	 2.542625e+03 	 2.584576e+03 	 3.327024e+02 	 8.829158e+01 	 5.585469e+01 
5.894200e-01 	 3.692200e+05 	 2.536748e+03 	 2.520136e+03 	 2.517393e+03 	 2.540118e+03 	 2.570858e+03 	 2.612048e+03 	 3.540190e+02 	 8.524443e+01 	 5.295300e+01 
5.897800e-01 	 3.695800e+05 	 2.471735e+03 	 2.453131e+03 	 2.452025e+03 	 2.471384e+03 	 2.501434e+03 	 2.536026e+03 	 3.979030e+02 	 8.400865e+01 	 4.772758e+01 
5.900600e-01 	 3.698600e+05 	 2.463287e+03 	 2.452212e+03 	 2.450703e+03 	 2.469759e+03 	 2.495864e+03 	 2.531852e+03 	 3.960437e+02 	 8.607876e+01 	 4.775022e+01 
5.910800e-01 	 3.708800e+05 	 2.563968e+03 	 2.549923e+03 	 2.548753e+03 	 2.568340e+03 	 2.600065e+03 	 2.636391e+03 	 3.756988e+02 	 8.082334e+01 	 4.818306e+01 
5.911000e-01 	 3.709000e+05 	 2.583282e+03 	 2.571383e+03 	 2.570855e+03 	 2.590630e+03 	 2.624415e+03 	 2.663124e+03 	 3.693726e+02 	 8.024526e+01 	 4.944672e+01 
5.911200e-01 	 3.709200e+05 	 2.588905e+03 	 2.575338e+03 	 2.578123e+03 	 2.599514e+03 	 2.629501e+03 	 2.666603e+03 	 3.654067e+02 	 7.976353e+01 	 4.929278e+01 
5.911400e-01 	 3.709400e+05 	 2.566009e+03 	 2.554373e+03 	 2.554742e+03 	 2.576673e+03 	 2.603127e+03 	 2.642179e+03 	 3.723256e+02 	 8.095125e+01 	 4.857110e+01 
5.912800e-01 	 3.710800e+05 	 2.582184e+03 	 2.567666e+03 	 2.566475e+03 	 2.587712e+03 	 2.617849e+03 	 2.654379e+03 	 3.790679e+02 	 8.098784e+01 	 4.770969e+01 
5.913000e-01 	 3.711000e+05 	 2.583796e+03 	 2.571563e+03 	 2.573482e+03 	 2.593303e+03 	 2.623474e+03 	 2.660362e+03 	 3.687581e+02 	 8.017914e+01 	 4.884715e+01 
5.913200e-01 	 3.711200e+05 	 2.570715e+03 	 2.557236e+03 	 2.556318e+03 	 2.577207e+03 	 2.604552e+03 	 2.639740e+03 	 3.821327e+02 	 8.142378e+01 	 4.712656e+01 
5.913400e-01 	 3.711400e+05 	 2.530417e+03 	 2.514651e+03 	 2.513270e+03 	 2.529391e+03 	 2.558705e+03 	 2.590364e+03 	 3.968363e+02 	 9.129078e+01 	 4.748367e+01 
5.913600e-01 	 3.711600e+05 	 2.512493e+03 	 2.495737e+03 	 2.496448e+03 	 2.515896e+03 	 2.543928e+03 	 2.577225e+03 	 4.007495e+02 	 8.646710e+01 	 4.641671e+01 
5.915400e-01 	 3.713400e+05 	 2.581342e+03 	 2.569776e+03 	 2.567879e+03 	 2.586628e+03 	 2.617389e+03 	 2.654022e+03 	 3.811632e+02 	 8.174698e+01 	 4.711215e+01 
5.919000e-01 	 3.717000e+05 	 2.626045e+03 	 2.596567e+03 	 2.604787e+03 	 2.626382e+03 	 2.657814e+03 	 2.697377e+03 	 3.415756e+02 	 8.139658e+01 	 5.127226e+01 
5.920800e-01 	 3.718800e+05 	 2.750164e+03 	 2.736451e+03 	 2.732607e+03 	 2.761262e+03 	 2.795821e+03 	 2.841531e+03 	 3.183621e+02 	 8.089474e+01 	 5.604945e+01 
5.921400e-01 	 3.719400e+05 	 2.698528e+03 	 2.694394e+03 	 2.697162e+03 	 2.716180e+03 	 2.753766e+03 	 2.794859e+03 	 3.515172e+02 	 8.269681e+01 	 5.124908e+01 
5.922000e-01 	 3.720000e+05 	 2.645762e+03 	 2.637518e+03 	 2.639829e+03 	 2.652697e+03 	 2.684972e+03 	 2.731807e+03 	 3.691243e+02 	 8.365147e+01 	 5.015874e+01 
5.922400e-01 	 3.720400e+05 	 2.555220e+03 	 2.542917e+03 	 2.541978e+03 	 2.559622e+03 	 2.590259e+03 	 2.627703e+03 	 3.774260e+02 	 8.259928e+01 	 4.644445e+01 
5.924200e-01 	 3.722200e+05 	 1.825589e+03 	 1.796191e+03 	 1.804992e+03 	 1.847215e+03 	 1.909623e+03 	 2.004456e+03 	 3.126952e+02 	 1.367809e+02 	 1.167795e+02 
5.924400e-01 	 3.722400e+05 	 2.756150e+03 	 2.736324e+03 	 2.732834e+03 	 2.760252e+03 	 2.795789e+03 	 2.844639e+03 	 3.305755e+02 	 8.127255e+01 	 5.449577e+01 
5.924600e-01 	 3.722600e+05 	 2.666475e+03 	 2.648942e+03 	 2.647857e+03 	 2.671598e+03 	 2.707114e+03 	 2.745645e+03 	 3.644645e+02 	 7.833364e+01 	 4.832652e+01 
5.925200e-01 	 3.723200e+05 	 2.590983e+03 	 2.577373e+03 	 2.575984e+03 	 2.596837e+03 	 2.622315e+03 	 2.658360e+03 	 3.729792e+02 	 8.193153e+01 	 4.657220e+01 
5.925400e-01 	 3.723400e+05 	 2.605798e+03 	 2.594661e+03 	 2.600179e+03 	 2.615970e+03 	 2.655280e+03 	 2.684264e+03 	 3.752663e+02 	 7.983660e+01 	 4.669216e+01 
5.934600e-01 	 3.732600e+05 	 2.677309e+03 	 2.662112e+03 	 2.661022e+03 	 2.687236e+03 	 2.727495e+03 	 2.773094e+03 	 3.410228e+02 	 8.293376e+01 	 5.422798e+01 
5.935200e-01 	 3.733200e+05 	 2.719835e+03 	 2.704071e+03 	 2.696716e+03 	 2.725382e+03 	 2.761921e+03 	 2.806930e+03 	 3.301914e+02 	 8.196406e+01 	 5.485063e+01 
5.935800e-01 	 3.733800e+05 	 2.537416e+03 	 2.523011e+03 	 2.522171e+03 	 2.539789e+03 	 2.567930e+03 	 2.604131e+03 	 4.153173e+02 	 8.976257e+01 	 4.756447e+01 
5.936400e-01 	 3.734400e+05 	 2.672482e+03 	 2.655457e+03 	 2.647084e+03 	 2.676021e+03 	 2.710781e+03 	 2.752998e+03 	 3.470218e+02 	 8.433693e+01 	 5.449262e+01 
5.938400e-01 	 3.736400e+05 	 2.576419e+03 	 2.560235e+03 	 2.560575e+03 	 2.579127e+03 	 2.605130e+03 	 2.646994e+03 	 3.958773e+02 	 8.597104e+01 	 4.870587e+01 
5.941000e-01 	 3.739000e+05 	 2.553941e+03 	 2.541102e+03 	 2.539683e+03 	 2.560126e+03 	 2.621805e+03 	 2.627435e+03 	 4.097616e+02 	 8.368155e+01 	 4.828876e+01 
5.944200e-01 	 3.742200e+05 	 2.572303e+03 	 2.556741e+03 	 2.552099e+03 	 2.569373e+03 	 2.602046e+03 	 2.640274e+03 	 3.819607e+02 	 9.098576e+01 	 5.108772e+01 
5.946200e-01 	 3.744200e+05 	 2.579829e+03 	 2.559275e+03 	 2.559501e+03 	 2.577608e+03 	 2.608422e+03 	 2.645954e+03 	 3.736522e+02 	 8.977249e+01 	 5.336195e+01 
5.950000e-01 	 3.748000e+05 	 2.546110e+03 	 2.527085e+03 	 2.520345e+03 	 2.540552e+03 	 2.568484e+03 	 2.609947e+03 	 3.869870e+02 	 9.175856e+01 	 5.181150e+01 
5.952000e-01 	 3.750000e+05 	 2.513753e+03 	 2.490202e+03 	 2.488601e+03 	 2.511222e+03 	 2.534814e+03 	 2.573787e+03 	 4.000596e+02 	 9.250750e+01 	 5.034044e+01 
5.958400e-01 	 3.756400e+05 	 2.479435e+03 	 2.457880e+03 	 2.450162e+03 	 2.467847e+03 	 2.490016e+03 	 2.523088e+03 	 4.366099e+02 	 1.073931e+02 	 5.281245e+01 
5.982000e-01 	 3.780000e+05 	 2.110388e+03 	 2.095568e+03 	 2.087083e+03 	 2.100110e+03 	 2.115051e+03 	 2.140406e+03 	 5.607025e+02 	 1.425086e+02 	 5.957850e+01 
5.997800e-01 	 3.795800e+05 	 2.250763e+03 	 2.186237e+03 	 2.160560e+03 	 2.178066e+03 	 2.186093e+03 	 2.211085e+03 	 5.443215e+02 	 2.052005e+02 	 1.200792e+02 
6.002400e-01 	 3.800400e+05 	 2.272816e+03 	 2.234652e+03 	 2.197771e+03 	 2.182851e+03 	 2.208634e+03 	 2.238950e+03 	 5.203865e+02 	 2.114131e+02 	 1.223967e+02 
6.005000e-01 	 3.803000e+05 	 2.300750e+03 	 2.241749e+03 	 2.195955e+03 	 2.198442e+03 	 2.221871e+03 	 2.248366e+03 	 4.585816e+02 	 1.866240e+02 	 1.128046e+02 
6.008800e-01 	 3.806800e+05 	 2.334050e+03 	 2.284144e+03 	 2.249654e+03 	 2.256571e+03 	 2.265943e+03 	 2.299954e+03 	 4.821758e+02 	 1.854219e+02 	 1.034083e+02 
6.012000e-01 	 3.810000e+05 	 2.328088e+03 	 2.309657e+03 	 2.283149e+03 	 2.290188e+03 	 2.302045e+03 	 2.331919e+03 	 5.438337e+02 	 1.941772e+02 	 9.637684e+01 
6.013800e-01 	 3.811800e+05 	 2.299997e+03 	 2.260548e+03 	 2.232599e+03 	 2.238678e+03 	 2.251005e+03 	 2.280045e+03 	 5.017775e+02 	 1.838135e+02 	 9.889912e+01 
6.042000e-01 	 3.840000e+05 	 2.448084e+03 	 2.435733e+03 	 2.431604e+03 	 2.447755e+03 	 2.473346e+03 	 2.507059e+03 	 4.665465e+02 	 9.585565e+01 	 4.458014e+01 
6.044200e-01 	 3.842200e+05 	 2.584146e+03 	 2.566972e+03 	 2.562883e+03 	 2.581387e+03 	 2.607796e+03 	 2.642455e+03 	 4.531181e+02 	 1.090841e+02 	 4.871250e+01 
6.044400e-01 	 3.842400e+05 	 2.588728e+03 	 2.572720e+03 	 2.569093e+03 	 2.586568e+03 	 2.612035e+03 	 2.649082e+03 	 4.487272e+02 	 1.043831e+02 	 4.886178e+01 
6.045000e-01 	 3.843000e+05 	 2.607567e+03 	 2.590345e+03 	 2.587704e+03 	 2.607571e+03 	 2.632914e+03 	 2.668893e+03 	 4.273181e+02 	 9.095237e+01 	 4.805285e+01 
6.047000e-01 	 3.845000e+05 	 2.597752e+03 	 2.581660e+03 	 2.579047e+03 	 2.597084e+03 	 2.624894e+03 	 2.661549e+03 	 4.226165e+02 	 9.127651e+01 	 4.663661e+01 
6.048000e-01 	 3.846000e+05 	 2.624269e+03 	 2.612490e+03 	 2.615301e+03 	 2.632025e+03 	 2.662967e+03 	 2.701546e+03 	 4.216061e+02 	 8.275615e+01 	 4.515402e+01 
6.072000e-01 	 3.870000e+05 	 2.175658e+03 	 2.147133e+03 	 2.131997e+03 	 2.140776e+03 	 2.158492e+03 	 2.185501e+03 	 5.722939e+02 	 1.569013e+02 	 7.139545e+01 
6.099000e-01 	 3.897000e+05 	 1.815773e+03 	 1.734927e+03 	 1.677492e+03 	 1.676172e+03 	 1.686691e+03 	 1.724585e+03 	 3.248212e+02 	 1.562095e+02 	 1.234474e+02 
6.099200e-01 	 3.897200e+05 	 2.203500e+03 	 2.155019e+03 	 2.104189e+03 	 2.105581e+03 	 2.123107e+03 	 2.149532e+03 	 4.459213e+02 	 1.683280e+02 	 1.018750e+02 
6.099600e-01 	 3.897600e+05 	 2.256522e+03 	 2.197541e+03 	 2.175939e+03 	 2.171208e+03 	 2.191937e+03 	 2.223823e+03 	 5.340357e+02 	 1.779989e+02 	 1.011916e+02 
6.102000e-01 	 3.900000e+05 	 2.110009e+03 	 2.078518e+03 	 2.062153e+03 	 2.070313e+03 	 2.082322e+03 	 2.110221e+03 	 6.288661e+02 	 1.818326e+02 	 9.118196e+01 
6.116000e-01 	 3.914000e+05 	 2.365091e+03 	 2.331367e+03 	 2.318568e+03 	 2.330357e+03 	 2.347789e+03 	 2.381516e+03 	 5.169801e+02 	 1.356540e+02 	 6.242979e+01 
6.121800e-01 	 3.919800e+05 	 2.480916e+03 	 2.445245e+03 	 2.428195e+03 	 2.441779e+03 	 2.464043e+03 	 2.502486e+03 	 4.594796e+02 	 1.193115e+02 	 5.965364e+01 
6.125800e-01 	 3.923800e+05 	 2.527758e+03 	 2.505377e+03 	 2.488456e+03 	 2.508497e+03 	 2.523463e+03 	 2.583991e+03 	 4.408551e+02 	 1.129590e+02 	 6.020822e+01 
6.131200e-01 	 3.929200e+05 	 2.526286e+03 	 2.494588e+03 	 2.482794e+03 	 2.496447e+03 	 2.521381e+03 	 2.559313e+03 	 4.715660e+02 	 1.244969e+02 	 5.621817e+01 
6.132000e-01 	 3.930000e+05 	 2.489992e+03 	 2.464899e+03 	 2.455387e+03 	 2.470898e+03 	 2.496559e+03 	 2.535628e+03 	 4.387609e+02 	 1.055562e+02 	 5.447879e+01 
6.142200e-01 	 3.940200e+05 	 2.504676e+03 	 2.488972e+03 	 2.483261e+03 	 2.501232e+03 	 2.528508e+03 	 2.565367e+03 	 4.878100e+02 	 9.187180e+01 	 4.636555e+01 
6.162000e-01 	 3.960000e+05 	 2.450436e+03 	 2.437798e+03 	 2.435160e+03 	 2.450620e+03 	 2.472394e+03 	 2.501622e+03 	 5.468057e+02 	 9.830543e+01 	 4.253488e+01 
6.192000e-01 	 3.990000e+05 	 2.322624e+03 	 2.314757e+03 	 2.318006e+03 	 2.328091e+03 	 2.349691e+03 	 2.375402e+03 	 5.515638e+02 	 7.524684e+01 	 3.760859e+01 
6.222000e-01 	 4.020000e+05 	 2.166277e+03 	 2.150470e+03 	 2.144966e+03 	 2.154816e+03 	 2.173517e+03 	 2.199113e+03 	 6.634381e+02 	 1.258148e+02 	 3.961892e+01 
6.252000e-01 	 4.050000e+05 	 2.059072e+03 	 2.035023e+03 	 2.022717e+03 	 2.028401e+03 	 2.043433e+03 	 2.066967e+03 	 6.829136e+02 	 1.603271e+02 	 6.959879e+01 
6.282000e-01 	 4.080000e+05 	 2.081972e+03 	 2.027060e+03 	 1.986792e+03 	 1.984347e+03 	 1.984697e+03 	 2.009458e+03 	 7.265594e+02 	 2.432858e+02 	 1.601163e+02 
6.312000e-01 	 4.110000e+05 	 2.194355e+03 	 2.178289e+03 	 2.172194e+03 	 2.182808e+03 	 2.198541e+03 	 2.223017e+03 	 6.091845e+02 	 1.122738e+02 	 4.404786e+01 
6.323200e-01 	 4.121200e+05 	 3.028342e+03 	 3.008482e+03 	 3.005060e+03 	 3.036623e+03 	 3.060764e+03 	 3.110796e+03 	 3.922748e+02 	 6.486806e+01 	 4.594800e+01 
6.324200e-01 	 4.122200e+05 	 2.868165e+03 	 2.857843e+03 	 2.859881e+03 	 2.884338e+03 	 2.916143e+03 	 2.957785e+03 	 4.219094e+02 	 6.213647e+01 	 4.123665e+01 
6.325600e-01 	 4.123600e+05 	 2.819477e+03 	 2.819574e+03 	 2.815747e+03 	 2.845677e+03 	 2.870821e+03 	 2.901835e+03 	 4.403260e+02 	 5.929642e+01 	 3.895957e+01 
6.327200e-01 	 4.125200e+05 	 2.828438e+03 	 2.821456e+03 	 2.822062e+03 	 2.845422e+03 	 2.880709e+03 	 2.912060e+03 	 4.327470e+02 	 6.288219e+01 	 4.011176e+01 
6.329000e-01 	 4.127000e+05 	 2.779041e+03 	 2.762978e+03 	 2.767623e+03 	 2.786592e+03 	 2.816775e+03 	 2.848802e+03 	 4.527371e+02 	 6.694332e+01 	 3.974491e+01 
6.331800e-01 	 4.129800e+05 	 2.782838e+03 	 2.776530e+03 	 2.774939e+03 	 2.797389e+03 	 2.826260e+03 	 2.861624e+03 	 4.742058e+02 	 6.648740e+01 	 4.056343e+01 
6.333400e-01 	 4.131400e+05 	 2.936953e+03 	 2.917222e+03 	 2.919316e+03 	 2.947458e+03 	 2.981918e+03 	 3.025043e+03 	 4.229630e+02 	 6.810828e+01 	 4.552807e+01 
6.336000e-01 	 4.134000e+05 	 2.870410e+03 	 2.853308e+03 	 2.852919e+03 	 2.876231e+03 	 2.906926e+03 	 2.948532e+03 	 4.369506e+02 	 6.864055e+01 	 4.383573e+01 
6.340600e-01 	 4.138600e+05 	 2.754079e+03 	 2.740682e+03 	 2.741390e+03 	 2.763796e+03 	 2.797144e+03 	 2.839166e+03 	 4.693118e+02 	 7.349391e+01 	 4.343873e+01 
6.342000e-01 	 4.140000e+05 	 2.719886e+03 	 2.702006e+03 	 2.709442e+03 	 2.721320e+03 	 2.750990e+03 	 2.791699e+03 	 4.901441e+02 	 7.551553e+01 	 4.281358e+01 
6.348000e-01 	 4.146000e+05 	 2.640797e+03 	 2.625492e+03 	 2.619641e+03 	 2.637949e+03 	 2.663585e+03 	 2.700519e+03 	 5.047856e+02 	 8.806804e+01 	 4.362948e+01 
6.372000e-01 	 4.170000e+05 	 2.436102e+03 	 2.410603e+03 	 2.400376e+03 	 2.412385e+03 	 2.432735e+03 	 2.465127e+03 	 5.773788e+02 	 1.333210e+02 	 5.463154e+01 
6.402000e-01 	 4.200000e+05 	 2.333696e+03 	 2.305818e+03 	 2.289589e+03 	 2.298709e+03 	 2.315712e+03 	 2.343821e+03 	 6.357823e+02 	 1.727178e+02 	 7.265326e+01 
6.404600e-01 	 4.202600e+05 	 2.765732e+03 	 2.704102e+03 	 2.670212e+03 	 2.684943e+03 	 2.708915e+03 	 2.764014e+03 	 4.642886e+02 	 1.466452e+02 	 7.618180e+01 
6.404800e-01 	 4.202800e+05 	 2.258386e+03 	 2.233159e+03 	 2.217494e+03 	 2.225752e+03 	 2.238757e+03 	 2.264765e+03 	 6.531090e+02 	 1.633911e+02 	 6.271946e+01 
6.405600e-01 	 4.203600e+05 	 2.716826e+03 	 2.668475e+03 	 2.643288e+03 	 2.653247e+03 	 2.674819e+03 	 2.712647e+03 	 5.052000e+02 	 1.449921e+02 	 6.901217e+01 
6.406800e-01 	 4.204800e+05 	 2.707999e+03 	 2.646782e+03 	 2.594998e+03 	 2.616609e+03 	 2.637405e+03 	 2.681897e+03 	 4.328317e+02 	 1.349788e+02 	 7.678815e+01 
6.407200e-01 	 4.205200e+05 	 2.762986e+03 	 2.720173e+03 	 2.690800e+03 	 2.702554e+03 	 2.729195e+03 	 2.774347e+03 	 4.746733e+02 	 1.377616e+02 	 6.926795e+01 
6.411200e-01 	 4.209200e+05 	 2.625502e+03 	 2.594498e+03 	 2.577849e+03 	 2.583642e+03 	 2.615716e+03 	 2.651640e+03 	 5.456003e+02 	 1.447757e+02 	 5.737080e+01 
6.415200e-01 	 4.213200e+05 	 2.664927e+03 	 2.652008e+03 	 2.638427e+03 	 2.637200e+03 	 2.661302e+03 	 2.696382e+03 	 5.368190e+02 	 1.251225e+02 	 5.413608e+01 
6.415400e-01 	 4.213400e+05 	 2.680798e+03 	 2.634575e+03 	 2.639441e+03 	 2.651625e+03 	 2.660662e+03 	 2.706300e+03 	 5.380739e+02 	 1.255783e+02 	 5.420537e+01 
6.423000e-01 	 4.221000e+05 	 2.715287e+03 	 2.694159e+03 	 2.682568e+03 	 2.704181e+03 	 2.733303e+03 	 2.770264e+03 	 5.175541e+02 	 1.069541e+02 	 4.783162e+01 
6.425600e-01 	 4.223600e+05 	 2.928868e+03 	 2.898595e+03 	 2.884246e+03 	 2.902082e+03 	 2.927941e+03 	 2.972262e+03 	 4.658371e+02 	 1.034638e+02 	 5.238056e+01 
6.427400e-01 	 4.225400e+05 	 2.845663e+03 	 2.815774e+03 	 2.806001e+03 	 2.822633e+03 	 2.849346e+03 	 2.899035e+03 	 4.765292e+02 	 1.029697e+02 	 4.992944e+01 
6.432000e-01 	 4.230000e+05 	 2.836656e+03 	 2.813898e+03 	 2.805681e+03 	 2.823194e+03 	 2.854810e+03 	 2.896028e+03 	 4.843316e+02 	 9.693601e+01 	 4.696009e+01 
6.433600e-01 	 4.231600e+05 	 2.815154e+03 	 2.793310e+03 	 2.778902e+03 	 2.800330e+03 	 2.827588e+03 	 2.867298e+03 	 4.717682e+02 	 8.968973e+01 	 4.566936e+01 
6.438600e-01 	 4.236600e+05 	 2.739505e+03 	 2.725302e+03 	 2.722226e+03 	 2.744617e+03 	 2.769826e+03 	 2.808258e+03 	 5.131899e+02 	 9.246707e+01 	 4.221140e+01 
6.462000e-01 	 4.260000e+05 	 2.521366e+03 	 2.499173e+03 	 2.492222e+03 	 2.503419e+03 	 2.525270e+03 	 2.555135e+03 	 5.766390e+02 	 9.802454e+01 	 4.225552e+01 
6.479000e-01 	 4.277000e+05 	 2.456714e+03 	 2.416930e+03 	 2.393235e+03 	 2.402548e+03 	 2.416424e+03 	 2.451271e+03 	 6.261701e+02 	 1.586003e+02 	 6.746097e+01 
6.479600e-01 	 4.277600e+05 	 2.569807e+03 	 2.518408e+03 	 2.488902e+03 	 2.497311e+03 	 2.513684e+03 	 2.555009e+03 	 5.572716e+02 	 1.510048e+02 	 7.162096e+01 
6.480000e-01 	 4.278000e+05 	 2.659809e+03 	 2.587700e+03 	 2.550713e+03 	 2.557382e+03 	 2.580270e+03 	 2.632557e+03 	 4.742547e+02 	 1.399356e+02 	 7.501562e+01 
6.480400e-01 	 4.278400e+05 	 2.529860e+03 	 2.479191e+03 	 2.447451e+03 	 2.455880e+03 	 2.469472e+03 	 2.505426e+03 	 5.813092e+02 	 1.502164e+02 	 7.110582e+01 
6.482200e-01 	 4.280200e+05 	 2.481457e+03 	 2.440160e+03 	 2.417134e+03 	 2.427745e+03 	 2.446455e+03 	 2.482415e+03 	 6.168353e+02 	 1.522390e+02 	 6.761017e+01 
6.483800e-01 	 4.281800e+05 	 2.471993e+03 	 2.430512e+03 	 2.408514e+03 	 2.417167e+03 	 2.434149e+03 	 2.467161e+03 	 6.210131e+02 	 1.571281e+02 	 6.733212e+01 
6.484000e-01 	 4.282000e+05 	 2.479944e+03 	 2.437186e+03 	 2.413591e+03 	 2.422051e+03 	 2.439325e+03 	 2.476892e+03 	 6.212756e+02 	 1.538214e+02 	 6.789363e+01 
6.484200e-01 	 4.282200e+05 	 2.462364e+03 	 2.421733e+03 	 2.394842e+03 	 2.406975e+03 	 2.420299e+03 	 2.457534e+03 	 6.246337e+02 	 1.584247e+02 	 6.872801e+01 
6.492000e-01 	 4.290000e+05 	 2.361081e+03 	 2.321798e+03 	 2.298597e+03 	 2.303958e+03 	 2.316505e+03 	 2.345625e+03 	 6.744329e+02 	 1.774953e+02 	 7.382526e+01 
6.499800e-01 	 4.297800e+05 	 2.454009e+03 	 2.407131e+03 	 2.375030e+03 	 2.380360e+03 	 2.392903e+03 	 2.427760e+03 	 6.343179e+02 	 1.743273e+02 	 7.849594e+01 
6.501200e-01 	 4.299200e+05 	 2.410253e+03 	 2.365360e+03 	 2.334141e+03 	 2.337848e+03 	 2.351769e+03 	 2.383973e+03 	 6.694887e+02 	 2.157851e+02 	 7.955272e+01 
6.501400e-01 	 4.299400e+05 	 2.413342e+03 	 2.365841e+03 	 2.333842e+03 	 2.339818e+03 	 2.353402e+03 	 2.385029e+03 	 6.664889e+02 	 2.127519e+02 	 7.987022e+01 
6.501600e-01 	 4.299600e+05 	 2.389930e+03 	 2.344530e+03 	 2.312415e+03 	 2.319270e+03 	 2.329227e+03 	 2.362229e+03 	 6.900998e+02 	 2.426846e+02 	 8.524691e+01 
6.501800e-01 	 4.299800e+05 	 2.412952e+03 	 2.368692e+03 	 2.339816e+03 	 2.346040e+03 	 2.361307e+03 	 2.396826e+03 	 6.416056e+02 	 1.688185e+02 	 7.728401e+01 
6.502000e-01 	 4.300000e+05 	 2.415728e+03 	 2.370792e+03 	 2.341712e+03 	 2.347636e+03 	 2.362733e+03 	 2.393695e+03 	 6.034277e+02 	 1.679789e+02 	 7.767534e+01 
6.522000e-01 	 4.320000e+05 	 2.324289e+03 	 2.292713e+03 	 2.274916e+03 	 2.283152e+03 	 2.296194e+03 	 2.324877e+03 	 6.897653e+02 	 1.594241e+02 	 6.556487e+01 
6.538000e-01 	 4.336000e+05 	 2.458629e+03 	 2.414954e+03 	 2.390671e+03 	 2.400551e+03 	 2.414303e+03 	 2.448216e+03 	 6.406665e+02 	 1.637458e+02 	 6.964814e+01 
6.540000e-01 	 4.338000e+05 	 2.533949e+03 	 2.495904e+03 	 2.465847e+03 	 2.474984e+03 	 2.490376e+03 	 2.528653e+03 	 6.098872e+02 	 1.667484e+02 	 7.718800e+01 
6.544200e-01 	 4.342200e+05 	 2.507941e+03 	 2.470231e+03 	 2.438561e+03 	 2.445912e+03 	 2.460748e+03 	 2.497623e+03 	 6.258792e+02 	 1.584895e+02 	 7.274165e+01 
6.546600e-01 	 4.344600e+05 	 2.505975e+03 	 2.456050e+03 	 2.428963e+03 	 2.430907e+03 	 2.444774e+03 	 2.479409e+03 	 6.684101e+02 	 2.246983e+02 	 8.596442e+01 
6.552000e-01 	 4.350000e+05 	 2.439275e+03 	 2.399271e+03 	 2.373082e+03 	 2.384829e+03 	 2.397992e+03 	 2.430202e+03 	 6.476953e+02 	 1.585143e+02 	 6.746147e+01 
6.552400e-01 	 4.350400e+05 	 2.431164e+03 	 2.390371e+03 	 2.363487e+03 	 2.373792e+03 	 2.388522e+03 	 2.426150e+03 	 6.493115e+02 	 1.579315e+02 	 6.691479e+01 
6.560000e-01 	 4.358000e+05 	 2.544223e+03 	 2.505721e+03 	 2.480552e+03 	 2.490432e+03 	 2.509352e+03 	 2.544610e+03 	 6.254605e+02 	 1.409011e+02 	 5.900058e+01 
6.569000e-01 	 4.367000e+05 	 2.562995e+03 	 2.532236e+03 	 2.518885e+03 	 2.526426e+03 	 2.550169e+03 	 2.580648e+03 	 6.102255e+02 	 1.285925e+02 	 5.204970e+01 
6.582000e-01 	 4.380000e+05 	 2.609984e+03 	 2.581409e+03 	 2.568087e+03 	 2.581059e+03 	 2.605413e+03 	 2.640528e+03 	 5.988508e+02 	 1.112508e+02 	 4.612161e+01 
6.612000e-01 	 4.410000e+05 	 2.273903e+03 	 2.261414e+03 	 2.254274e+03 	 2.269041e+03 	 2.287729e+03 	 2.311288e+03 	 6.458586e+02 	 8.691440e+01 	 3.337268e+01 
6.642000e-01 	 4.440000e+05 	 2.318259e+03 	 2.307634e+03 	 2.307760e+03 	 2.317156e+03 	 2.338428e+03 	 2.361481e+03 	 6.194057e+02 	 7.198846e+01 	 3.204277e+01 
6.672000e-01 	 4.470000e+05 	 2.165020e+03 	 2.113788e+03 	 2.085273e+03 	 2.082051e+03 	 2.087220e+03 	 2.111224e+03 	 8.572665e+02 	 2.021910e+02 	 9.869440e+01 
6.702000e-01 	 4.500000e+05 	 1.977663e+03 	 1.921397e+03 	 1.876038e+03 	 1.865070e+03 	 1.855291e+03 	 1.874035e+03 	 1.003373e+03 	 2.964412e+02 	 2.002813e+02 
6.732000e-01 	 4.530000e+05 	 2.123129e+03 	 2.090245e+03 	 2.070097e+03 	 2.072415e+03 	 2.079423e+03 	 2.104819e+03 	 8.025959e+02 	 1.845371e+02 	 7.541285e+01 
6.762000e-01 	 4.560000e+05 	 2.169747e+03 	 2.140937e+03 	 2.128446e+03 	 2.132247e+03 	 2.144189e+03 	 2.170529e+03 	 7.532275e+02 	 1.559496e+02 	 5.845581e+01 
6.792000e-01 	 4.590000e+05 	 2.416178e+03 	 2.386803e+03 	 2.372966e+03 	 2.382766e+03 	 2.399756e+03 	 2.428451e+03 	 6.819441e+02 	 1.396106e+02 	 5.207543e+01 
6.822000e-01 	 4.620000e+05 	 2.326103e+03 	 2.308958e+03 	 2.302888e+03 	 2.312945e+03 	 2.329956e+03 	 2.353667e+03 	 6.518933e+02 	 9.506092e+01 	 3.468283e+01 
6.842600e-01 	 4.640600e+05 	 2.791165e+03 	 2.753870e+03 	 2.735241e+03 	 2.745900e+03 	 2.764882e+03 	 2.803730e+03 	 6.053968e+02 	 1.319200e+02 	 5.152335e+01 
6.843200e-01 	 4.641200e+05 	 3.251299e+03 	 3.174995e+03 	 3.125700e+03 	 3.125672e+03 	 3.166151e+03 	 3.252503e+03 	 4.384632e+02 	 1.188763e+02 	 6.830894e+01 
6.844200e-01 	 4.642200e+05 	 3.080834e+03 	 3.013774e+03 	 2.979076e+03 	 2.989809e+03 	 3.018792e+03 	 3.071485e+03 	 5.197291e+02 	 1.283098e+02 	 6.174544e+01 
6.845400e-01 	 4.643400e+05 	 3.174438e+03 	 3.097356e+03 	 3.052711e+03 	 3.066455e+03 	 3.098605e+03 	 3.154913e+03 	 4.619094e+02 	 1.248576e+02 	 6.612924e+01 
6.845600e-01 	 4.643600e+05 	 3.105483e+03 	 3.044329e+03 	 3.001526e+03 	 3.021972e+03 	 3.051015e+03 	 3.107942e+03 	 5.017017e+02 	 1.248889e+02 	 6.324856e+01 
6.846800e-01 	 4.644800e+05 	 2.966002e+03 	 2.918870e+03 	 2.891421e+03 	 2.903350e+03 	 2.930964e+03 	 2.978081e+03 	 5.633999e+02 	 1.296507e+02 	 5.937086e+01 
6.852000e-01 	 4.650000e+05 	 2.976920e+03 	 2.909367e+03 	 2.865735e+03 	 2.874093e+03 	 2.893209e+03 	 2.940260e+03 	 5.364796e+02 	 1.368602e+02 	 6.629370e+01 
6.852800e-01 	 4.650800e+05 	 3.037436e+03 	 2.961141e+03 	 2.916231e+03 	 2.923919e+03 	 2.945250e+03 	 2.995231e+03 	 5.172758e+02 	 1.394288e+02 	 6.714168e+01 
6.853600e-01 	 4.651600e+05 	 2.933750e+03 	 2.875016e+03 	 2.838751e+03 	 2.848417e+03 	 2.869348e+03 	 2.913328e+03 	 5.695099e+02 	 1.423002e+02 	 6.301458e+01 
6.855800e-01 	 4.653800e+05 	 2.843192e+03 	 2.787072e+03 	 2.754923e+03 	 2.758771e+03 	 2.780250e+03 	 2.829437e+03 	 5.944245e+02 	 1.487312e+02 	 6.282597e+01 
6.861600e-01 	 4.659600e+05 	 2.727166e+03 	 2.678825e+03 	 2.646585e+03 	 2.652958e+03 	 2.669424e+03 	 2.707174e+03 	 6.401513e+02 	 1.586312e+02 	 6.531933e+01 
6.865800e-01 	 4.663800e+05 	 2.601095e+03 	 2.561727e+03 	 2.571476e+03 	 2.542134e+03 	 2.589241e+03 	 2.589499e+03 	 7.657812e+02 	 1.874072e+02 	 6.554365e+01 
6.882000e-01 	 4.680000e+05 	 2.304590e+03 	 2.281117e+03 	 2.267327e+03 	 2.276089e+03 	 2.288361e+03 	 2.316275e+03 	 7.180492e+02 	 1.421996e+02 	 4.587033e+01 
6.912000e-01 	 4.710000e+05 	 2.451249e+03 	 2.437496e+03 	 2.430973e+03 	 2.442477e+03 	 2.460737e+03 	 2.484746e+03 	 6.249416e+02 	 8.398087e+01 	 3.322429e+01 
6.934600e-01 	 4.732600e+05 	 3.586099e+03 	 3.492957e+03 	 3.443011e+03 	 3.468737e+03 	 3.523476e+03 	 3.616791e+03 	 4.036703e+02 	 1.098721e+02 	 6.914557e+01 
6.934800e-01 	 4.732800e+05 	 3.446981e+03 	 3.401959e+03 	 3.376578e+03 	 3.398874e+03 	 3.431181e+03 	 3.492348e+03 	 4.759022e+02 	 9.760916e+01 	 5.534141e+01 
6.935200e-01 	 4.733200e+05 	 3.193287e+03 	 3.159585e+03 	 3.140906e+03 	 3.163173e+03 	 3.195774e+03 	 3.244806e+03 	 5.182576e+02 	 9.629347e+01 	 4.941700e+01 
6.935600e-01 	 4.733600e+05 	 3.391468e+03 	 3.336659e+03 	 3.310866e+03 	 3.328253e+03 	 3.368729e+03 	 3.422195e+03 	 4.905023e+02 	 1.000282e+02 	 5.360314e+01 
6.936000e-01 	 4.734000e+05 	 2.968446e+03 	 2.933604e+03 	 2.921824e+03 	 2.933906e+03 	 2.958714e+03 	 3.006038e+03 	 5.457986e+02 	 1.025421e+02 	 4.617033e+01 
6.937400e-01 	 4.735400e+05 	 2.817034e+03 	 2.790503e+03 	 2.775947e+03 	 2.788722e+03 	 2.810446e+03 	 2.845630e+03 	 5.989780e+02 	 1.030861e+02 	 4.162435e+01 
6.937600e-01 	 4.735600e+05 	 2.914748e+03 	 2.886721e+03 	 2.873235e+03 	 2.891631e+03 	 2.917270e+03 	 2.953557e+03 	 5.718744e+02 	 9.851514e+01 	 4.436839e+01 
6.937800e-01 	 4.735800e+05 	 2.907409e+03 	 2.881294e+03 	 2.864364e+03 	 2.878679e+03 	 2.905788e+03 	 2.942704e+03 	 5.787540e+02 	 9.760696e+01 	 4.509741e+01 
6.938000e-01 	 4.736000e+05 	 2.883774e+03 	 2.855852e+03 	 2.844213e+03 	 2.860297e+03 	 2.889087e+03 	 2.922663e+03 	 5.762442e+02 	 9.869718e+01 	 4.369151e+01 
6.942000e-01 	 4.740000e+05 	 2.442773e+03 	 2.422758e+03 	 2.414012e+03 	 2.425026e+03 	 2.443137e+03 	 2.466907e+03 	 6.483229e+02 	 9.953017e+01 	 3.579604e+01 
6.972000e-01 	 4.770000e+05 	 2.371656e+03 	 2.357723e+03 	 2.350076e+03 	 2.358472e+03 	 2.375322e+03 	 2.395787e+03 	 6.655459e+02 	 1.076697e+02 	 3.825963e+01 
7.002000e-01 	 4.800000e+05 	 2.466322e+03 	 2.447953e+03 	 2.440703e+03 	 2.453266e+03 	 2.470564e+03 	 2.497548e+03 	 6.408526e+02 	 8.480551e+01 	 3.364653e+01 
7.018800e-01 	 4.816800e+05 	 2.722889e+03 	 2.694867e+03 	 2.681351e+03 	 2.691606e+03 	 2.716059e+03 	 2.747359e+03 	 6.496534e+02 	 1.271233e+02 	 4.748566e+01 
7.025800e-01 	 4.823800e+05 	 2.855993e+03 	 2.811145e+03 	 2.784856e+03 	 2.794944e+03 	 2.812780e+03 	 2.848970e+03 	 6.311902e+02 	 1.293619e+02 	 5.103007e+01 
7.030800e-01 	 4.828800e+05 	 3.172771e+03 	 3.120686e+03 	 3.098021e+03 	 3.111628e+03 	 3.145141e+03 	 3.202530e+03 	 5.523002e+02 	 1.145745e+02 	 5.639537e+01 
7.031400e-01 	 4.829400e+05 	 2.993339e+03 	 2.958291e+03 	 2.935152e+03 	 2.954391e+03 	 2.979403e+03 	 3.026282e+03 	 6.027857e+02 	 1.140493e+02 	 5.072321e+01 
7.032000e-01 	 4.830000e+05 	 2.966289e+03 	 2.919056e+03 	 2.909662e+03 	 2.906653e+03 	 2.953158e+03 	 2.988776e+03 	 6.378135e+02 	 1.113009e+02 	 4.791463e+01 
7.033200e-01 	 4.831200e+05 	 2.913220e+03 	 2.878093e+03 	 2.854961e+03 	 2.871283e+03 	 2.889763e+03 	 2.929633e+03 	 6.094241e+02 	 1.124865e+02 	 4.724230e+01 
7.059800e-01 	 4.857800e+05 	 3.317196e+03 	 3.170292e+03 	 3.096423e+03 	 3.113421e+03 	 3.180570e+03 	 3.280875e+03 	 4.055499e+02 	 1.284847e+02 	 9.213636e+01 
7.060000e-01 	 4.858000e+05 	 3.381541e+03 	 3.296474e+03 	 3.239392e+03 	 3.264663e+03 	 3.300701e+03 	 3.361447e+03 	 4.856506e+02 	 1.188825e+02 	 6.685566e+01 
7.060200e-01 	 4.858200e+05 	 3.144908e+03 	 3.082034e+03 	 3.043312e+03 	 3.054684e+03 	 3.082147e+03 	 3.136058e+03 	 5.670532e+02 	 1.174780e+02 	 5.793530e+01 
7.062000e-01 	 4.860000e+05 	 3.129901e+03 	 3.072234e+03 	 3.030747e+03 	 3.052986e+03 	 3.072861e+03 	 3.129884e+03 	 5.728405e+02 	 1.292267e+02 	 6.230099e+01 
7.066000e-01 	 4.864000e+05 	 3.144745e+03 	 3.052546e+03 	 2.974824e+03 	 2.981308e+03 	 2.997774e+03 	 3.066829e+03 	 5.044096e+02 	 1.366768e+02 	 7.735369e+01 
7.066800e-01 	 4.864800e+05 	 3.049770e+03 	 2.914443e+03 	 2.835288e+03 	 2.833587e+03 	 2.848312e+03 	 2.914801e+03 	 4.652987e+02 	 1.504616e+02 	 8.708161e+01 
7.067000e-01 	 4.865000e+05 	 2.993609e+03 	 2.904831e+03 	 2.835148e+03 	 2.851576e+03 	 2.853028e+03 	 2.905111e+03 	 5.623087e+02 	 1.478953e+02 	 7.557318e+01 
7.067200e-01 	 4.865200e+05 	 2.900416e+03 	 2.823267e+03 	 2.769392e+03 	 2.780393e+03 	 2.792193e+03 	 2.841959e+03 	 6.562317e+02 	 1.553434e+02 	 7.160567e+01 
7.067600e-01 	 4.865600e+05 	 3.015007e+03 	 2.934292e+03 	 2.886135e+03 	 2.881814e+03 	 2.900477e+03 	 2.951194e+03 	 6.058787e+02 	 1.536545e+02 	 7.676846e+01 
7.067800e-01 	 4.865800e+05 	 3.014377e+03 	 2.925330e+03 	 2.860660e+03 	 2.863692e+03 	 2.879835e+03 	 2.937811e+03 	 5.578000e+02 	 1.482822e+02 	 7.895084e+01 
7.068000e-01 	 4.866000e+05 	 2.993246e+03 	 2.885525e+03 	 2.808688e+03 	 2.805669e+03 	 2.817718e+03 	 2.879958e+03 	 5.342469e+02 	 1.518400e+02 	 8.263805e+01 
7.068400e-01 	 4.866400e+05 	 2.925871e+03 	 2.823952e+03 	 2.749466e+03 	 2.748756e+03 	 2.760045e+03 	 2.811858e+03 	 5.345856e+02 	 1.551813e+02 	 8.433724e+01 
7.068600e-01 	 4.866600e+05 	 2.970475e+03 	 2.883093e+03 	 2.818485e+03 	 2.818716e+03 	 2.829256e+03 	 2.886595e+03 	 6.051674e+02 	 1.576748e+02 	 7.810893e+01 
7.068800e-01 	 4.866800e+05 	 2.884704e+03 	 2.803296e+03 	 2.738216e+03 	 2.738363e+03 	 2.745106e+03 	 2.792474e+03 	 6.307020e+02 	 1.638236e+02 	 8.038584e+01 
7.070000e-01 	 4.868000e+05 	 2.910220e+03 	 2.811451e+03 	 2.733674e+03 	 2.728373e+03 	 2.732949e+03 	 2.778770e+03 	 6.098663e+02 	 1.705231e+02 	 8.676181e+01 
7.070800e-01 	 4.868800e+05 	 2.870301e+03 	 2.787507e+03 	 2.718781e+03 	 2.716887e+03 	 2.730358e+03 	 2.769446e+03 	 6.583840e+02 	 1.748788e+02 	 8.874415e+01 
7.071800e-01 	 4.869800e+05 	 2.798610e+03 	 2.700912e+03 	 2.630298e+03 	 2.622993e+03 	 2.617851e+03 	 2.657730e+03 	 6.890697e+02 	 1.842920e+02 	 9.472360e+01 
7.086800e-01 	 4.884800e+05 	 2.994329e+03 	 2.967691e+03 	 2.958773e+03 	 2.971377e+03 	 2.999618e+03 	 3.035472e+03 	 6.642327e+02 	 9.588022e+01 	 4.781452e+01 
7.089600e-01 	 4.887600e+05 	 2.986820e+03 	 2.958297e+03 	 2.953578e+03 	 2.963299e+03 	 2.996905e+03 	 3.034289e+03 	 6.529286e+02 	 8.709312e+01 	 4.220086e+01 
7.092000e-01 	 4.890000e+05 	 2.861558e+03 	 2.844617e+03 	 2.836109e+03 	 2.851593e+03 	 2.876612e+03 	 2.908379e+03 	 6.757052e+02 	 7.454775e+01 	 3.892552e+01 
7.094000e-01 	 4.892000e+05 	 2.838932e+03 	 2.821893e+03 	 2.819292e+03 	 2.832939e+03 	 2.854603e+03 	 2.883362e+03 	 6.771471e+02 	 7.007917e+01 	 3.674483e+01 
7.122000e-01 	 4.920000e+05 	 2.173854e+03 	 2.137937e+03 	 2.112277e+03 	 2.110644e+03 	 2.118688e+03 	 2.141734e+03 	 9.579861e+02 	 2.130431e+02 	 9.650293e+01 
7.152000e-01 	 4.950000e+05 	 2.411903e+03 	 2.397305e+03 	 2.393659e+03 	 2.405000e+03 	 2.420892e+03 	 2.439030e+03 	 7.250418e+02 	 7.755284e+01 	 3.285134e+01 
7.182000e-01 	 4.980000e+05 	 2.329691e+03 	 2.308129e+03 	 2.292598e+03 	 2.300616e+03 	 2.313515e+03 	 2.342954e+03 	 7.846987e+02 	 1.332231e+02 	 4.248446e+01 
7.203200e-01 	 5.001200e+05 	 3.086001e+03 	 2.915096e+03 	 2.778128e+03 	 2.767827e+03 	 2.743008e+03 	 2.808090e+03 	 4.849981e+02 	 1.980652e+02 	 1.258963e+02 
7.203400e-01 	 5.001400e+05 	 3.024759e+03 	 2.916713e+03 	 2.828402e+03 	 2.822396e+03 	 2.810387e+03 	 2.860199e+03 	 6.506161e+02 	 2.075472e+02 	 1.066014e+02 
7.203800e-01 	 5.001800e+05 	 2.778638e+03 	 2.700712e+03 	 2.652006e+03 	 2.645952e+03 	 2.651203e+03 	 2.685755e+03 	 7.772499e+02 	 2.164797e+02 	 1.004433e+02 
7.204000e-01 	 5.002000e+05 	 2.550176e+03 	 2.494052e+03 	 2.453648e+03 	 2.450143e+03 	 2.452133e+03 	 2.479762e+03 	 8.633546e+02 	 2.294326e+02 	 9.822739e+01 
7.204400e-01 	 5.002400e+05 	 2.696209e+03 	 2.628620e+03 	 2.577347e+03 	 2.574048e+03 	 2.571990e+03 	 2.606609e+03 	 8.223757e+02 	 2.335398e+02 	 1.054575e+02 
7.212000e-01 	 5.010000e+05 	 2.267612e+03 	 2.221433e+03 	 2.188513e+03 	 2.184614e+03 	 2.185622e+03 	 2.207101e+03 	 9.455593e+02 	 2.494074e+02 	 1.167757e+02 
7.242000e-01 	 5.040000e+05 	 2.275213e+03 	 2.224116e+03 	 2.182298e+03 	 2.177088e+03 	 2.173195e+03 	 2.193223e+03 	 1.008499e+03 	 2.963657e+02 	 1.747749e+02 
7.272000e-01 	 5.070000e+05 	 2.342143e+03 	 2.309851e+03 	 2.293143e+03 	 2.296884e+03 	 2.308408e+03 	 2.331938e+03 	 8.270711e+02 	 1.682421e+02 	 6.007191e+01 
7.302000e-01 	 5.100000e+05 	 2.399976e+03 	 2.373881e+03 	 2.359489e+03 	 2.365805e+03 	 2.376300e+03 	 2.399939e+03 	 7.955461e+02 	 1.362296e+02 	 4.299527e+01 
7.332000e-01 	 5.130000e+05 	 2.874446e+03 	 2.863561e+03 	 2.860974e+03 	 2.876998e+03 	 2.899485e+03 	 2.925340e+03 	 6.200936e+02 	 6.797419e+01 	 3.327299e+01 
7.362000e-01 	 5.160000e+05 	 2.662825e+03 	 2.636812e+03 	 2.625700e+03 	 2.634439e+03 	 2.652455e+03 	 2.683597e+03 	 7.162567e+02 	 1.080933e+02 	 4.065272e+01 
7.392000e-01 	 5.190000e+05 	 2.387677e+03 	 2.365201e+03 	 2.350330e+03 	 2.359656e+03 	 2.372196e+03 	 2.398664e+03 	 7.676648e+02 	 1.329271e+02 	 4.045951e+01 
7.422000e-01 	 5.220000e+05 	 2.459581e+03 	 2.433545e+03 	 2.420482e+03 	 2.429394e+03 	 2.439803e+03 	 2.465002e+03 	 7.281848e+02 	 1.300400e+02 	 3.874990e+01 
7.440800e-01 	 5.238800e+05 	 2.788432e+03 	 2.761545e+03 	 2.744843e+03 	 2.757177e+03 	 2.775482e+03 	 2.807084e+03 	 6.878142e+02 	 1.252760e+02 	 4.395039e+01 
7.452000e-01 	 5.250000e+05 	 2.789519e+03 	 2.761169e+03 	 2.743070e+03 	 2.753735e+03 	 2.768946e+03 	 2.800443e+03 	 6.882443e+02 	 1.202745e+02 	 4.279716e+01 
7.452400e-01 	 5.250400e+05 	 3.543768e+03 	 3.475791e+03 	 3.443752e+03 	 3.464292e+03 	 3.485976e+03 	 3.539180e+03 	 5.831592e+02 	 1.207152e+02 	 5.521052e+01 
7.453600e-01 	 5.251600e+05 	 3.320290e+03 	 3.272638e+03 	 3.238757e+03 	 3.251343e+03 	 3.278805e+03 	 3.330143e+03 	 6.140970e+02 	 1.271977e+02 	 5.094150e+01 
7.454200e-01 	 5.252200e+05 	 2.959698e+03 	 2.922579e+03 	 2.901703e+03 	 2.912234e+03 	 2.930497e+03 	 2.966726e+03 	 6.674217e+02 	 1.279623e+02 	 4.454971e+01 
7.458600e-01 	 5.256600e+05 	 2.805466e+03 	 2.774726e+03 	 2.755731e+03 	 2.766143e+03 	 2.781566e+03 	 2.814778e+03 	 6.957950e+02 	 1.242379e+02 	 4.466884e+01 
7.482000e-01 	 5.280000e+05 	 2.516860e+03 	 2.491004e+03 	 2.475266e+03 	 2.484431e+03 	 2.495970e+03 	 2.521861e+03 	 7.562436e+02 	 1.316395e+02 	 3.977496e+01 
7.505000e-01 	 5.303000e+05 	 2.743980e+03 	 2.710120e+03 	 2.688654e+03 	 2.695040e+03 	 2.709322e+03 	 2.736900e+03 	 7.314178e+02 	 1.437682e+02 	 4.524991e+01 
7.506200e-01 	 5.304200e+05 	 2.783404e+03 	 2.748912e+03 	 2.726254e+03 	 2.736089e+03 	 2.753441e+03 	 2.787660e+03 	 7.250065e+02 	 1.421263e+02 	 4.566737e+01 
7.511200e-01 	 5.309200e+05 	 2.821677e+03 	 2.779686e+03 	 2.750877e+03 	 2.755454e+03 	 2.769276e+03 	 2.800759e+03 	 7.380015e+02 	 1.578189e+02 	 5.112987e+01 
7.512000e-01 	 5.310000e+05 	 2.808175e+03 	 2.768872e+03 	 2.741043e+03 	 2.746278e+03 	 2.762219e+03 	 2.800544e+03 	 7.397903e+02 	 1.604871e+02 	 5.262012e+01 
7.521200e-01 	 5.319200e+05 	 2.732708e+03 	 2.689645e+03 	 2.654367e+03 	 2.658912e+03 	 2.668858e+03 	 2.701478e+03 	 7.889354e+02 	 1.868254e+02 	 6.367454e+01 
7.529800e-01 	 5.327800e+05 	 2.679185e+03 	 2.635927e+03 	 2.603030e+03 	 2.601440e+03 	 2.608467e+03 	 2.635286e+03 	 8.095440e+02 	 2.060560e+02 	 7.023714e+01 
7.542000e-01 	 5.340000e+05 	 2.664413e+03 	 2.619465e+03 	 2.586498e+03 	 2.590285e+03 	 2.595602e+03 	 2.625255e+03 	 8.010053e+02 	 2.101083e+02 	 6.960072e+01 
7.572000e-01 	 5.370000e+05 	 2.678769e+03 	 2.658012e+03 	 2.647576e+03 	 2.657892e+03 	 2.674397e+03 	 2.702285e+03 	 6.661299e+02 	 1.095227e+02 	 3.708246e+01 
7.602000e-01 	 5.400000e+05 	 2.544606e+03 	 2.528119e+03 	 2.518623e+03 	 2.521124e+03 	 2.543834e+03 	 2.566466e+03 	 6.656410e+02 	 1.094010e+02 	 3.299611e+01 
7.632000e-01 	 5.430000e+05 	 2.546456e+03 	 2.533797e+03 	 2.530187e+03 	 2.538904e+03 	 2.554910e+03 	 2.575510e+03 	 6.138915e+02 	 8.936493e+01 	 3.143177e+01 
7.643600e-01 	 5.441600e+05 	 2.943293e+03 	 2.922406e+03 	 2.915518e+03 	 2.930201e+03 	 2.952103e+03 	 2.978358e+03 	 6.037779e+02 	 8.235192e+01 	 3.408169e+01 
7.644600e-01 	 5.442600e+05 	 3.001901e+03 	 2.984159e+03 	 2.978435e+03 	 2.997386e+03 	 3.021714e+03 	 3.049201e+03 	 5.936916e+02 	 7.962289e+01 	 3.507957e+01 
7.646400e-01 	 5.444400e+05 	 3.054962e+03 	 3.034891e+03 	 3.028919e+03 	 3.045900e+03 	 3.071134e+03 	 3.100714e+03 	 5.889836e+02 	 8.568669e+01 	 3.640135e+01 
7.648400e-01 	 5.446400e+05 	 3.006701e+03 	 2.987909e+03 	 2.979384e+03 	 2.989051e+03 	 3.013794e+03 	 3.038293e+03 	 6.252739e+02 	 1.039136e+02 	 3.460340e+01 
7.650200e-01 	 5.448200e+05 	 2.948541e+03 	 2.930252e+03 	 2.923574e+03 	 2.935678e+03 	 2.955688e+03 	 2.979552e+03 	 5.899125e+02 	 8.396111e+01 	 3.375801e+01 
7.662000e-01 	 5.460000e+05 	 2.819518e+03 	 2.801104e+03 	 2.798754e+03 	 2.811532e+03 	 2.831832e+03 	 2.854748e+03 	 5.860304e+02 	 7.048971e+01 	 3.172233e+01 
7.666800e-01 	 5.464800e+05 	 2.949598e+03 	 2.933701e+03 	 2.927467e+03 	 2.941636e+03 	 2.963239e+03 	 2.989257e+03 	 6.184241e+02 	 1.009828e+02 	 3.266807e+01 
7.670000e-01 	 5.468000e+05 	 3.060546e+03 	 3.044300e+03 	 3.039485e+03 	 3.055624e+03 	 3.077767e+03 	 3.103062e+03 	 5.659285e+02 	 7.321190e+01 	 3.344383e+01 
7.678200e-01 	 5.476200e+05 	 3.141729e+03 	 3.114799e+03 	 3.109756e+03 	 3.133128e+03 	 3.156341e+03 	 3.178675e+03 	 5.886768e+02 	 9.514307e+01 	 3.472307e+01 
7.680000e-01 	 5.478000e+05 	 3.067993e+03 	 3.052759e+03 	 3.046080e+03 	 3.059552e+03 	 3.080920e+03 	 3.108841e+03 	 5.875658e+02 	 8.628526e+01 	 3.395384e+01 
7.683600e-01 	 5.481600e+05 	 2.970092e+03 	 2.958696e+03 	 2.954389e+03 	 2.970456e+03 	 2.992836e+03 	 3.016996e+03 	 5.689591e+02 	 6.934796e+01 	 3.211103e+01 
7.692000e-01 	 5.490000e+05 	 2.767519e+03 	 2.758342e+03 	 2.754955e+03 	 2.767042e+03 	 2.789927e+03 	 2.810881e+03 	 5.824714e+02 	 7.259703e+01 	 3.021396e+01 
7.715600e-01 	 5.513600e+05 	 3.011673e+03 	 2.992839e+03 	 2.985419e+03 	 2.994889e+03 	 3.016041e+03 	 3.041067e+03 	 6.208699e+02 	 1.012138e+02 	 3.396136e+01 
7.715800e-01 	 5.513800e+05 	 3.409695e+03 	 3.388366e+03 	 3.378625e+03 	 3.394458e+03 	 3.426477e+03 	 3.459282e+03 	 5.488488e+02 	 7.135247e+01 	 3.861858e+01 
7.716200e-01 	 5.514200e+05 	 2.700739e+03 	 2.687483e+03 	 2.683926e+03 	 2.695236e+03 	 2.714894e+03 	 2.737793e+03 	 6.018448e+02 	 7.498464e+01 	 3.085339e+01 
7.716800e-01 	 5.514800e+05 	 2.996491e+03 	 2.982081e+03 	 2.978402e+03 	 2.993226e+03 	 3.015950e+03 	 3.043286e+03 	 5.992218e+02 	 8.992978e+01 	 3.411672e+01 
7.717000e-01 	 5.515000e+05 	 2.541711e+03 	 2.530783e+03 	 2.528618e+03 	 2.539567e+03 	 2.557199e+03 	 2.578427e+03 	 5.981023e+02 	 7.395615e+01 	 2.875018e+01 
7.717400e-01 	 5.515400e+05 	 2.712749e+03 	 2.698032e+03 	 2.695259e+03 	 2.708371e+03 	 2.729094e+03 	 2.751421e+03 	 6.030435e+02 	 7.119085e+01 	 3.094839e+01 
7.718000e-01 	 5.516000e+05 	 2.929802e+03 	 2.909960e+03 	 2.903360e+03 	 2.915358e+03 	 2.935696e+03 	 2.962568e+03 	 6.323095e+02 	 1.063863e+02 	 3.344390e+01 
7.719600e-01 	 5.517600e+05 	 2.941636e+03 	 2.923915e+03 	 2.915304e+03 	 2.929493e+03 	 2.948690e+03 	 2.977354e+03 	 6.027196e+02 	 8.419007e+01 	 3.410411e+01 
7.719800e-01 	 5.517800e+05 	 3.003354e+03 	 2.983128e+03 	 2.974628e+03 	 2.984492e+03 	 3.006845e+03 	 3.032275e+03 	 5.931094e+02 	 8.556089e+01 	 3.527569e+01 
7.720000e-01 	 5.518000e+05 	 3.005451e+03 	 2.988488e+03 	 2.977919e+03 	 2.991340e+03 	 3.013643e+03 	 3.042028e+03 	 5.932447e+02 	 8.771239e+01 	 3.504360e+01 
7.720200e-01 	 5.518200e+05 	 3.001667e+03 	 2.980916e+03 	 2.969607e+03 	 2.985161e+03 	 3.005866e+03 	 3.034008e+03 	 5.966806e+02 	 8.364101e+01 	 3.493962e+01 
7.720400e-01 	 5.518400e+05 	 2.933331e+03 	 2.915291e+03 	 2.906573e+03 	 2.918639e+03 	 2.938871e+03 	 2.965681e+03 	 5.996926e+02 	 8.590074e+01 	 3.433285e+01 
7.721800e-01 	 5.519800e+05 	 3.065354e+03 	 3.046566e+03 	 3.040114e+03 	 3.052493e+03 	 3.075397e+03 	 3.104628e+03 	 5.950021e+02 	 8.411006e+01 	 3.704609e+01 
7.722000e-01 	 5.520000e+05 	 3.476681e+03 	 3.450406e+03 	 3.439131e+03 	 3.458985e+03 	 3.490283e+03 	 3.528668e+03 	 5.694840e+02 	 8.108354e+01 	 4.134807e+01 
7.722800e-01 	 5.520800e+05 	 4.071170e+03 	 4.023895e+03 	 3.995015e+03 	 4.015862e+03 	 4.059119e+03 	 4.117264e+03 	 4.931549e+02 	 8.406956e+01 	 4.972381e+01 
7.723400e-01 	 5.521400e+05 	 3.427699e+03 	 3.398480e+03 	 3.385007e+03 	 3.403255e+03 	 3.432583e+03 	 3.466761e+03 	 5.731827e+02 	 8.246448e+01 	 4.097145e+01 
7.736200e-01 	 5.534200e+05 	 3.323106e+03 	 3.293715e+03 	 3.281676e+03 	 3.295951e+03 	 3.322134e+03 	 3.360552e+03 	 5.912287e+02 	 8.839642e+01 	 4.061129e+01 
7.752000e-01 	 5.550000e+05 	 3.237916e+03 	 3.202047e+03 	 3.188571e+03 	 3.199371e+03 	 3.222315e+03 	 3.257058e+03 	 6.392285e+02 	 1.201243e+02 	 4.093434e+01 
7.769000e-01 	 5.567000e+05 	 2.874683e+03 	 2.851329e+03 	 2.838495e+03 	 2.849371e+03 	 2.867376e+03 	 2.897041e+03 	 6.637528e+02 	 1.081181e+02 	 3.804939e+01 
7.770400e-01 	 5.568400e+05 	 2.861146e+03 	 2.837314e+03 	 2.825103e+03 	 2.835791e+03 	 2.853574e+03 	 2.882981e+03 	 6.578438e+02 	 1.069981e+02 	 3.828461e+01 
7.771000e-01 	 5.569000e+05 	 3.196649e+03 	 3.164178e+03 	 3.146640e+03 	 3.154091e+03 	 3.174964e+03 	 3.214615e+03 	 6.442577e+02 	 1.118984e+02 	 4.307100e+01 
7.771600e-01 	 5.569600e+05 	 3.033085e+03 	 3.003198e+03 	 2.984430e+03 	 2.993679e+03 	 3.012462e+03 	 3.042918e+03 	 6.662406e+02 	 1.267223e+02 	 4.081280e+01 
7.774000e-01 	 5.572000e+05 	 2.933764e+03 	 2.906646e+03 	 2.887699e+03 	 2.901903e+03 	 2.918361e+03 	 2.953124e+03 	 6.654128e+02 	 1.235420e+02 	 3.956906e+01 
7.774200e-01 	 5.572200e+05 	 2.874377e+03 	 2.850680e+03 	 2.838147e+03 	 2.849249e+03 	 2.866544e+03 	 2.898347e+03 	 6.654069e+02 	 1.151777e+02 	 3.814292e+01 
7.782000e-01 	 5.580000e+05 	 2.764897e+03 	 2.742336e+03 	 2.727268e+03 	 2.738197e+03 	 2.754606e+03 	 2.779309e+03 	 6.836352e+02 	 1.209123e+02 	 3.773614e+01 
7.785000e-01 	 5.583000e+05 	 2.835105e+03 	 2.806540e+03 	 2.792986e+03 	 2.800203e+03 	 2.815173e+03 	 2.843567e+03 	 6.895739e+02 	 1.278613e+02 	 3.860105e+01 
7.786000e-01 	 5.584000e+05 	 2.868919e+03 	 2.843862e+03 	 2.826253e+03 	 2.832376e+03 	 2.850187e+03 	 2.878354e+03 	 7.117948e+02 	 1.566921e+02 	 3.974576e+01 
7.790200e-01 	 5.588200e+05 	 2.837278e+03 	 2.810637e+03 	 2.795202e+03 	 2.805333e+03 	 2.822222e+03 	 2.851161e+03 	 7.071952e+02 	 1.432400e+02 	 3.996399e+01 
7.794200e-01 	 5.592200e+05 	 2.822647e+03 	 2.791458e+03 	 2.776467e+03 	 2.785221e+03 	 2.798303e+03 	 2.824683e+03 	 7.337243e+02 	 1.608583e+02 	 4.010180e+01 
7.795200e-01 	 5.593200e+05 	 2.822298e+03 	 2.791427e+03 	 2.778906e+03 	 2.786171e+03 	 2.802731e+03 	 2.831405e+03 	 7.038259e+02 	 1.463675e+02 	 4.171112e+01 
7.812000e-01 	 5.610000e+05 	 2.737838e+03 	 2.710421e+03 	 2.695505e+03 	 2.704081e+03 	 2.717755e+03 	 2.743236e+03 	 7.069492e+02 	 1.337305e+02 	 3.827883e+01 
7.833600e-01 	 5.631600e+05 	 2.838137e+03 	 2.811305e+03 	 2.788946e+03 	 2.803000e+03 	 2.815870e+03 	 2.842737e+03 	 6.828315e+02 	 1.221247e+02 	 3.809850e+01 
7.836200e-01 	 5.634200e+05 	 2.847426e+03 	 2.818748e+03 	 2.804483e+03 	 2.811821e+03 	 2.827424e+03 	 2.853978e+03 	 6.567989e+02 	 1.201387e+02 	 3.851725e+01 
7.836600e-01 	 5.634600e+05 	 2.869437e+03 	 2.845595e+03 	 2.831988e+03 	 2.840844e+03 	 2.858597e+03 	 2.888161e+03 	 6.703347e+02 	 1.222557e+02 	 3.814278e+01 
7.837000e-01 	 5.635000e+05 	 2.866521e+03 	 2.840509e+03 	 2.830102e+03 	 2.837348e+03 	 2.854858e+03 	 2.882253e+03 	 6.694702e+02 	 1.229755e+02 	 3.831077e+01 
7.839800e-01 	 5.637800e+05 	 2.862389e+03 	 2.838981e+03 	 2.826533e+03 	 2.836089e+03 	 2.852527e+03 	 2.880224e+03 	 6.735802e+02 	 1.185690e+02 	 3.836516e+01 
7.842000e-01 	 5.640000e+05 	 2.846272e+03 	 2.823174e+03 	 2.808956e+03 	 2.820990e+03 	 2.837841e+03 	 2.865065e+03 	 6.697447e+02 	 1.110072e+02 	 3.779772e+01 
7.872000e-01 	 5.670000e+05 	 2.730253e+03 	 2.710946e+03 	 2.701981e+03 	 2.712233e+03 	 2.729188e+03 	 2.756240e+03 	 6.580450e+02 	 9.171543e+01 	 3.433023e+01 
7.902000e-01 	 5.700000e+05 	 2.784417e+03 	 2.759759e+03 	 2.750470e+03 	 2.758187e+03 	 2.774541e+03 	 2.800760e+03 	 6.650138e+02 	 8.938676e+01 	 3.357000e+01 
7.904000e-01 	 5.702000e+05 	 2.835377e+03 	 2.809784e+03 	 2.800116e+03 	 2.808297e+03 	 2.828180e+03 	 2.853148e+03 	 6.648824e+02 	 9.069957e+01 	 3.475131e+01 
7.904600e-01 	 5.702600e+05 	 2.845370e+03 	 2.824697e+03 	 2.812216e+03 	 2.821776e+03 	 2.838973e+03 	 2.863460e+03 	 6.592076e+02 	 9.062332e+01 	 3.490134e+01 
7.908200e-01 	 5.706200e+05 	 2.874042e+03 	 2.846741e+03 	 2.835586e+03 	 2.844148e+03 	 2.862324e+03 	 2.887255e+03 	 6.621596e+02 	 8.939880e+01 	 3.519918e+01 
7.911400e-01 	 5.709400e+05 	 2.833940e+03 	 2.812687e+03 	 2.802173e+03 	 2.812436e+03 	 2.825913e+03 	 2.855421e+03 	 6.626108e+02 	 8.990357e+01 	 3.454021e+01 
7.912800e-01 	 5.710800e+05 	 2.826852e+03 	 2.801129e+03 	 2.789230e+03 	 2.797929e+03 	 2.813870e+03 	 2.840910e+03 	 6.650862e+02 	 8.765637e+01 	 3.417868e+01 
7.932000e-01 	 5.730000e+05 	 2.689093e+03 	 2.668775e+03 	 2.659871e+03 	 2.669514e+03 	 2.687011e+03 	 2.711055e+03 	 6.724490e+02 	 7.681570e+01 	 3.308782e+01 
7.962000e-01 	 5.760000e+05 	 2.600124e+03 	 2.583278e+03 	 2.575317e+03 	 2.586168e+03 	 2.603344e+03 	 2.624313e+03 	 6.617524e+02 	 7.863193e+01 	 3.035293e+01 
7.992000e-01 	 5.790000e+05 	 2.543817e+03 	 2.524706e+03 	 2.516082e+03 	 2.524288e+03 	 2.538480e+03 	 2.559942e+03 	 6.689769e+02 	 9.313785e+01 	 3.090255e+01 
8.022000e-01 	 5.820000e+05 	 2.535610e+03 	 2.518007e+03 	 2.506663e+03 	 2.516966e+03 	 2.530472e+03 	 2.551722e+03 	 6.645920e+02 	 9.827975e+01 	 3.256964e+01 
8.052000e-01 	 5.850000e+05 	 2.585620e+03 	 2.567285e+03 	 2.562779e+03 	 2.571766e+03 	 2.590500e+03 	 2.610269e+03 	 6.462697e+02 	 9.532274e+01 	 3.049537e+01 
8.082000e-01 	 5.880000e+05 	 2.541659e+03 	 2.523405e+03 	 2.515914e+03 	 2.518375e+03 	 2.529167e+03 	 2.549903e+03 	 6.740341e+02 	 1.166504e+02 	 3.275525e+01 
8.112000e-01 	 5.910000e+05 	 2.561506e+03 	 2.544817e+03 	 2.534107e+03 	 2.544268e+03 	 2.556526e+03 	 2.579231e+03 	 6.498963e+02 	 9.729706e+01 	 3.067794e+01 
8.132000e-01 	 5.930000e+05 	 2.868155e+03 	 2.849163e+03 	 2.843679e+03 	 2.855640e+03 	 2.873216e+03 	 2.895043e+03 	 6.070689e+02 	 7.181242e+01 	 3.226138e+01 
8.136800e-01 	 5.934800e+05 	 2.953468e+03 	 2.933134e+03 	 2.926159e+03 	 2.937897e+03 	 2.957455e+03 	 2.983074e+03 	 6.062514e+02 	 8.120048e+01 	 3.299828e+01 
8.142000e-01 	 5.940000e+05 	 3.015679e+03 	 2.997099e+03 	 2.989119e+03 	 3.001068e+03 	 3.020932e+03 	 3.045261e+03 	 6.120311e+02 	 8.457085e+01 	 3.358740e+01 
8.148800e-01 	 5.946800e+05 	 3.018734e+03 	 3.000751e+03 	 2.993246e+03 	 3.007668e+03 	 3.028341e+03 	 3.056735e+03 	 6.114348e+02 	 8.528509e+01 	 3.302319e+01 
8.162000e-01 	 5.960000e+05 	 2.964550e+03 	 2.946575e+03 	 2.941390e+03 	 2.947100e+03 	 2.968964e+03 	 2.991085e+03 	 6.171884e+02 	 9.472240e+01 	 3.256225e+01 
8.167600e-01 	 5.965600e+05 	 2.867409e+03 	 2.851438e+03 	 2.848759e+03 	 2.857974e+03 	 2.879367e+03 	 2.904018e+03 	 6.096722e+02 	 7.672402e+01 	 3.161977e+01 
8.172000e-01 	 5.970000e+05 	 2.795868e+03 	 2.780074e+03 	 2.772897e+03 	 2.784884e+03 	 2.803396e+03 	 2.822837e+03 	 6.327866e+02 	 8.637297e+01 	 3.108870e+01 
8.202000e-01 	 6.000000e+05 	 2.621328e+03 	 2.605221e+03 	 2.597171e+03 	 2.604912e+03 	 2.611754e+03 	 2.638883e+03 	 6.481045e+02 	 7.764996e+01 	 3.134552e+01 
8.231400e-01 	 6.029400e+05 	 2.780860e+03 	 2.752936e+03 	 2.735234e+03 	 2.742607e+03 	 2.753025e+03 	 2.779619e+03 	 6.878878e+02 	 1.093350e+02 	 3.597229e+01 
8.232000e-01 	 6.030000e+05 	 2.791211e+03 	 2.763912e+03 	 2.746380e+03 	 2.753279e+03 	 2.766631e+03 	 2.792166e+03 	 6.829480e+02 	 1.087001e+02 	 3.575715e+01 
8.232200e-01 	 6.030200e+05 	 2.798347e+03 	 2.771928e+03 	 2.754055e+03 	 2.760875e+03 	 2.774054e+03 	 2.798552e+03 	 6.873722e+02 	 1.086036e+02 	 3.574962e+01 
8.232800e-01 	 6.030800e+05 	 2.803337e+03 	 2.776003e+03 	 2.759626e+03 	 2.766087e+03 	 2.778576e+03 	 2.803555e+03 	 6.891251e+02 	 1.106381e+02 	 3.594502e+01 
8.233200e-01 	 6.031200e+05 	 2.796699e+03 	 2.768712e+03 	 2.752590e+03 	 2.757710e+03 	 2.771243e+03 	 2.796916e+03 	 6.877884e+02 	 1.097281e+02 	 3.597004e+01 
8.233600e-01 	 6.031600e+05 	 2.783939e+03 	 2.757335e+03 	 2.738488e+03 	 2.748842e+03 	 2.761382e+03 	 2.785951e+03 	 6.827298e+02 	 1.088556e+02 	 3.551432e+01 
8.262000e-01 	 6.060000e+05 	 2.621033e+03 	 2.602527e+03 	 2.591126e+03 	 2.600881e+03 	 2.616819e+03 	 2.641077e+03 	 6.590918e+02 	 9.367565e+01 	 3.144094e+01 
8.292000e-01 	 6.090000e+05 	 2.552021e+03 	 2.529461e+03 	 2.513914e+03 	 2.518061e+03 	 2.530899e+03 	 2.554107e+03 	 7.096550e+02 	 1.150015e+02 	 3.447934e+01 
8.322000e-01 	 6.120000e+05 	 2.593978e+03 	 2.578308e+03 	 2.561715e+03 	 2.571896e+03 	 2.579758e+03 	 2.604012e+03 	 6.688709e+02 	 9.747989e+01 	 3.257505e+01 
8.352000e-01 	 6.150000e+05 	 2.676023e+03 	 2.652496e+03 	 2.638797e+03 	 2.645148e+03 	 2.656079e+03 	 2.677092e+03 	 6.752419e+02 	 1.172421e+02 	 3.432729e+01 
8.382000e-01 	 6.180000e+05 	 2.609790e+03 	 2.592110e+03 	 2.577240e+03 	 2.584866e+03 	 2.599162e+03 	 2.619861e+03 	 6.744477e+02 	 1.246844e+02 	 3.574058e+01 
8.412000e-01 	 6.210000e+05 	 2.553722e+03 	 2.530350e+03 	 2.509809e+03 	 2.514168e+03 	 2.521256e+03 	 2.541128e+03 	 7.449767e+02 	 1.696362e+02 	 4.394796e+01 
8.442000e-01 	 6.240000e+05 	 2.735965e+03 	 2.706171e+03 	 2.683923e+03 	 2.685232e+03 	 2.691834e+03 	 2.717735e+03 	 7.425327e+02 	 1.693623e+02 	 4.275033e+01 
8.446600e-01 	 6.244600e+05 	 2.745990e+03 	 2.714235e+03 	 2.691923e+03 	 2.696022e+03 	 2.702043e+03 	 2.725998e+03 	 7.333016e+02 	 1.659754e+02 	 4.259074e+01 
8.471400e-01 	 6.269400e+05 	 2.964185e+03 	 2.931638e+03 	 2.908871e+03 	 2.912355e+03 	 2.920768e+03 	 2.946557e+03 	 6.809628e+02 	 1.308620e+02 	 3.811636e+01 
8.472000e-01 	 6.270000e+05 	 2.961878e+03 	 2.931465e+03 	 2.908925e+03 	 2.915125e+03 	 2.923858e+03 	 2.950701e+03 	 6.714001e+02 	 1.249060e+02 	 3.772093e+01 
8.487800e-01 	 6.285800e+05 	 3.083571e+03 	 3.047346e+03 	 3.023735e+03 	 3.025998e+03 	 3.037877e+03 	 3.066041e+03 	 6.913917e+02 	 1.320832e+02 	 4.321047e+01 
8.502000e-01 	 6.300000e+05 	 2.915328e+03 	 2.880545e+03 	 2.855753e+03 	 2.859988e+03 	 2.867343e+03 	 2.895583e+03 	 7.306776e+02 	 1.713709e+02 	 4.550183e+01 
8.502400e-01 	 6.300400e+05 	 2.882610e+03 	 2.847620e+03 	 2.819456e+03 	 2.821310e+03 	 2.825291e+03 	 2.849952e+03 	 7.847292e+02 	 2.119782e+02 	 4.300773e+01 
8.515600e-01 	 6.313600e+05 	 2.759111e+03 	 2.734109e+03 	 2.709643e+03 	 2.723019e+03 	 2.727552e+03 	 2.758092e+03 	 6.873864e+02 	 1.153209e+02 	 3.550871e+01 
8.585000e-01 	 6.383000e+05 	 2.499679e+03 	 2.483121e+03 	 2.469775e+03 	 2.476232e+03 	 2.488852e+03 	 2.507691e+03 	 6.584558e+02 	 8.201270e+01 	 2.921042e+01 
