Time (Myr) 	 Time-t0 (yr) 	 5deg T_bol (K) 	 15 	 25 	 35 	 45 	 55 	 65 	 75 	 85 
7.164000e-02 	 3.997000e+02 	 1.514964e+01 	 1.514981e+01 	 1.514972e+01 	 1.514952e+01 	 1.514956e+01 	 1.514960e+01 	 1.514948e+01 	 1.514956e+01 	 1.514944e+01 
7.204000e-02 	 7.998000e+02 	 1.514985e+01 	 1.515007e+01 	 1.515011e+01 	 1.515000e+01 	 1.514995e+01 	 1.514995e+01 	 1.514994e+01 	 1.515001e+01 	 1.515012e+01 
7.244000e-02 	 1.199700e+03 	 1.515920e+01 	 1.515937e+01 	 1.515925e+01 	 1.515919e+01 	 1.515924e+01 	 1.515928e+01 	 1.515922e+01 	 1.515930e+01 	 1.515942e+01 
7.284000e-02 	 1.599800e+03 	 1.526784e+01 	 1.526791e+01 	 1.526790e+01 	 1.526784e+01 	 1.526789e+01 	 1.526791e+01 	 1.526787e+01 	 1.526783e+01 	 1.526791e+01 
7.324000e-02 	 1.999700e+03 	 1.541154e+01 	 1.541170e+01 	 1.541180e+01 	 1.541179e+01 	 1.541177e+01 	 1.541185e+01 	 1.541170e+01 	 1.541174e+01 	 1.541186e+01 
7.364000e-02 	 2.399700e+03 	 1.555840e+01 	 1.555863e+01 	 1.555859e+01 	 1.555847e+01 	 1.555851e+01 	 1.555855e+01 	 1.555850e+01 	 1.555840e+01 	 1.555866e+01 
7.404000e-02 	 2.799800e+03 	 1.571462e+01 	 1.571489e+01 	 1.571493e+01 	 1.571484e+01 	 1.571490e+01 	 1.571494e+01 	 1.571482e+01 	 1.571468e+01 	 1.571497e+01 
7.444000e-02 	 3.199800e+03 	 1.587417e+01 	 1.587436e+01 	 1.587435e+01 	 1.587436e+01 	 1.587440e+01 	 1.587446e+01 	 1.587452e+01 	 1.587429e+01 	 1.587453e+01 
7.484000e-02 	 3.599700e+03 	 1.603813e+01 	 1.603839e+01 	 1.603848e+01 	 1.603830e+01 	 1.603827e+01 	 1.603831e+01 	 1.603831e+01 	 1.603804e+01 	 1.603838e+01 
7.524000e-02 	 3.999800e+03 	 1.616556e+01 	 1.616600e+01 	 1.616590e+01 	 1.616587e+01 	 1.616578e+01 	 1.616581e+01 	 1.616585e+01 	 1.616549e+01 	 1.616587e+01 
7.564000e-02 	 4.399700e+03 	 1.626929e+01 	 1.626986e+01 	 1.627001e+01 	 1.626990e+01 	 1.626968e+01 	 1.626981e+01 	 1.626975e+01 	 1.626951e+01 	 1.626981e+01 
7.604000e-02 	 4.799700e+03 	 1.637415e+01 	 1.637413e+01 	 1.637423e+01 	 1.637412e+01 	 1.637415e+01 	 1.637421e+01 	 1.637399e+01 	 1.637393e+01 	 1.637399e+01 
7.644000e-02 	 5.199700e+03 	 1.648004e+01 	 1.648044e+01 	 1.648050e+01 	 1.648039e+01 	 1.648032e+01 	 1.648042e+01 	 1.648003e+01 	 1.648022e+01 	 1.648039e+01 
7.684000e-02 	 5.599700e+03 	 1.659032e+01 	 1.659087e+01 	 1.659094e+01 	 1.659091e+01 	 1.659075e+01 	 1.659084e+01 	 1.659028e+01 	 1.659028e+01 	 1.659088e+01 
7.724000e-02 	 5.999700e+03 	 1.670758e+01 	 1.670837e+01 	 1.670834e+01 	 1.670819e+01 	 1.670808e+01 	 1.670795e+01 	 1.670759e+01 	 1.670744e+01 	 1.670792e+01 
7.764000e-02 	 6.399800e+03 	 1.499887e+01 	 1.499888e+01 	 1.499887e+01 	 1.499883e+01 	 1.499885e+01 	 1.499887e+01 	 1.499885e+01 	 1.499883e+01 	 1.499879e+01 
7.804000e-02 	 6.799700e+03 	 1.500166e+01 	 1.500163e+01 	 1.500157e+01 	 1.500152e+01 	 1.500158e+01 	 1.500164e+01 	 1.500163e+01 	 1.500160e+01 	 1.500153e+01 
7.844000e-02 	 7.199800e+03 	 1.544144e+01 	 1.544701e+01 	 1.545214e+01 	 1.545633e+01 	 1.545981e+01 	 1.546225e+01 	 1.546301e+01 	 1.545933e+01 	 1.506194e+01 
7.884000e-02 	 7.599700e+03 	 1.702220e+01 	 1.704646e+01 	 1.706767e+01 	 1.708619e+01 	 1.710058e+01 	 1.711086e+01 	 1.711395e+01 	 1.707275e+01 	 1.544824e+01 
7.924000e-02 	 7.999700e+03 	 1.697738e+01 	 1.700178e+01 	 1.702308e+01 	 1.704100e+01 	 1.705484e+01 	 1.706451e+01 	 1.706707e+01 	 1.698166e+01 	 1.531607e+01 
7.964000e-02 	 8.399800e+03 	 1.611903e+01 	 1.613285e+01 	 1.614474e+01 	 1.615442e+01 	 1.616159e+01 	 1.616642e+01 	 1.616741e+01 	 1.608782e+01 	 1.509674e+01 
8.004000e-02 	 8.799700e+03 	 1.671170e+01 	 1.673308e+01 	 1.675110e+01 	 1.676606e+01 	 1.677704e+01 	 1.678437e+01 	 1.678570e+01 	 1.659840e+01 	 1.515485e+01 
8.044000e-02 	 9.199700e+03 	 1.691791e+01 	 1.694120e+01 	 1.696078e+01 	 1.697701e+01 	 1.698884e+01 	 1.699649e+01 	 1.699743e+01 	 1.672000e+01 	 1.515548e+01 
8.084000e-02 	 9.599700e+03 	 1.540420e+01 	 1.540868e+01 	 1.541250e+01 	 1.541552e+01 	 1.541782e+01 	 1.541949e+01 	 1.542007e+01 	 1.536726e+01 	 1.503461e+01 
8.124000e-02 	 9.999700e+03 	 1.632008e+01 	 1.633557e+01 	 1.634826e+01 	 1.635857e+01 	 1.636587e+01 	 1.637043e+01 	 1.637065e+01 	 1.611138e+01 	 1.507545e+01 
8.164000e-02 	 1.039970e+04 	 1.661197e+01 	 1.663080e+01 	 1.664598e+01 	 1.665836e+01 	 1.666697e+01 	 1.667234e+01 	 1.667230e+01 	 1.631504e+01 	 1.508739e+01 
8.204000e-02 	 1.079970e+04 	 1.657895e+01 	 1.659731e+01 	 1.661243e+01 	 1.662443e+01 	 1.663302e+01 	 1.663829e+01 	 1.663830e+01 	 1.623645e+01 	 1.508588e+01 
8.244000e-02 	 1.119970e+04 	 1.678072e+01 	 1.680048e+01 	 1.681705e+01 	 1.682987e+01 	 1.683898e+01 	 1.684439e+01 	 1.684386e+01 	 1.635170e+01 	 1.508875e+01 
8.284000e-02 	 1.159970e+04 	 1.798929e+01 	 1.802271e+01 	 1.805072e+01 	 1.807319e+01 	 1.808972e+01 	 1.809948e+01 	 1.809885e+01 	 1.709315e+01 	 1.515854e+01 
8.324000e-02 	 1.199980e+04 	 1.709163e+01 	 1.711464e+01 	 1.713387e+01 	 1.714916e+01 	 1.716037e+01 	 1.716662e+01 	 1.716564e+01 	 1.645304e+01 	 1.509866e+01 
8.364000e-02 	 1.239970e+04 	 1.694899e+01 	 1.696992e+01 	 1.698735e+01 	 1.700153e+01 	 1.701194e+01 	 1.701744e+01 	 1.701623e+01 	 1.632027e+01 	 1.508924e+01 
8.404000e-02 	 1.279970e+04 	 1.651658e+01 	 1.653193e+01 	 1.654555e+01 	 1.655611e+01 	 1.656410e+01 	 1.656805e+01 	 1.656746e+01 	 1.602260e+01 	 1.507969e+01 
8.444000e-02 	 1.319980e+04 	 1.706441e+01 	 1.708443e+01 	 1.710294e+01 	 1.711786e+01 	 1.712825e+01 	 1.713292e+01 	 1.713206e+01 	 1.631121e+01 	 1.509280e+01 
8.484000e-02 	 1.359970e+04 	 1.743111e+01 	 1.745427e+01 	 1.747684e+01 	 1.749383e+01 	 1.750549e+01 	 1.751090e+01 	 1.750957e+01 	 1.647684e+01 	 1.511043e+01 
8.524000e-02 	 1.399970e+04 	 2.105115e+01 	 2.111455e+01 	 2.117464e+01 	 2.121896e+01 	 2.125103e+01 	 2.127029e+01 	 2.127364e+01 	 1.833299e+01 	 1.534264e+01 
8.564000e-02 	 1.439970e+04 	 1.746408e+01 	 1.749191e+01 	 1.751440e+01 	 1.753232e+01 	 1.754428e+01 	 1.755176e+01 	 1.755187e+01 	 1.648397e+01 	 1.511948e+01 
8.604000e-02 	 1.479970e+04 	 1.777699e+01 	 1.781053e+01 	 1.783528e+01 	 1.785555e+01 	 1.787093e+01 	 1.788021e+01 	 1.788066e+01 	 1.661273e+01 	 1.513500e+01 
8.644000e-02 	 1.519970e+04 	 1.686688e+01 	 1.688796e+01 	 1.690577e+01 	 1.691975e+01 	 1.693023e+01 	 1.693650e+01 	 1.693735e+01 	 1.614382e+01 	 1.511598e+01 
8.684000e-02 	 1.559970e+04 	 1.679070e+01 	 1.681044e+01 	 1.682806e+01 	 1.684239e+01 	 1.685227e+01 	 1.685783e+01 	 1.685805e+01 	 1.608067e+01 	 1.511543e+01 
8.724000e-02 	 1.599970e+04 	 1.802353e+01 	 1.806166e+01 	 1.809218e+01 	 1.811641e+01 	 1.813471e+01 	 1.814552e+01 	 1.814766e+01 	 1.673089e+01 	 1.517117e+01 
8.764000e-02 	 1.639970e+04 	 1.685412e+01 	 1.687637e+01 	 1.689404e+01 	 1.691019e+01 	 1.692130e+01 	 1.692864e+01 	 1.692941e+01 	 1.611212e+01 	 1.512580e+01 
8.804000e-02 	 1.679970e+04 	 2.000903e+01 	 2.007340e+01 	 2.012478e+01 	 2.016695e+01 	 2.019755e+01 	 2.021880e+01 	 2.022496e+01 	 1.760462e+01 	 1.529634e+01 
8.844000e-02 	 1.719970e+04 	 1.688071e+01 	 1.690258e+01 	 1.692123e+01 	 1.693573e+01 	 1.694612e+01 	 1.695234e+01 	 1.695364e+01 	 1.606982e+01 	 1.513440e+01 
8.884000e-02 	 1.759980e+04 	 2.103042e+01 	 2.110067e+01 	 2.116383e+01 	 2.121398e+01 	 2.125063e+01 	 2.127764e+01 	 2.128300e+01 	 1.789304e+01 	 1.536125e+01 
8.924000e-02 	 1.799970e+04 	 1.853087e+01 	 1.856982e+01 	 1.860434e+01 	 1.863207e+01 	 1.865222e+01 	 1.866367e+01 	 1.866536e+01 	 1.675384e+01 	 1.519024e+01 
8.964000e-02 	 1.839970e+04 	 1.782233e+01 	 1.785270e+01 	 1.788133e+01 	 1.790222e+01 	 1.791809e+01 	 1.792765e+01 	 1.792863e+01 	 1.640132e+01 	 1.517046e+01 
9.004000e-02 	 1.879970e+04 	 1.811520e+01 	 1.814986e+01 	 1.818113e+01 	 1.820383e+01 	 1.822170e+01 	 1.823231e+01 	 1.823339e+01 	 1.640181e+01 	 1.517949e+01 
9.044000e-02 	 1.919970e+04 	 2.030699e+01 	 2.036809e+01 	 2.041669e+01 	 2.045574e+01 	 2.048318e+01 	 2.050179e+01 	 2.050385e+01 	 1.710749e+01 	 1.526843e+01 
9.084000e-02 	 1.959980e+04 	 2.132583e+01 	 2.139335e+01 	 2.144860e+01 	 2.149383e+01 	 2.152738e+01 	 2.154564e+01 	 2.154799e+01 	 1.726005e+01 	 1.531903e+01 
9.124000e-02 	 1.999970e+04 	 2.182281e+01 	 2.190286e+01 	 2.195748e+01 	 2.200429e+01 	 2.203797e+01 	 2.205859e+01 	 2.205943e+01 	 1.711111e+01 	 1.534094e+01 
9.164000e-02 	 2.039970e+04 	 2.265662e+01 	 2.272589e+01 	 2.278793e+01 	 2.283641e+01 	 2.287026e+01 	 2.289399e+01 	 2.288983e+01 	 1.716809e+01 	 1.538791e+01 
9.190000e-02 	 2.065970e+04 	 5.496222e+01 	 5.519761e+01 	 5.542234e+01 	 5.563528e+01 	 5.585348e+01 	 5.607580e+01 	 5.625084e+01 	 2.873703e+01 	 2.494824e+01 
9.204000e-02 	 2.079970e+04 	 2.140455e+01 	 2.146058e+01 	 2.151171e+01 	 2.154840e+01 	 2.157791e+01 	 2.158996e+01 	 2.158256e+01 	 1.672835e+01 	 1.530472e+01 
9.244000e-02 	 2.119970e+04 	 2.352512e+01 	 2.359054e+01 	 2.364468e+01 	 2.368535e+01 	 2.371083e+01 	 2.372573e+01 	 2.371370e+01 	 1.699697e+01 	 1.543041e+01 
9.284000e-02 	 2.159970e+04 	 2.947644e+01 	 2.957832e+01 	 2.966159e+01 	 2.972997e+01 	 2.978155e+01 	 2.981089e+01 	 2.979274e+01 	 1.795120e+01 	 1.603996e+01 
9.324000e-02 	 2.199970e+04 	 2.164288e+01 	 2.168317e+01 	 2.172270e+01 	 2.174679e+01 	 2.176449e+01 	 2.177054e+01 	 2.174933e+01 	 1.634383e+01 	 1.534080e+01 
9.364000e-02 	 2.239970e+04 	 2.796074e+01 	 2.802816e+01 	 2.808074e+01 	 2.813380e+01 	 2.815377e+01 	 2.816936e+01 	 2.814318e+01 	 1.722995e+01 	 1.590452e+01 
9.404000e-02 	 2.279970e+04 	 5.043931e+01 	 5.056304e+01 	 5.073359e+01 	 5.087014e+01 	 5.097979e+01 	 5.110160e+01 	 5.109917e+01 	 2.282015e+01 	 2.076383e+01 
9.444000e-02 	 2.319970e+04 	 4.593333e+01 	 4.607533e+01 	 4.616616e+01 	 4.628691e+01 	 4.637935e+01 	 4.645511e+01 	 4.641314e+01 	 2.104096e+01 	 1.946710e+01 
9.484000e-02 	 2.359970e+04 	 7.781565e+01 	 7.798340e+01 	 7.815015e+01 	 7.841858e+01 	 7.864054e+01 	 7.892846e+01 	 7.897544e+01 	 3.103670e+01 	 2.953091e+01 
9.524000e-02 	 2.399970e+04 	 4.068245e+01 	 4.075355e+01 	 4.083256e+01 	 4.089305e+01 	 4.094104e+01 	 4.096321e+01 	 4.086465e+01 	 1.928350e+01 	 1.815119e+01 
9.564000e-02 	 2.439970e+04 	 3.721351e+01 	 3.724793e+01 	 3.730471e+01 	 3.734449e+01 	 3.736622e+01 	 3.736411e+01 	 3.723463e+01 	 1.840837e+01 	 1.751919e+01 
9.604000e-02 	 2.479970e+04 	 3.830404e+01 	 3.837070e+01 	 3.841691e+01 	 3.846693e+01 	 3.847493e+01 	 3.847567e+01 	 3.834787e+01 	 1.860842e+01 	 1.773168e+01 
9.644000e-02 	 2.519970e+04 	 7.373397e+01 	 7.387390e+01 	 7.398962e+01 	 7.414580e+01 	 7.424039e+01 	 7.437442e+01 	 7.419014e+01 	 2.697088e+01 	 2.566095e+01 
9.684000e-02 	 2.559970e+04 	 1.005272e+02 	 1.007287e+02 	 1.009651e+02 	 1.012015e+02 	 1.014602e+02 	 1.018367e+02 	 1.017824e+02 	 3.554698e+01 	 3.421649e+01 
9.724000e-02 	 2.599970e+04 	 1.015733e+02 	 1.018886e+02 	 1.020937e+02 	 1.022231e+02 	 1.024846e+02 	 1.027209e+02 	 1.024895e+02 	 3.477553e+01 	 3.360145e+01 
9.764000e-02 	 2.639970e+04 	 1.482544e+02 	 1.485861e+02 	 1.490822e+02 	 1.495463e+02 	 1.499972e+02 	 1.506417e+02 	 1.502933e+02 	 5.082199e+01 	 4.965668e+01 
9.804000e-02 	 2.679970e+04 	 1.196782e+02 	 1.199901e+02 	 1.202209e+02 	 1.205156e+02 	 1.209248e+02 	 1.212985e+02 	 1.210921e+02 	 4.098118e+01 	 3.970553e+01 
9.844000e-02 	 2.719970e+04 	 1.603977e+02 	 1.608663e+02 	 1.611772e+02 	 1.615904e+02 	 1.622847e+02 	 1.629461e+02 	 1.633081e+02 	 5.941019e+01 	 5.868416e+01 
9.866000e-02 	 2.741970e+04 	 1.857564e+02 	 1.860931e+02 	 1.865054e+02 	 1.867406e+02 	 1.873251e+02 	 1.880421e+02 	 1.888905e+02 	 9.000278e+01 	 9.012772e+01 
9.884000e-02 	 2.759970e+04 	 1.596105e+02 	 1.600160e+02 	 1.604237e+02 	 1.608649e+02 	 1.614184e+02 	 1.619330e+02 	 1.621198e+02 	 5.726425e+01 	 5.621064e+01 
9.924000e-02 	 2.799970e+04 	 1.870921e+02 	 1.875293e+02 	 1.878028e+02 	 1.881201e+02 	 1.890997e+02 	 1.900525e+02 	 1.903808e+02 	 7.806044e+01 	 7.756678e+01 
9.964000e-02 	 2.839970e+04 	 1.849314e+02 	 1.853184e+02 	 1.857478e+02 	 1.861384e+02 	 1.865779e+02 	 1.871281e+02 	 1.875566e+02 	 7.831705e+01 	 7.847254e+01 
1.000400e-01 	 2.879970e+04 	 1.856766e+02 	 1.859068e+02 	 1.861774e+02 	 1.863457e+02 	 1.864889e+02 	 1.866586e+02 	 1.865122e+02 	 8.767728e+01 	 8.765928e+01 
1.004400e-01 	 2.919970e+04 	 1.690136e+02 	 1.692258e+02 	 1.692538e+02 	 1.692582e+02 	 1.693336e+02 	 1.694794e+02 	 1.694283e+02 	 8.553567e+01 	 8.606615e+01 
1.008400e-01 	 2.959970e+04 	 1.730781e+02 	 1.735833e+02 	 1.736974e+02 	 1.738779e+02 	 1.739928e+02 	 1.743704e+02 	 1.743631e+02 	 8.499550e+01 	 8.550195e+01 
1.012400e-01 	 2.999970e+04 	 1.550804e+02 	 1.550544e+02 	 1.547655e+02 	 1.545008e+02 	 1.542632e+02 	 1.543158e+02 	 1.539915e+02 	 8.441952e+01 	 8.549536e+01 
1.016400e-01 	 3.039970e+04 	 1.681869e+02 	 1.688491e+02 	 1.687005e+02 	 1.681231e+02 	 1.667492e+02 	 1.665432e+02 	 1.657869e+02 	 8.648420e+01 	 8.682504e+01 
1.020400e-01 	 3.079970e+04 	 1.457566e+02 	 1.456428e+02 	 1.454328e+02 	 1.440639e+02 	 1.438350e+02 	 1.442541e+02 	 1.428173e+02 	 7.904631e+01 	 7.958480e+01 
1.024400e-01 	 3.119970e+04 	 1.284919e+02 	 1.282161e+02 	 1.278102e+02 	 1.273541e+02 	 1.269436e+02 	 1.264461e+02 	 1.254567e+02 	 7.899608e+01 	 7.973161e+01 
1.028400e-01 	 3.159970e+04 	 1.496509e+02 	 1.493381e+02 	 1.489440e+02 	 1.486055e+02 	 1.478243e+02 	 1.472609e+02 	 1.458249e+02 	 7.810812e+01 	 7.873718e+01 
1.032400e-01 	 3.199970e+04 	 1.475173e+02 	 1.475311e+02 	 1.474193e+02 	 1.472604e+02 	 1.468978e+02 	 1.468402e+02 	 1.462570e+02 	 7.861662e+01 	 7.962171e+01 
1.036400e-01 	 3.239970e+04 	 1.522972e+02 	 1.520240e+02 	 1.515330e+02 	 1.510140e+02 	 1.501306e+02 	 1.495695e+02 	 1.476905e+02 	 7.454850e+01 	 7.477153e+01 
1.040400e-01 	 3.279970e+04 	 1.395828e+02 	 1.396503e+02 	 1.395017e+02 	 1.388751e+02 	 1.383379e+02 	 1.380121e+02 	 1.363603e+02 	 7.313804e+01 	 7.354327e+01 
1.044400e-01 	 3.319970e+04 	 1.429529e+02 	 1.426520e+02 	 1.425401e+02 	 1.418797e+02 	 1.414509e+02 	 1.412781e+02 	 1.390549e+02 	 7.474227e+01 	 7.417509e+01 
1.048400e-01 	 3.359970e+04 	 1.420469e+02 	 1.417221e+02 	 1.409821e+02 	 1.401898e+02 	 1.393824e+02 	 1.383743e+02 	 1.355881e+02 	 7.101299e+01 	 7.108728e+01 
1.052400e-01 	 3.399970e+04 	 1.116537e+02 	 1.109479e+02 	 1.111881e+02 	 1.103534e+02 	 1.102457e+02 	 1.098049e+02 	 1.078826e+02 	 7.048634e+01 	 7.069550e+01 
1.056400e-01 	 3.439970e+04 	 1.305726e+02 	 1.319734e+02 	 1.313551e+02 	 1.301296e+02 	 1.278093e+02 	 1.274723e+02 	 1.245966e+02 	 6.893525e+01 	 6.927427e+01 
1.060400e-01 	 3.479970e+04 	 1.251056e+02 	 1.261822e+02 	 1.259576e+02 	 1.257035e+02 	 1.244292e+02 	 1.209920e+02 	 1.210218e+02 	 7.195512e+01 	 7.176120e+01 
1.063200e-01 	 3.507970e+04 	 1.016315e+02 	 1.013778e+02 	 1.013397e+02 	 1.009283e+02 	 1.011766e+02 	 1.003136e+02 	 9.835789e+01 	 7.368956e+01 	 7.394937e+01 
1.063800e-01 	 3.513970e+04 	 9.952352e+01 	 9.937937e+01 	 9.946279e+01 	 9.943124e+01 	 9.988611e+01 	 9.985177e+01 	 9.790036e+01 	 7.484299e+01 	 7.514502e+01 
1.064200e-01 	 3.517970e+04 	 9.950021e+01 	 9.972232e+01 	 9.981471e+01 	 9.970749e+01 	 1.011706e+02 	 1.006632e+02 	 9.841658e+01 	 7.606535e+01 	 7.623279e+01 
1.064400e-01 	 3.519970e+04 	 1.017055e+02 	 1.003264e+02 	 1.017053e+02 	 1.001750e+02 	 1.013808e+02 	 9.967392e+01 	 9.929678e+01 	 7.575878e+01 	 7.611167e+01 
1.064800e-01 	 3.523970e+04 	 1.065521e+02 	 1.063967e+02 	 1.061317e+02 	 1.057807e+02 	 1.049379e+02 	 1.044670e+02 	 1.022153e+02 	 7.207743e+01 	 7.199742e+01 
1.065400e-01 	 3.529970e+04 	 1.023458e+02 	 1.024894e+02 	 1.031344e+02 	 1.026878e+02 	 1.023011e+02 	 1.018740e+02 	 9.921250e+01 	 7.294399e+01 	 7.419279e+01 
1.066600e-01 	 3.541970e+04 	 9.873140e+01 	 9.937777e+01 	 9.962228e+01 	 9.975299e+01 	 9.883295e+01 	 9.845257e+01 	 9.721518e+01 	 7.484549e+01 	 7.450198e+01 
1.067200e-01 	 3.547970e+04 	 1.015882e+02 	 1.019055e+02 	 1.020765e+02 	 1.015672e+02 	 1.023376e+02 	 1.009865e+02 	 1.009902e+02 	 7.638798e+01 	 7.687943e+01 
1.067600e-01 	 3.551970e+04 	 1.025794e+02 	 1.028229e+02 	 1.054752e+02 	 1.032159e+02 	 1.030346e+02 	 1.027939e+02 	 1.019733e+02 	 8.075413e+01 	 8.196337e+01 
1.067800e-01 	 3.553970e+04 	 1.020672e+02 	 1.026955e+02 	 1.027379e+02 	 1.028153e+02 	 1.027842e+02 	 1.023002e+02 	 1.014339e+02 	 8.089049e+01 	 8.110766e+01 
1.068200e-01 	 3.557970e+04 	 1.019817e+02 	 1.023209e+02 	 1.019959e+02 	 1.011344e+02 	 1.015326e+02 	 1.003208e+02 	 9.825686e+01 	 7.550503e+01 	 7.605534e+01 
1.068400e-01 	 3.559970e+04 	 1.048968e+02 	 1.054641e+02 	 1.062053e+02 	 1.061197e+02 	 1.057770e+02 	 1.041050e+02 	 1.035768e+02 	 7.473695e+01 	 7.559945e+01 
1.072400e-01 	 3.599970e+04 	 1.397924e+02 	 1.399344e+02 	 1.393914e+02 	 1.380094e+02 	 1.375202e+02 	 1.359585e+02 	 1.324164e+02 	 6.691024e+01 	 6.691412e+01 
1.076400e-01 	 3.639970e+04 	 1.390307e+02 	 1.385260e+02 	 1.379863e+02 	 1.374806e+02 	 1.366710e+02 	 1.353447e+02 	 1.310535e+02 	 6.718211e+01 	 6.707378e+01 
1.080400e-01 	 3.679970e+04 	 1.275072e+02 	 1.261280e+02 	 1.267050e+02 	 1.247203e+02 	 1.242026e+02 	 1.229811e+02 	 1.184338e+02 	 6.652152e+01 	 6.666960e+01 
1.084400e-01 	 3.719970e+04 	 1.330115e+02 	 1.329775e+02 	 1.323051e+02 	 1.315842e+02 	 1.304563e+02 	 1.293498e+02 	 1.263567e+02 	 6.742073e+01 	 6.738495e+01 
1.088400e-01 	 3.759970e+04 	 1.173198e+02 	 1.203834e+02 	 1.173450e+02 	 1.171172e+02 	 1.163513e+02 	 1.154162e+02 	 1.120900e+02 	 6.839277e+01 	 6.829935e+01 
1.092400e-01 	 3.799970e+04 	 9.943735e+01 	 9.985203e+01 	 1.003008e+02 	 1.004421e+02 	 1.005576e+02 	 1.006156e+02 	 9.963878e+01 	 8.067607e+01 	 8.117407e+01 
1.092400e-01 	 3.799970e+04 	 9.963042e+01 	 9.995361e+01 	 1.002901e+02 	 1.003522e+02 	 1.003746e+02 	 1.004349e+02 	 9.953640e+01 	 8.078670e+01 	 8.129769e+01 
1.096400e-01 	 3.839970e+04 	 1.008916e+02 	 1.013935e+02 	 1.014810e+02 	 1.013979e+02 	 1.014033e+02 	 1.012689e+02 	 9.978370e+01 	 7.225642e+01 	 7.260027e+01 
1.100400e-01 	 3.879970e+04 	 1.095773e+02 	 1.095532e+02 	 1.091213e+02 	 1.086854e+02 	 1.080043e+02 	 1.079022e+02 	 1.073015e+02 	 7.218860e+01 	 7.235688e+01 
1.104400e-01 	 3.919970e+04 	 1.116056e+02 	 1.120962e+02 	 1.115582e+02 	 1.101132e+02 	 1.105007e+02 	 1.096716e+02 	 1.073344e+02 	 7.087338e+01 	 7.092385e+01 
1.108400e-01 	 3.959970e+04 	 1.187889e+02 	 1.217650e+02 	 1.170919e+02 	 1.170671e+02 	 1.175701e+02 	 1.169511e+02 	 1.113529e+02 	 6.907027e+01 	 6.934406e+01 
1.112400e-01 	 3.999970e+04 	 1.267601e+02 	 1.269384e+02 	 1.266010e+02 	 1.262232e+02 	 1.254791e+02 	 1.248169e+02 	 1.210367e+02 	 6.959451e+01 	 6.929661e+01 
1.116400e-01 	 4.039970e+04 	 1.225804e+02 	 1.254410e+02 	 1.230768e+02 	 1.224881e+02 	 1.219185e+02 	 1.212998e+02 	 1.182023e+02 	 6.981654e+01 	 6.941209e+01 
1.120400e-01 	 4.079970e+04 	 1.345809e+02 	 1.347638e+02 	 1.350311e+02 	 1.343905e+02 	 1.335777e+02 	 1.325148e+02 	 1.279645e+02 	 7.936266e+01 	 8.685610e+01 
1.124400e-01 	 4.119970e+04 	 1.335545e+02 	 1.334423e+02 	 1.325754e+02 	 1.318489e+02 	 1.307939e+02 	 1.299738e+02 	 1.233950e+02 	 6.763412e+01 	 6.685603e+01 
1.128400e-01 	 4.159970e+04 	 1.271833e+02 	 1.268532e+02 	 1.264284e+02 	 1.252797e+02 	 1.240939e+02 	 1.228185e+02 	 1.163637e+02 	 6.655490e+01 	 6.616197e+01 
1.132400e-01 	 4.199970e+04 	 1.492985e+02 	 1.491166e+02 	 1.485543e+02 	 1.475540e+02 	 1.462092e+02 	 1.444378e+02 	 1.372504e+02 	 6.971241e+01 	 7.104442e+01 
1.136400e-01 	 4.239970e+04 	 1.401963e+02 	 1.402154e+02 	 1.396956e+02 	 1.387503e+02 	 1.372988e+02 	 1.359169e+02 	 1.270726e+02 	 6.635465e+01 	 6.574106e+01 
1.140400e-01 	 4.279970e+04 	 1.150926e+02 	 1.129174e+02 	 1.153321e+02 	 1.161669e+02 	 1.141420e+02 	 1.115357e+02 	 1.083163e+02 	 7.380050e+01 	 7.326323e+01 
1.144400e-01 	 4.319970e+04 	 1.246159e+02 	 1.248152e+02 	 1.248559e+02 	 1.234424e+02 	 1.227553e+02 	 1.212259e+02 	 1.148377e+02 	 7.277645e+01 	 7.155181e+01 
1.148400e-01 	 4.359970e+04 	 1.333931e+02 	 1.331687e+02 	 1.332006e+02 	 1.302790e+02 	 1.283483e+02 	 1.254611e+02 	 1.180318e+02 	 7.726595e+01 	 7.535321e+01 
1.148800e-01 	 4.363970e+04 	 1.308972e+02 	 1.208110e+02 	 1.300452e+02 	 1.199889e+02 	 1.286187e+02 	 1.277887e+02 	 1.205230e+02 	 8.352024e+01 	 8.219410e+01 
1.152400e-01 	 4.399970e+04 	 1.269105e+02 	 1.268813e+02 	 1.221761e+02 	 1.221991e+02 	 1.218060e+02 	 1.223254e+02 	 1.146262e+02 	 7.339882e+01 	 7.261586e+01 
1.156400e-01 	 4.439970e+04 	 1.351338e+02 	 1.354322e+02 	 1.349149e+02 	 1.336440e+02 	 1.326958e+02 	 1.312415e+02 	 1.227862e+02 	 6.871485e+01 	 6.819340e+01 
1.160400e-01 	 4.479970e+04 	 1.709102e+02 	 1.712146e+02 	 1.700581e+02 	 1.694664e+02 	 1.671613e+02 	 1.646202e+02 	 1.493856e+02 	 6.797613e+01 	 6.600828e+01 
1.164400e-01 	 4.519970e+04 	 1.586902e+02 	 1.584464e+02 	 1.578282e+02 	 1.574208e+02 	 1.564408e+02 	 1.536385e+02 	 1.340309e+02 	 7.020033e+01 	 6.909495e+01 
1.168400e-01 	 4.559970e+04 	 1.900117e+02 	 1.895915e+02 	 1.886660e+02 	 1.871517e+02 	 1.849044e+02 	 1.820229e+02 	 1.623495e+02 	 6.703741e+01 	 6.472440e+01 
1.172400e-01 	 4.599970e+04 	 1.927020e+02 	 1.925564e+02 	 1.919720e+02 	 1.903810e+02 	 1.882375e+02 	 1.853627e+02 	 1.651448e+02 	 6.703555e+01 	 6.490079e+01 
1.176400e-01 	 4.639970e+04 	 1.967679e+02 	 1.971526e+02 	 1.964311e+02 	 1.951771e+02 	 1.924151e+02 	 1.893239e+02 	 1.681117e+02 	 6.743485e+01 	 6.508449e+01 
1.180400e-01 	 4.679970e+04 	 1.743185e+02 	 1.740243e+02 	 1.741109e+02 	 1.724879e+02 	 1.709382e+02 	 1.684756e+02 	 1.508466e+02 	 6.805627e+01 	 6.643176e+01 
1.184400e-01 	 4.719970e+04 	 1.785830e+02 	 1.788284e+02 	 1.820623e+02 	 1.765041e+02 	 1.741691e+02 	 1.711685e+02 	 1.526482e+02 	 6.940959e+01 	 6.754671e+01 
1.188400e-01 	 4.759970e+04 	 1.356876e+02 	 1.360393e+02 	 1.359739e+02 	 1.349891e+02 	 1.334547e+02 	 1.316717e+02 	 1.198810e+02 	 7.450493e+01 	 7.380930e+01 
1.190800e-01 	 4.783970e+04 	 1.278564e+02 	 1.290484e+02 	 1.289641e+02 	 1.290091e+02 	 1.280789e+02 	 1.270516e+02 	 1.177657e+02 	 7.924383e+01 	 7.889725e+01 
1.191000e-01 	 4.785970e+04 	 1.433064e+02 	 1.435310e+02 	 1.432683e+02 	 1.422325e+02 	 1.415611e+02 	 1.396624e+02 	 1.279530e+02 	 8.011769e+01 	 7.955329e+01 
1.192400e-01 	 4.799970e+04 	 1.431072e+02 	 1.436100e+02 	 1.428697e+02 	 1.427260e+02 	 1.415041e+02 	 1.397401e+02 	 1.278497e+02 	 7.438190e+01 	 7.275235e+01 
1.194600e-01 	 4.821970e+04 	 1.318152e+02 	 1.325210e+02 	 1.319423e+02 	 1.316943e+02 	 1.305298e+02 	 1.288858e+02 	 1.192624e+02 	 7.964762e+01 	 7.936850e+01 
1.196400e-01 	 4.839970e+04 	 1.321456e+02 	 1.326718e+02 	 1.328655e+02 	 1.319831e+02 	 1.310165e+02 	 1.297412e+02 	 1.205755e+02 	 7.634855e+01 	 7.632247e+01 
1.200400e-01 	 4.879970e+04 	 1.350260e+02 	 1.349074e+02 	 1.344858e+02 	 1.337622e+02 	 1.324874e+02 	 1.309178e+02 	 1.209666e+02 	 7.780815e+01 	 7.745136e+01 
1.202200e-01 	 4.897970e+04 	 1.295821e+02 	 1.302564e+02 	 1.315103e+02 	 1.316181e+02 	 1.312286e+02 	 1.309366e+02 	 1.245769e+02 	 8.941737e+01 	 8.981843e+01 
1.203000e-01 	 4.905970e+04 	 1.300533e+02 	 1.308055e+02 	 1.309164e+02 	 1.303345e+02 	 1.295742e+02 	 1.283706e+02 	 1.200669e+02 	 8.420032e+01 	 8.404809e+01 
1.204400e-01 	 4.919970e+04 	 1.326904e+02 	 1.336929e+02 	 1.339598e+02 	 1.340984e+02 	 1.335339e+02 	 1.327970e+02 	 1.246964e+02 	 8.813115e+01 	 8.923259e+01 
1.207000e-01 	 4.945970e+04 	 1.504726e+02 	 1.518382e+02 	 1.529481e+02 	 1.541250e+02 	 1.551487e+02 	 1.548653e+02 	 1.493409e+02 	 1.148139e+02 	 1.135085e+02 
1.207200e-01 	 4.947970e+04 	 1.386183e+02 	 1.395890e+02 	 1.397666e+02 	 1.402902e+02 	 1.393972e+02 	 1.382098e+02 	 1.306841e+02 	 9.627597e+01 	 9.570581e+01 
1.207400e-01 	 4.949970e+04 	 1.367190e+02 	 1.372445e+02 	 1.367019e+02 	 1.357955e+02 	 1.350469e+02 	 1.328189e+02 	 1.220945e+02 	 8.219321e+01 	 8.137577e+01 
1.208400e-01 	 4.959970e+04 	 1.521163e+02 	 1.525938e+02 	 1.524722e+02 	 1.511903e+02 	 1.483510e+02 	 1.472730e+02 	 1.295314e+02 	 7.455267e+01 	 7.335168e+01 
1.212400e-01 	 4.999970e+04 	 2.252385e+02 	 2.253005e+02 	 2.249440e+02 	 2.232297e+02 	 2.215192e+02 	 2.185970e+02 	 1.846201e+02 	 7.014206e+01 	 6.645616e+01 
1.216400e-01 	 5.039970e+04 	 2.361420e+02 	 2.371640e+02 	 2.365391e+02 	 2.356146e+02 	 2.334115e+02 	 2.302074e+02 	 1.956541e+02 	 6.969780e+01 	 6.589745e+01 
1.220400e-01 	 5.079970e+04 	 2.601780e+02 	 2.604078e+02 	 2.598042e+02 	 2.589725e+02 	 2.562645e+02 	 2.533182e+02 	 2.095535e+02 	 6.967704e+01 	 6.460557e+01 
1.224400e-01 	 5.119970e+04 	 2.707804e+02 	 2.714112e+02 	 2.708463e+02 	 2.701265e+02 	 2.676256e+02 	 2.641627e+02 	 2.192427e+02 	 6.974131e+01 	 6.419033e+01 
1.228400e-01 	 5.159970e+04 	 2.698360e+02 	 2.701213e+02 	 2.698090e+02 	 2.689413e+02 	 2.666873e+02 	 2.634291e+02 	 2.165963e+02 	 7.073283e+01 	 6.585978e+01 
1.232400e-01 	 5.199970e+04 	 2.412529e+02 	 2.418203e+02 	 2.421711e+02 	 2.410681e+02 	 2.388189e+02 	 2.356045e+02 	 1.957038e+02 	 7.191473e+01 	 6.843730e+01 
1.236400e-01 	 5.239970e+04 	 2.407949e+02 	 2.384522e+02 	 2.405567e+02 	 2.392559e+02 	 2.365248e+02 	 2.329118e+02 	 2.027162e+02 	 7.495718e+01 	 7.443636e+01 
1.240400e-01 	 5.279970e+04 	 2.053220e+02 	 2.050177e+02 	 2.055772e+02 	 2.044186e+02 	 2.034522e+02 	 2.005023e+02 	 1.725564e+02 	 7.590697e+01 	 7.434591e+01 
1.241600e-01 	 5.291970e+04 	 1.516115e+02 	 1.531582e+02 	 1.526553e+02 	 1.516838e+02 	 1.500775e+02 	 1.481276e+02 	 1.334976e+02 	 8.432200e+01 	 8.383940e+01 
1.241800e-01 	 5.293970e+04 	 1.516577e+02 	 1.522469e+02 	 1.521087e+02 	 1.513399e+02 	 1.499790e+02 	 1.484061e+02 	 1.343667e+02 	 8.535607e+01 	 8.488399e+01 
1.242000e-01 	 5.295970e+04 	 1.553977e+02 	 1.565897e+02 	 1.499034e+02 	 1.493437e+02 	 1.513659e+02 	 1.459865e+02 	 1.335802e+02 	 8.291291e+01 	 8.241025e+01 
1.244400e-01 	 5.319970e+04 	 2.180976e+02 	 2.182014e+02 	 2.173292e+02 	 2.159173e+02 	 2.135160e+02 	 2.107227e+02 	 1.816551e+02 	 7.837070e+01 	 7.647473e+01 
1.248400e-01 	 5.359970e+04 	 2.316084e+02 	 2.320744e+02 	 2.317717e+02 	 2.303908e+02 	 2.283735e+02 	 2.256299e+02 	 1.956803e+02 	 8.127619e+01 	 7.890701e+01 
1.252400e-01 	 5.399970e+04 	 1.631612e+02 	 1.638883e+02 	 1.641830e+02 	 1.641440e+02 	 1.622063e+02 	 1.604005e+02 	 1.454074e+02 	 8.371961e+01 	 8.334431e+01 
1.255200e-01 	 5.427971e+04 	 1.542691e+02 	 1.643879e+02 	 1.623619e+02 	 1.608778e+02 	 1.518386e+02 	 1.489607e+02 	 1.364578e+02 	 8.754098e+01 	 8.719302e+01 
1.255600e-01 	 5.431970e+04 	 1.563729e+02 	 1.566284e+02 	 1.561986e+02 	 1.546713e+02 	 1.526082e+02 	 1.512140e+02 	 1.378851e+02 	 8.753572e+01 	 8.749709e+01 
1.256000e-01 	 5.435970e+04 	 1.493388e+02 	 1.500575e+02 	 1.510151e+02 	 1.510906e+02 	 1.505627e+02 	 1.496074e+02 	 1.369881e+02 	 8.941872e+01 	 8.911087e+01 
1.256200e-01 	 5.437969e+04 	 1.530351e+02 	 1.545411e+02 	 1.544476e+02 	 1.523619e+02 	 1.519813e+02 	 1.506502e+02 	 1.376959e+02 	 8.905013e+01 	 8.883136e+01 
1.256400e-01 	 5.439970e+04 	 1.559144e+02 	 1.558530e+02 	 1.542770e+02 	 1.535359e+02 	 1.516432e+02 	 1.494981e+02 	 1.363796e+02 	 8.821820e+01 	 8.798795e+01 
1.256600e-01 	 5.441970e+04 	 1.519972e+02 	 1.529460e+02 	 1.517996e+02 	 1.520048e+02 	 1.505392e+02 	 1.483896e+02 	 1.358847e+02 	 8.721415e+01 	 8.684601e+01 
1.260400e-01 	 5.479970e+04 	 1.822954e+02 	 1.831462e+02 	 1.822778e+02 	 1.810065e+02 	 1.787241e+02 	 1.763304e+02 	 1.560441e+02 	 8.255686e+01 	 8.079183e+01 
1.264400e-01 	 5.519970e+04 	 1.869650e+02 	 1.912001e+02 	 1.902246e+02 	 1.852384e+02 	 1.868369e+02 	 1.846175e+02 	 1.662837e+02 	 8.283041e+01 	 8.159837e+01 
1.268400e-01 	 5.559970e+04 	 1.876531e+02 	 1.879472e+02 	 1.871274e+02 	 1.855434e+02 	 1.829016e+02 	 1.801490e+02 	 1.588847e+02 	 8.327674e+01 	 8.177023e+01 
1.272400e-01 	 5.599970e+04 	 1.992993e+02 	 2.003749e+02 	 2.009968e+02 	 1.984984e+02 	 1.964910e+02 	 1.938969e+02 	 1.662221e+02 	 8.219739e+01 	 8.008393e+01 
1.276400e-01 	 5.639970e+04 	 2.072869e+02 	 2.080091e+02 	 2.076850e+02 	 2.063374e+02 	 2.043354e+02 	 2.015126e+02 	 1.730037e+02 	 8.229470e+01 	 8.008490e+01 
1.280400e-01 	 5.679970e+04 	 2.051873e+02 	 2.061346e+02 	 2.056228e+02 	 2.039109e+02 	 2.012321e+02 	 1.979175e+02 	 1.677241e+02 	 8.179119e+01 	 7.985966e+01 
1.284400e-01 	 5.719970e+04 	 2.274546e+02 	 2.260183e+02 	 2.280908e+02 	 2.249110e+02 	 2.218353e+02 	 2.187415e+02 	 1.795541e+02 	 8.649782e+01 	 7.871429e+01 
1.288400e-01 	 5.759970e+04 	 2.662988e+02 	 2.662262e+02 	 2.660709e+02 	 2.645239e+02 	 2.615483e+02 	 2.570128e+02 	 2.061474e+02 	 8.070691e+01 	 7.710608e+01 
1.292400e-01 	 5.799970e+04 	 2.779099e+02 	 2.785743e+02 	 2.818225e+02 	 2.811252e+02 	 2.772848e+02 	 2.727637e+02 	 2.167789e+02 	 8.117263e+01 	 7.660672e+01 
1.296400e-01 	 5.839970e+04 	 3.081516e+02 	 3.083300e+02 	 3.071183e+02 	 3.010027e+02 	 2.980757e+02 	 2.937157e+02 	 2.253321e+02 	 7.983812e+01 	 7.473925e+01 
1.300400e-01 	 5.879970e+04 	 3.661028e+02 	 3.673330e+02 	 3.460975e+02 	 3.453015e+02 	 3.412536e+02 	 3.550641e+02 	 2.642262e+02 	 8.056770e+01 	 7.347410e+01 
1.304400e-01 	 5.919970e+04 	 3.543976e+02 	 3.558653e+02 	 3.561442e+02 	 3.551596e+02 	 3.510441e+02 	 3.472706e+02 	 2.619041e+02 	 8.274552e+01 	 7.425221e+01 
1.308400e-01 	 5.959970e+04 	 3.568645e+02 	 3.602516e+02 	 3.596296e+02 	 3.566221e+02 	 3.547299e+02 	 3.486644e+02 	 2.614942e+02 	 7.944190e+01 	 7.187604e+01 
1.312400e-01 	 5.999970e+04 	 3.383211e+02 	 3.398664e+02 	 3.399780e+02 	 4.487592e+02 	 3.375730e+02 	 4.291591e+02 	 3.266671e+02 	 9.594722e+01 	 7.576629e+01 
1.316400e-01 	 6.039970e+04 	 3.722625e+02 	 3.748566e+02 	 3.743115e+02 	 3.741413e+02 	 3.719658e+02 	 3.685467e+02 	 2.628162e+02 	 7.903069e+01 	 6.964281e+01 
1.320400e-01 	 6.079970e+04 	 3.835319e+02 	 3.838859e+02 	 3.823120e+02 	 3.823331e+02 	 3.795183e+02 	 3.755451e+02 	 2.681716e+02 	 7.771803e+01 	 6.955114e+01 
1.324400e-01 	 6.119970e+04 	 5.671514e+02 	 4.462251e+02 	 5.657533e+02 	 5.639096e+02 	 4.472892e+02 	 4.436834e+02 	 3.230836e+02 	 7.962916e+01 	 7.173787e+01 
1.328400e-01 	 6.159970e+04 	 4.103753e+02 	 4.114631e+02 	 4.113918e+02 	 4.121869e+02 	 4.112088e+02 	 4.086359e+02 	 3.045856e+02 	 8.023236e+01 	 7.029239e+01 
1.332400e-01 	 6.199970e+04 	 4.250850e+02 	 4.259837e+02 	 4.269862e+02 	 4.263968e+02 	 4.242475e+02 	 4.200930e+02 	 3.161848e+02 	 8.255044e+01 	 7.306025e+01 
1.336400e-01 	 6.239970e+04 	 3.877869e+02 	 3.886074e+02 	 3.882629e+02 	 3.879251e+02 	 3.846050e+02 	 3.811494e+02 	 2.913238e+02 	 8.429688e+01 	 7.710625e+01 
1.340400e-01 	 6.279970e+04 	 3.587476e+02 	 3.548499e+02 	 3.550960e+02 	 3.541692e+02 	 3.532931e+02 	 3.494524e+02 	 2.724116e+02 	 9.096095e+01 	 8.048952e+01 
1.344400e-01 	 6.319970e+04 	 3.350458e+02 	 3.356905e+02 	 3.347501e+02 	 3.322591e+02 	 3.291967e+02 	 3.254417e+02 	 2.628132e+02 	 9.223057e+01 	 8.598857e+01 
1.348400e-01 	 6.359970e+04 	 2.590578e+02 	 2.594717e+02 	 2.585061e+02 	 2.563222e+02 	 2.532908e+02 	 2.489155e+02 	 2.071016e+02 	 9.086955e+01 	 8.855994e+01 
1.352400e-01 	 6.399970e+04 	 3.141372e+02 	 3.147012e+02 	 3.131202e+02 	 3.108462e+02 	 3.071375e+02 	 3.029973e+02 	 2.483319e+02 	 9.528482e+01 	 9.095738e+01 
1.356400e-01 	 6.439970e+04 	 2.884247e+02 	 2.887190e+02 	 2.870921e+02 	 2.852889e+02 	 2.814249e+02 	 2.773196e+02 	 2.299823e+02 	 9.592577e+01 	 9.191494e+01 
1.360400e-01 	 6.479970e+04 	 3.976978e+02 	 3.986823e+02 	 3.972553e+02 	 3.952179e+02 	 3.918252e+02 	 3.877241e+02 	 3.141642e+02 	 1.041108e+02 	 9.790254e+01 
1.364400e-01 	 6.519970e+04 	 4.182149e+02 	 4.182349e+02 	 4.171605e+02 	 4.149012e+02 	 4.109244e+02 	 4.058484e+02 	 3.299141e+02 	 1.055542e+02 	 1.000559e+02 
1.368400e-01 	 6.559970e+04 	 4.333757e+02 	 4.332243e+02 	 4.319838e+02 	 4.290962e+02 	 4.248069e+02 	 4.203997e+02 	 3.357515e+02 	 1.103554e+02 	 1.026701e+02 
1.372400e-01 	 6.599970e+04 	 2.742709e+02 	 2.742210e+02 	 2.721048e+02 	 2.711753e+02 	 2.678974e+02 	 2.641395e+02 	 2.069690e+02 	 9.910815e+01 	 9.558875e+01 
1.375800e-01 	 6.633970e+04 	 2.195476e+02 	 2.261512e+02 	 2.216072e+02 	 2.211711e+02 	 2.189874e+02 	 2.169424e+02 	 1.793848e+02 	 1.042353e+02 	 1.026510e+02 
1.376000e-01 	 6.635970e+04 	 2.374909e+02 	 2.375313e+02 	 2.385791e+02 	 2.382020e+02 	 2.370167e+02 	 2.355836e+02 	 1.871736e+02 	 1.017038e+02 	 9.990145e+01 
1.376400e-01 	 6.639970e+04 	 3.244632e+02 	 3.229230e+02 	 3.230328e+02 	 3.187447e+02 	 3.141212e+02 	 3.103550e+02 	 2.361196e+02 	 1.001384e+02 	 9.611091e+01 
1.380400e-01 	 6.679970e+04 	 4.992458e+02 	 4.992247e+02 	 4.991531e+02 	 4.970045e+02 	 4.935736e+02 	 4.893414e+02 	 3.708750e+02 	 1.086724e+02 	 9.894370e+01 
1.384400e-01 	 6.719970e+04 	 5.449085e+02 	 4.462922e+02 	 5.408932e+02 	 5.374710e+02 	 5.277698e+02 	 4.317200e+02 	 3.279094e+02 	 1.263790e+02 	 1.072482e+02 
1.388400e-01 	 6.759970e+04 	 5.147416e+02 	 5.152522e+02 	 5.148785e+02 	 5.127514e+02 	 5.092973e+02 	 5.049376e+02 	 3.858446e+02 	 1.157598e+02 	 1.030758e+02 
1.392400e-01 	 6.799970e+04 	 6.805717e+02 	 5.032885e+02 	 6.772029e+02 	 6.726517e+02 	 6.584767e+02 	 4.935875e+02 	 4.944605e+02 	 1.362225e+02 	 1.096455e+02 
1.396400e-01 	 6.839970e+04 	 5.112598e+02 	 5.122822e+02 	 5.133067e+02 	 5.118349e+02 	 5.074982e+02 	 5.023710e+02 	 3.752790e+02 	 1.104455e+02 	 9.880504e+01 
1.400400e-01 	 6.879970e+04 	 4.975857e+02 	 4.986473e+02 	 4.991432e+02 	 4.983775e+02 	 4.935926e+02 	 4.899200e+02 	 3.543846e+02 	 1.086723e+02 	 9.601716e+01 
1.404400e-01 	 6.919970e+04 	 4.208016e+02 	 4.219498e+02 	 4.230488e+02 	 4.216672e+02 	 4.182138e+02 	 4.141299e+02 	 2.902346e+02 	 9.898083e+01 	 9.091222e+01 
1.406800e-01 	 6.943970e+04 	 3.095341e+02 	 3.099958e+02 	 3.087118e+02 	 3.073181e+02 	 3.041667e+02 	 2.989617e+02 	 2.126641e+02 	 9.727035e+01 	 9.257927e+01 
1.407400e-01 	 6.949970e+04 	 2.909668e+02 	 2.931500e+02 	 2.936800e+02 	 2.930651e+02 	 2.906868e+02 	 2.869969e+02 	 2.035617e+02 	 9.844452e+01 	 9.337373e+01 
1.407800e-01 	 6.953970e+04 	 2.664127e+02 	 2.663490e+02 	 2.673411e+02 	 2.670470e+02 	 2.641542e+02 	 2.607158e+02 	 1.911933e+02 	 1.001896e+02 	 9.681848e+01 
1.408200e-01 	 6.957970e+04 	 3.271081e+02 	 3.276059e+02 	 3.276370e+02 	 3.269969e+02 	 3.240468e+02 	 3.200403e+02 	 2.178198e+02 	 9.636014e+01 	 9.052008e+01 
1.408400e-01 	 6.959970e+04 	 3.208050e+02 	 3.205552e+02 	 3.192124e+02 	 3.162246e+02 	 3.112671e+02 	 3.053046e+02 	 2.131677e+02 	 9.678934e+01 	 9.208846e+01 
1.408800e-01 	 6.963970e+04 	 4.728062e+02 	 4.734016e+02 	 4.720810e+02 	 4.701759e+02 	 4.667018e+02 	 4.620444e+02 	 3.111617e+02 	 9.911473e+01 	 8.935824e+01 
1.409200e-01 	 6.967970e+04 	 3.472769e+02 	 3.481390e+02 	 3.487218e+02 	 3.489254e+02 	 3.466520e+02 	 3.428582e+02 	 2.368565e+02 	 9.746458e+01 	 9.066596e+01 
1.409400e-01 	 6.969970e+04 	 3.295582e+02 	 3.340413e+02 	 3.311077e+02 	 3.712115e+02 	 3.267185e+02 	 3.562346e+02 	 2.195812e+02 	 1.037268e+02 	 9.068468e+01 
1.412400e-01 	 6.999970e+04 	 4.591220e+02 	 4.599450e+02 	 4.594329e+02 	 4.583090e+02 	 4.547613e+02 	 4.507326e+02 	 2.958745e+02 	 9.788548e+01 	 9.044908e+01 
1.416400e-01 	 7.039970e+04 	 4.547795e+02 	 4.589196e+02 	 4.578330e+02 	 4.567417e+02 	 4.503944e+02 	 4.478313e+02 	 2.881209e+02 	 9.676194e+01 	 8.730151e+01 
1.420400e-01 	 7.079970e+04 	 4.716949e+02 	 4.726456e+02 	 4.729779e+02 	 4.729504e+02 	 4.704263e+02 	 4.660518e+02 	 3.051279e+02 	 9.708665e+01 	 8.670084e+01 
1.424400e-01 	 7.119970e+04 	 5.211987e+02 	 5.221269e+02 	 5.217169e+02 	 5.218959e+02 	 5.194217e+02 	 5.161118e+02 	 3.215537e+02 	 9.732414e+01 	 8.581888e+01 
1.428400e-01 	 7.159970e+04 	 5.290942e+02 	 5.290585e+02 	 5.284911e+02 	 5.284662e+02 	 5.250748e+02 	 5.209279e+02 	 3.295594e+02 	 9.814569e+01 	 8.606893e+01 
1.432400e-01 	 7.199970e+04 	 4.645253e+02 	 4.641319e+02 	 4.646773e+02 	 4.637454e+02 	 4.601075e+02 	 4.550948e+02 	 2.968548e+02 	 9.656520e+01 	 8.682275e+01 
1.435000e-01 	 7.225970e+04 	 3.452820e+02 	 3.459624e+02 	 3.461348e+02 	 3.460008e+02 	 3.431611e+02 	 3.388465e+02 	 2.318897e+02 	 9.660143e+01 	 9.021522e+01 
1.435600e-01 	 7.231970e+04 	 2.875564e+02 	 2.884125e+02 	 2.893457e+02 	 2.894486e+02 	 2.868270e+02 	 2.840617e+02 	 1.997530e+02 	 1.001004e+02 	 9.579280e+01 
1.435800e-01 	 7.233970e+04 	 3.338407e+02 	 3.330631e+02 	 3.330710e+02 	 3.318695e+02 	 3.281631e+02 	 3.238115e+02 	 2.181441e+02 	 9.585970e+01 	 9.011717e+01 
1.436000e-01 	 7.235970e+04 	 4.920933e+02 	 4.925459e+02 	 4.939639e+02 	 4.925567e+02 	 4.903321e+02 	 4.873479e+02 	 3.289136e+02 	 1.027155e+02 	 9.056825e+01 
1.436400e-01 	 7.239970e+04 	 5.591823e+02 	 5.582312e+02 	 5.575858e+02 	 5.569962e+02 	 5.546204e+02 	 5.499020e+02 	 3.759359e+02 	 1.019766e+02 	 9.074093e+01 
1.436800e-01 	 7.243970e+04 	 3.233960e+02 	 3.256379e+02 	 3.264025e+02 	 3.261771e+02 	 3.234454e+02 	 3.200946e+02 	 2.163328e+02 	 9.639026e+01 	 9.088823e+01 
1.437000e-01 	 7.245970e+04 	 3.292142e+02 	 3.307538e+02 	 3.316554e+02 	 3.301971e+02 	 3.278058e+02 	 3.245819e+02 	 2.194054e+02 	 9.602758e+01 	 9.060413e+01 
1.440400e-01 	 7.279970e+04 	 4.941938e+02 	 4.959345e+02 	 4.969593e+02 	 4.961890e+02 	 4.916251e+02 	 4.904611e+02 	 3.456825e+02 	 1.039413e+02 	 9.170584e+01 
1.444400e-01 	 7.319970e+04 	 5.663266e+02 	 5.690310e+02 	 5.664503e+02 	 5.659841e+02 	 5.627051e+02 	 5.593964e+02 	 3.966501e+02 	 1.038954e+02 	 9.002883e+01 
1.448400e-01 	 7.359970e+04 	 5.724486e+02 	 5.729660e+02 	 5.737747e+02 	 5.730280e+02 	 5.681655e+02 	 5.647628e+02 	 4.095710e+02 	 1.044007e+02 	 9.087312e+01 
1.452400e-01 	 7.399970e+04 	 5.782283e+02 	 5.782693e+02 	 5.800589e+02 	 5.807985e+02 	 5.775707e+02 	 5.752632e+02 	 4.154102e+02 	 1.078090e+02 	 9.265471e+01 
1.456400e-01 	 7.439970e+04 	 5.877731e+02 	 5.924068e+02 	 5.898245e+02 	 5.882849e+02 	 5.844730e+02 	 5.805235e+02 	 4.024755e+02 	 1.068229e+02 	 9.141417e+01 
1.460400e-01 	 7.479970e+04 	 6.795224e+02 	 6.800249e+02 	 6.816900e+02 	 6.821275e+02 	 6.812001e+02 	 6.781423e+02 	 4.650543e+02 	 1.065850e+02 	 8.858004e+01 
1.464400e-01 	 7.519970e+04 	 7.447266e+02 	 7.468054e+02 	 7.469838e+02 	 7.497465e+02 	 7.496203e+02 	 7.485585e+02 	 4.806421e+02 	 1.072249e+02 	 8.686405e+01 
1.468400e-01 	 7.559970e+04 	 9.182762e+02 	 9.166946e+02 	 9.202720e+02 	 9.181602e+02 	 9.104473e+02 	 8.973354e+02 	 5.556771e+02 	 1.175840e+02 	 9.809138e+01 
1.472400e-01 	 7.599970e+04 	 8.018610e+02 	 8.031883e+02 	 8.055222e+02 	 8.071753e+02 	 8.076159e+02 	 8.065026e+02 	 5.051310e+02 	 1.089491e+02 	 8.551185e+01 
1.476400e-01 	 7.639970e+04 	 8.261035e+02 	 8.278975e+02 	 8.307361e+02 	 8.326246e+02 	 8.328204e+02 	 8.329440e+02 	 5.166659e+02 	 1.114503e+02 	 8.688981e+01 
1.480400e-01 	 7.679970e+04 	 7.787110e+02 	 7.792595e+02 	 7.798233e+02 	 7.826561e+02 	 7.804578e+02 	 7.788134e+02 	 4.906955e+02 	 1.152133e+02 	 9.345834e+01 
1.484400e-01 	 7.719970e+04 	 8.036686e+02 	 8.044658e+02 	 8.047425e+02 	 8.067279e+02 	 8.061788e+02 	 8.039714e+02 	 5.278118e+02 	 1.214515e+02 	 9.860124e+01 
1.488400e-01 	 7.759970e+04 	 7.550722e+02 	 7.582137e+02 	 7.595050e+02 	 7.617402e+02 	 7.593092e+02 	 7.581617e+02 	 4.993609e+02 	 1.243944e+02 	 1.044623e+02 
1.492400e-01 	 7.799970e+04 	 5.292424e+02 	 5.397421e+02 	 5.381945e+02 	 5.341435e+02 	 5.295330e+02 	 5.153678e+02 	 3.196555e+02 	 1.175105e+02 	 1.071925e+02 
1.496400e-01 	 7.839970e+04 	 4.757839e+02 	 4.741371e+02 	 4.720209e+02 	 4.690372e+02 	 4.634694e+02 	 4.554176e+02 	 2.944382e+02 	 1.171460e+02 	 1.094813e+02 
1.500400e-01 	 7.879970e+04 	 4.895966e+02 	 4.896197e+02 	 4.877001e+02 	 4.847361e+02 	 4.791976e+02 	 4.728354e+02 	 3.101817e+02 	 1.223826e+02 	 1.140011e+02 
1.504400e-01 	 7.919970e+04 	 5.432575e+02 	 5.447107e+02 	 5.435778e+02 	 5.409634e+02 	 5.362534e+02 	 5.310075e+02 	 3.379219e+02 	 1.206738e+02 	 1.099627e+02 
1.508400e-01 	 7.959970e+04 	 5.449200e+02 	 5.465561e+02 	 5.454726e+02 	 5.430388e+02 	 5.385387e+02 	 5.323872e+02 	 3.403700e+02 	 1.203979e+02 	 1.106331e+02 
1.512400e-01 	 7.999970e+04 	 7.920510e+02 	 7.933861e+02 	 7.950920e+02 	 7.969998e+02 	 7.942993e+02 	 7.925308e+02 	 5.280986e+02 	 1.385599e+02 	 1.159454e+02 
1.516400e-01 	 8.039970e+04 	 8.501844e+02 	 8.518623e+02 	 8.533787e+02 	 8.537094e+02 	 8.530822e+02 	 8.515778e+02 	 5.679641e+02 	 1.321741e+02 	 1.080554e+02 
1.520400e-01 	 8.079970e+04 	 7.707946e+02 	 7.710031e+02 	 7.711912e+02 	 7.707243e+02 	 7.686245e+02 	 7.640813e+02 	 4.874496e+02 	 1.253280e+02 	 1.037320e+02 
1.524400e-01 	 8.119970e+04 	 8.407098e+02 	 8.416312e+02 	 8.419834e+02 	 8.432010e+02 	 8.410402e+02 	 8.391075e+02 	 5.435109e+02 	 1.225206e+02 	 9.825669e+01 
1.528400e-01 	 8.159970e+04 	 9.200799e+02 	 8.856332e+02 	 9.212365e+02 	 9.232212e+02 	 9.214496e+02 	 9.187206e+02 	 5.823803e+02 	 1.261996e+02 	 9.874698e+01 
1.532400e-01 	 8.199970e+04 	 8.784064e+02 	 8.790894e+02 	 8.808657e+02 	 8.833880e+02 	 8.847311e+02 	 8.849670e+02 	 5.824672e+02 	 1.196977e+02 	 9.415212e+01 
1.536400e-01 	 8.239970e+04 	 8.604541e+02 	 8.630235e+02 	 8.647249e+02 	 8.667713e+02 	 8.667310e+02 	 8.652717e+02 	 5.544110e+02 	 1.175608e+02 	 9.285570e+01 
1.540400e-01 	 8.279970e+04 	 8.532943e+02 	 8.537658e+02 	 8.547737e+02 	 8.578483e+02 	 8.567356e+02 	 8.555500e+02 	 5.566026e+02 	 1.156144e+02 	 9.064190e+01 
1.544400e-01 	 8.319970e+04 	 8.404517e+02 	 8.412142e+02 	 8.434395e+02 	 8.459312e+02 	 8.449789e+02 	 8.444875e+02 	 5.579127e+02 	 1.154561e+02 	 8.934926e+01 
1.548400e-01 	 8.359970e+04 	 8.361000e+02 	 8.371590e+02 	 8.390147e+02 	 8.422074e+02 	 8.428020e+02 	 8.424623e+02 	 5.732282e+02 	 1.175912e+02 	 9.045131e+01 
1.552400e-01 	 8.399970e+04 	 8.358822e+02 	 8.366851e+02 	 8.388224e+02 	 8.405731e+02 	 8.407948e+02 	 8.395356e+02 	 5.729785e+02 	 1.165344e+02 	 8.936457e+01 
1.556400e-01 	 8.439970e+04 	 8.267903e+02 	 8.275517e+02 	 8.293019e+02 	 8.315449e+02 	 8.318780e+02 	 8.311122e+02 	 5.422422e+02 	 1.112103e+02 	 8.728700e+01 
1.560400e-01 	 8.479970e+04 	 8.683782e+02 	 8.691586e+02 	 8.687178e+02 	 8.444005e+02 	 8.698011e+02 	 8.671835e+02 	 5.638429e+02 	 1.154783e+02 	 8.700974e+01 
1.564400e-01 	 8.519970e+04 	 8.363360e+02 	 8.378837e+02 	 8.389734e+02 	 8.421666e+02 	 8.415834e+02 	 8.401886e+02 	 5.479726e+02 	 1.138957e+02 	 8.862864e+01 
1.568400e-01 	 8.559970e+04 	 8.612474e+02 	 8.608633e+02 	 8.613891e+02 	 8.632185e+02 	 8.545988e+02 	 8.605249e+02 	 5.816952e+02 	 1.166476e+02 	 8.990955e+01 
1.572400e-01 	 8.599970e+04 	 8.510659e+02 	 8.517634e+02 	 8.536165e+02 	 8.556729e+02 	 8.568724e+02 	 8.569905e+02 	 5.731188e+02 	 1.147947e+02 	 8.983106e+01 
1.576400e-01 	 8.639970e+04 	 8.522821e+02 	 8.520468e+02 	 8.534452e+02 	 8.552133e+02 	 8.542433e+02 	 8.536064e+02 	 5.467130e+02 	 1.164246e+02 	 9.186715e+01 
1.580400e-01 	 8.679970e+04 	 8.705733e+02 	 8.726875e+02 	 8.750169e+02 	 8.788197e+02 	 8.802618e+02 	 8.808716e+02 	 5.907777e+02 	 1.225572e+02 	 9.414485e+01 
1.584400e-01 	 8.719970e+04 	 8.818277e+02 	 8.817438e+02 	 8.837762e+02 	 8.858115e+02 	 8.857369e+02 	 8.855218e+02 	 5.865722e+02 	 1.184532e+02 	 9.273151e+01 
1.588400e-01 	 8.759970e+04 	 8.902715e+02 	 8.913274e+02 	 8.916005e+02 	 8.942351e+02 	 8.942945e+02 	 8.930989e+02 	 5.653047e+02 	 1.212952e+02 	 9.532733e+01 
1.592400e-01 	 8.799970e+04 	 9.061353e+02 	 9.077273e+02 	 9.081609e+02 	 9.128873e+02 	 9.121991e+02 	 9.121618e+02 	 6.045657e+02 	 1.255889e+02 	 9.619760e+01 
1.596400e-01 	 8.839970e+04 	 9.198300e+02 	 9.212899e+02 	 9.227241e+02 	 9.250560e+02 	 9.258346e+02 	 9.260493e+02 	 6.044893e+02 	 1.231463e+02 	 9.525935e+01 
1.600400e-01 	 8.879970e+04 	 9.273583e+02 	 9.288373e+02 	 9.301673e+02 	 9.332862e+02 	 9.332769e+02 	 9.340420e+02 	 6.029972e+02 	 1.243504e+02 	 9.720687e+01 
1.604400e-01 	 8.919970e+04 	 9.513732e+02 	 9.513118e+02 	 9.519911e+02 	 9.551988e+02 	 9.560046e+02 	 9.563662e+02 	 6.245890e+02 	 1.296581e+02 	 9.994850e+01 
1.608400e-01 	 8.959970e+04 	 9.163655e+02 	 9.183400e+02 	 9.195837e+02 	 9.222123e+02 	 9.225767e+02 	 9.214034e+02 	 5.938369e+02 	 1.313421e+02 	 1.040900e+02 
1.612400e-01 	 8.999970e+04 	 9.915109e+02 	 9.945108e+02 	 9.958201e+02 	 1.000359e+03 	 9.977926e+02 	 1.000408e+03 	 6.418760e+02 	 1.344770e+02 	 1.036151e+02 
1.616400e-01 	 9.039970e+04 	 1.012984e+03 	 1.014587e+03 	 1.016399e+03 	 1.020028e+03 	 1.020121e+03 	 1.021715e+03 	 6.515188e+02 	 1.387036e+02 	 1.061947e+02 
1.620400e-01 	 9.079970e+04 	 9.703599e+02 	 9.726271e+02 	 9.731830e+02 	 9.747076e+02 	 9.733712e+02 	 9.761547e+02 	 5.794355e+02 	 1.408846e+02 	 1.111752e+02 
1.624400e-01 	 9.119970e+04 	 1.004702e+03 	 1.004739e+03 	 1.005743e+03 	 1.007140e+03 	 1.005425e+03 	 1.005893e+03 	 6.212612e+02 	 1.430043e+02 	 1.140820e+02 
1.628400e-01 	 9.159970e+04 	 1.024070e+03 	 1.026143e+03 	 1.026318e+03 	 1.028789e+03 	 1.028181e+03 	 1.028344e+03 	 6.819698e+02 	 1.511530e+02 	 1.187004e+02 
1.632400e-01 	 9.199970e+04 	 1.039658e+03 	 1.039605e+03 	 1.040290e+03 	 1.041733e+03 	 1.040534e+03 	 1.040822e+03 	 6.837224e+02 	 1.536763e+02 	 1.206586e+02 
1.636400e-01 	 9.239970e+04 	 1.063398e+03 	 1.064363e+03 	 1.064739e+03 	 1.065877e+03 	 1.065032e+03 	 1.065244e+03 	 6.702104e+02 	 1.578586e+02 	 1.256570e+02 
1.640400e-01 	 9.279970e+04 	 1.030599e+03 	 1.029576e+03 	 1.031228e+03 	 1.033442e+03 	 1.030269e+03 	 1.029870e+03 	 6.597664e+02 	 1.609342e+02 	 1.299089e+02 
1.644400e-01 	 9.319970e+04 	 1.048732e+03 	 1.049542e+03 	 1.049633e+03 	 1.049892e+03 	 1.046788e+03 	 1.045417e+03 	 6.841500e+02 	 1.690555e+02 	 1.375410e+02 
1.648400e-01 	 9.359970e+04 	 1.069111e+03 	 1.069736e+03 	 1.070352e+03 	 1.071325e+03 	 1.068873e+03 	 1.067047e+03 	 6.912211e+02 	 1.725363e+02 	 1.404188e+02 
1.652400e-01 	 9.399970e+04 	 1.127543e+03 	 1.130213e+03 	 1.129653e+03 	 1.133357e+03 	 1.134250e+03 	 1.133938e+03 	 7.309627e+02 	 1.714586e+02 	 1.352793e+02 
1.656400e-01 	 9.439970e+04 	 1.141076e+03 	 1.140915e+03 	 1.141316e+03 	 1.144044e+03 	 1.145693e+03 	 1.148202e+03 	 7.408640e+02 	 1.673529e+02 	 1.279638e+02 
1.660400e-01 	 9.479970e+04 	 1.215586e+03 	 1.215978e+03 	 1.218615e+03 	 1.222147e+03 	 1.225157e+03 	 1.227277e+03 	 7.211054e+02 	 1.612873e+02 	 1.205670e+02 
1.664400e-01 	 9.519970e+04 	 1.233819e+03 	 1.233996e+03 	 1.235414e+03 	 1.241002e+03 	 1.242167e+03 	 1.246038e+03 	 7.336178e+02 	 1.573944e+02 	 1.129159e+02 
1.668400e-01 	 9.559970e+04 	 1.261734e+03 	 1.262839e+03 	 1.263886e+03 	 1.269292e+03 	 1.270736e+03 	 1.274197e+03 	 7.108147e+02 	 1.548886e+02 	 1.089725e+02 
1.672400e-01 	 9.599970e+04 	 1.310683e+03 	 1.310551e+03 	 1.312476e+03 	 1.318576e+03 	 1.322934e+03 	 1.328477e+03 	 7.523746e+02 	 1.507352e+02 	 1.003699e+02 
1.676400e-01 	 9.639970e+04 	 1.376357e+03 	 1.377518e+03 	 1.379968e+03 	 1.387873e+03 	 1.394773e+03 	 1.401769e+03 	 7.370167e+02 	 1.463585e+02 	 9.601962e+01 
1.680400e-01 	 9.679970e+04 	 1.362433e+03 	 1.364167e+03 	 1.364846e+03 	 1.372618e+03 	 1.377832e+03 	 1.383779e+03 	 6.785940e+02 	 1.441978e+02 	 9.631486e+01 
1.684400e-01 	 9.719970e+04 	 1.367968e+03 	 1.369062e+03 	 1.375507e+03 	 1.378390e+03 	 1.384331e+03 	 1.389882e+03 	 6.929902e+02 	 1.456193e+02 	 9.532564e+01 
1.688400e-01 	 9.759970e+04 	 1.430700e+03 	 1.433504e+03 	 1.436985e+03 	 1.444245e+03 	 1.450677e+03 	 1.458585e+03 	 6.914599e+02 	 1.381948e+02 	 9.099709e+01 
1.692400e-01 	 9.799970e+04 	 1.411579e+03 	 1.413410e+03 	 1.418414e+03 	 1.426436e+03 	 1.432422e+03 	 1.438480e+03 	 7.476750e+02 	 1.387554e+02 	 8.630459e+01 
1.696400e-01 	 9.839970e+04 	 1.471096e+03 	 1.473372e+03 	 1.477139e+03 	 1.486131e+03 	 1.493463e+03 	 1.504245e+03 	 7.300763e+02 	 1.353789e+02 	 8.400159e+01 
1.700400e-01 	 9.879970e+04 	 1.455034e+03 	 1.457973e+03 	 1.461263e+03 	 1.470307e+03 	 1.478801e+03 	 1.489971e+03 	 7.378804e+02 	 1.329131e+02 	 8.275846e+01 
1.704400e-01 	 9.919970e+04 	 1.447866e+03 	 1.450616e+03 	 1.454111e+03 	 1.463444e+03 	 1.469861e+03 	 1.479357e+03 	 7.589808e+02 	 1.319136e+02 	 7.969746e+01 
1.708400e-01 	 9.959970e+04 	 1.459534e+03 	 1.461047e+03 	 1.465224e+03 	 1.473833e+03 	 1.481161e+03 	 1.490613e+03 	 7.529936e+02 	 1.310289e+02 	 7.924073e+01 
1.712400e-01 	 9.999970e+04 	 1.454677e+03 	 1.455780e+03 	 1.459625e+03 	 1.468664e+03 	 1.475680e+03 	 1.485583e+03 	 7.773202e+02 	 1.541239e+02 	 7.795699e+01 
1.716400e-01 	 1.003997e+05 	 1.467268e+03 	 1.469025e+03 	 1.474830e+03 	 1.482622e+03 	 1.492399e+03 	 1.503184e+03 	 7.675332e+02 	 1.328413e+02 	 7.829081e+01 
1.720400e-01 	 1.007997e+05 	 1.504058e+03 	 1.506676e+03 	 1.511754e+03 	 1.518647e+03 	 1.527391e+03 	 1.536783e+03 	 7.371941e+02 	 1.321886e+02 	 8.194838e+01 
1.724400e-01 	 1.011997e+05 	 1.485298e+03 	 1.486378e+03 	 1.489633e+03 	 1.498472e+03 	 1.506476e+03 	 1.516953e+03 	 7.606198e+02 	 1.334458e+02 	 7.917021e+01 
1.728400e-01 	 1.015997e+05 	 1.502315e+03 	 1.505647e+03 	 1.508650e+03 	 1.517250e+03 	 1.525714e+03 	 1.533816e+03 	 7.651649e+02 	 1.340075e+02 	 8.092799e+01 
1.732400e-01 	 1.019997e+05 	 1.502790e+03 	 1.502675e+03 	 1.507266e+03 	 1.517109e+03 	 1.524976e+03 	 1.534384e+03 	 7.441445e+02 	 1.349089e+02 	 8.313204e+01 
1.736400e-01 	 1.023997e+05 	 1.479459e+03 	 1.479911e+03 	 1.483041e+03 	 1.493379e+03 	 1.498974e+03 	 1.509408e+03 	 7.638562e+02 	 1.330344e+02 	 8.042023e+01 
1.740400e-01 	 1.027997e+05 	 1.469483e+03 	 1.470990e+03 	 1.475458e+03 	 1.482153e+03 	 1.491898e+03 	 1.500794e+03 	 7.746185e+02 	 1.330637e+02 	 8.031366e+01 
1.744400e-01 	 1.031997e+05 	 1.467446e+03 	 1.469331e+03 	 1.473279e+03 	 1.482297e+03 	 1.489124e+03 	 1.500690e+03 	 7.660948e+02 	 1.332710e+02 	 8.155760e+01 
1.748400e-01 	 1.035997e+05 	 1.474423e+03 	 1.476390e+03 	 1.480150e+03 	 1.488105e+03 	 1.495842e+03 	 1.503993e+03 	 7.193345e+02 	 1.383321e+02 	 8.577027e+01 
1.752400e-01 	 1.039997e+05 	 1.430183e+03 	 1.431213e+03 	 1.434039e+03 	 1.442405e+03 	 1.448778e+03 	 1.456063e+03 	 7.767947e+02 	 1.443673e+02 	 8.962916e+01 
1.756400e-01 	 1.043997e+05 	 1.442179e+03 	 1.445036e+03 	 1.448863e+03 	 1.454637e+03 	 1.460679e+03 	 1.467327e+03 	 7.678154e+02 	 1.459604e+02 	 9.370233e+01 
1.758400e-01 	 1.045997e+05 	 1.227824e+03 	 1.228584e+03 	 1.228567e+03 	 1.233195e+03 	 1.233147e+03 	 1.234747e+03 	 4.623337e+02 	 1.287385e+02 	 9.818286e+01 
1.758600e-01 	 1.046197e+05 	 1.172939e+03 	 1.169695e+03 	 1.167775e+03 	 1.169452e+03 	 1.166534e+03 	 1.167420e+03 	 4.398557e+02 	 1.281386e+02 	 9.916575e+01 
1.758800e-01 	 1.046397e+05 	 1.269337e+03 	 1.268835e+03 	 1.269729e+03 	 1.271731e+03 	 1.273044e+03 	 1.275340e+03 	 4.882093e+02 	 1.309109e+02 	 9.769247e+01 
1.760400e-01 	 1.047997e+05 	 1.295265e+03 	 1.295516e+03 	 1.293604e+03 	 1.298972e+03 	 1.298309e+03 	 1.300853e+03 	 5.520728e+02 	 1.366059e+02 	 9.962028e+01 
1.764400e-01 	 1.051997e+05 	 1.384557e+03 	 1.383152e+03 	 1.383710e+03 	 1.389377e+03 	 1.394280e+03 	 1.401189e+03 	 7.997721e+02 	 1.562920e+02 	 1.030374e+02 
1.768400e-01 	 1.055997e+05 	 1.379310e+03 	 1.377338e+03 	 1.378807e+03 	 1.383470e+03 	 1.388525e+03 	 1.395502e+03 	 8.003304e+02 	 1.660268e+02 	 1.108720e+02 
1.772400e-01 	 1.059997e+05 	 1.349507e+03 	 1.345795e+03 	 1.344831e+03 	 1.348531e+03 	 1.352039e+03 	 1.358546e+03 	 8.130357e+02 	 1.721446e+02 	 1.204970e+02 
1.776400e-01 	 1.063997e+05 	 1.333972e+03 	 1.329804e+03 	 1.328079e+03 	 1.331804e+03 	 1.332691e+03 	 1.336543e+03 	 7.688104e+02 	 1.782962e+02 	 1.330816e+02 
1.780400e-01 	 1.067997e+05 	 1.299103e+03 	 1.288940e+03 	 1.287264e+03 	 1.288321e+03 	 1.288629e+03 	 1.291748e+03 	 7.528181e+02 	 1.863177e+02 	 1.403166e+02 
1.784400e-01 	 1.071997e+05 	 1.301441e+03 	 1.294146e+03 	 1.292229e+03 	 1.295589e+03 	 1.296545e+03 	 1.302691e+03 	 8.343798e+02 	 1.845814e+02 	 1.362966e+02 
1.788400e-01 	 1.075997e+05 	 1.250577e+03 	 1.239574e+03 	 1.232607e+03 	 1.233534e+03 	 1.231138e+03 	 1.233427e+03 	 6.786878e+02 	 1.889904e+02 	 1.372481e+02 
1.792400e-01 	 1.079997e+05 	 1.316479e+03 	 1.310057e+03 	 1.306453e+03 	 1.308339e+03 	 1.310945e+03 	 1.317413e+03 	 8.456376e+02 	 1.897902e+02 	 1.410778e+02 
1.796400e-01 	 1.083997e+05 	 1.319761e+03 	 1.313897e+03 	 1.309668e+03 	 1.313016e+03 	 1.315059e+03 	 1.320725e+03 	 8.218716e+02 	 1.933893e+02 	 1.445149e+02 
1.800400e-01 	 1.087997e+05 	 1.300259e+03 	 1.314177e+03 	 1.306787e+03 	 1.287182e+03 	 1.287371e+03 	 1.292470e+03 	 8.688869e+02 	 2.001605e+02 	 1.549936e+02 
1.804400e-01 	 1.091997e+05 	 1.249042e+03 	 1.236012e+03 	 1.226064e+03 	 1.224413e+03 	 1.223516e+03 	 1.227032e+03 	 8.549307e+02 	 2.212650e+02 	 1.850867e+02 
1.807800e-01 	 1.095397e+05 	 8.247985e+02 	 8.083723e+02 	 7.946453e+02 	 7.854100e+02 	 7.777057e+02 	 7.744998e+02 	 4.789795e+02 	 1.979213e+02 	 1.741763e+02 
1.808000e-01 	 1.095597e+05 	 8.623770e+02 	 8.440173e+02 	 8.268083e+02 	 8.193313e+02 	 8.104388e+02 	 8.062972e+02 	 5.137519e+02 	 1.836314e+02 	 1.705172e+02 
1.808200e-01 	 1.095797e+05 	 9.425243e+02 	 9.237522e+02 	 9.075050e+02 	 9.002797e+02 	 8.918088e+02 	 8.886732e+02 	 5.621780e+02 	 1.909140e+02 	 1.750906e+02 
1.808400e-01 	 1.095997e+05 	 1.043491e+03 	 1.025547e+03 	 1.009384e+03 	 1.003119e+03 	 9.957813e+02 	 9.952690e+02 	 6.533010e+02 	 2.061019e+02 	 1.898013e+02 
1.812400e-01 	 1.099997e+05 	 1.136275e+03 	 1.116864e+03 	 1.103756e+03 	 1.097778e+03 	 1.094185e+03 	 1.098289e+03 	 8.707043e+02 	 2.846664e+02 	 2.716403e+02 
1.816400e-01 	 1.103997e+05 	 1.004823e+03 	 9.797842e+02 	 9.609417e+02 	 9.546824e+02 	 9.505221e+02 	 9.508321e+02 	 7.859822e+02 	 3.109862e+02 	 3.107875e+02 
1.820400e-01 	 1.107997e+05 	 9.180609e+02 	 8.891812e+02 	 8.666631e+02 	 8.584676e+02 	 8.501937e+02 	 8.519829e+02 	 7.841735e+02 	 3.660565e+02 	 3.764625e+02 
1.824400e-01 	 1.111997e+05 	 9.065074e+02 	 8.802412e+02 	 8.572451e+02 	 8.513761e+02 	 8.425916e+02 	 8.488455e+02 	 8.333022e+02 	 4.358263e+02 	 4.620514e+02 
1.828400e-01 	 1.115997e+05 	 9.113280e+02 	 8.898959e+02 	 8.669909e+02 	 8.579789e+02 	 8.429610e+02 	 8.566236e+02 	 8.350623e+02 	 4.518345e+02 	 4.762430e+02 
1.832400e-01 	 1.119997e+05 	 9.555602e+02 	 9.265917e+02 	 9.033940e+02 	 8.969632e+02 	 8.908040e+02 	 8.943258e+02 	 8.636179e+02 	 4.372922e+02 	 4.599665e+02 
1.836400e-01 	 1.123997e+05 	 9.253374e+02 	 1.018851e+03 	 9.960874e+02 	 8.624079e+02 	 9.773065e+02 	 8.609195e+02 	 9.540844e+02 	 6.067258e+02 	 5.825394e+02 
1.840400e-01 	 1.127997e+05 	 9.111551e+02 	 8.799082e+02 	 8.554752e+02 	 8.455419e+02 	 8.379068e+02 	 8.428112e+02 	 8.079161e+02 	 4.093508e+02 	 4.284653e+02 
1.844400e-01 	 1.131997e+05 	 9.641321e+02 	 9.332309e+02 	 9.112401e+02 	 9.018036e+02 	 8.964450e+02 	 9.021143e+02 	 8.686246e+02 	 4.289938e+02 	 4.496502e+02 
1.848400e-01 	 1.135997e+05 	 9.705878e+02 	 9.404379e+02 	 9.163896e+02 	 9.080925e+02 	 9.016181e+02 	 9.059696e+02 	 8.665858e+02 	 4.239175e+02 	 4.443797e+02 
1.849200e-01 	 1.136797e+05 	 9.455147e+02 	 6.446153e+02 	 8.819115e+02 	 6.122916e+02 	 8.350668e+02 	 8.169331e+02 	 7.513238e+02 	 4.064704e+02 	 3.550354e+02 
1.849400e-01 	 1.136997e+05 	 3.668542e+02 	 3.610435e+02 	 3.549149e+02 	 3.536134e+02 	 3.496504e+02 	 3.524892e+02 	 3.374695e+02 	 2.168135e+02 	 2.190059e+02 
1.849600e-01 	 1.137197e+05 	 5.659907e+02 	 5.411517e+02 	 5.210328e+02 	 5.119595e+02 	 5.034408e+02 	 5.019672e+02 	 4.594847e+02 	 2.525853e+02 	 2.576014e+02 
1.849800e-01 	 1.137397e+05 	 5.892854e+02 	 5.633491e+02 	 5.436155e+02 	 5.356355e+02 	 5.282696e+02 	 5.285054e+02 	 4.917693e+02 	 2.646889e+02 	 2.716535e+02 
1.852400e-01 	 1.139997e+05 	 6.763854e+02 	 6.493815e+02 	 6.267920e+02 	 6.155816e+02 	 6.073774e+02 	 6.061193e+02 	 5.406024e+02 	 2.689210e+02 	 2.755663e+02 
1.852400e-01 	 1.139997e+05 	 6.767117e+02 	 6.498758e+02 	 6.269510e+02 	 6.171554e+02 	 6.080257e+02 	 6.068023e+02 	 5.422249e+02 	 2.691223e+02 	 2.751921e+02 
1.853800e-01 	 1.141397e+05 	 7.636002e+02 	 7.335902e+02 	 7.089665e+02 	 6.985197e+02 	 6.906998e+02 	 6.878029e+02 	 6.125234e+02 	 2.924555e+02 	 2.965493e+02 
1.854800e-01 	 1.142397e+05 	 9.311345e+02 	 8.976272e+02 	 8.650244e+02 	 8.457822e+02 	 8.354016e+02 	 8.188046e+02 	 7.100217e+02 	 2.998480e+02 	 3.095826e+02 
1.856400e-01 	 1.143997e+05 	 5.796469e+02 	 5.556482e+02 	 5.396689e+02 	 5.263121e+02 	 5.203654e+02 	 5.160810e+02 	 4.525622e+02 	 2.281321e+02 	 2.315742e+02 
1.856400e-01 	 1.143997e+05 	 5.815238e+02 	 5.573862e+02 	 5.383016e+02 	 5.234836e+02 	 5.148224e+02 	 5.130781e+02 	 4.469977e+02 	 2.279729e+02 	 2.313994e+02 
1.856600e-01 	 1.144197e+05 	 7.624268e+02 	 7.316937e+02 	 7.081299e+02 	 6.970962e+02 	 6.863299e+02 	 6.860792e+02 	 6.072707e+02 	 2.891512e+02 	 2.952705e+02 
1.856800e-01 	 1.144397e+05 	 6.400060e+02 	 6.135100e+02 	 5.914086e+02 	 5.837352e+02 	 5.746357e+02 	 5.747047e+02 	 4.900738e+02 	 2.373215e+02 	 2.391680e+02 
1.857000e-01 	 1.144597e+05 	 7.012203e+02 	 6.729994e+02 	 6.509434e+02 	 6.412779e+02 	 6.315589e+02 	 6.299633e+02 	 5.295659e+02 	 2.475566e+02 	 2.496809e+02 
1.857200e-01 	 1.144797e+05 	 7.436236e+02 	 7.137712e+02 	 6.920846e+02 	 6.797961e+02 	 6.695000e+02 	 6.694372e+02 	 5.815632e+02 	 2.729510e+02 	 2.793354e+02 
1.859000e-01 	 1.146597e+05 	 7.819028e+02 	 7.527063e+02 	 7.283796e+02 	 7.169542e+02 	 7.060322e+02 	 7.035943e+02 	 5.779123e+02 	 2.585318e+02 	 2.605705e+02 
1.860400e-01 	 1.147997e+05 	 9.486123e+02 	 9.170385e+02 	 8.942802e+02 	 8.849082e+02 	 8.770063e+02 	 8.762077e+02 	 7.244384e+02 	 2.976820e+02 	 2.985646e+02 
1.862000e-01 	 1.149597e+05 	 7.491981e+02 	 7.220392e+02 	 6.996820e+02 	 6.883880e+02 	 6.796200e+02 	 6.781242e+02 	 5.455002e+02 	 2.407888e+02 	 2.392878e+02 
1.864400e-01 	 1.151997e+05 	 1.014509e+03 	 9.876042e+02 	 9.635073e+02 	 9.537866e+02 	 9.441649e+02 	 9.448286e+02 	 7.562860e+02 	 2.916412e+02 	 2.871930e+02 
1.868400e-01 	 1.155997e+05 	 1.174752e+03 	 1.152054e+03 	 1.133744e+03 	 1.127990e+03 	 1.123379e+03 	 1.126744e+03 	 8.941368e+02 	 2.852611e+02 	 2.696209e+02 
1.872400e-01 	 1.159997e+05 	 1.219118e+03 	 1.198119e+03 	 1.183516e+03 	 1.175520e+03 	 1.173550e+03 	 1.177843e+03 	 9.192343e+02 	 2.681738e+02 	 2.431607e+02 
1.876400e-01 	 1.163997e+05 	 1.256507e+03 	 1.235719e+03 	 1.218011e+03 	 1.213865e+03 	 1.209131e+03 	 1.212170e+03 	 9.035065e+02 	 2.485369e+02 	 2.197321e+02 
1.880400e-01 	 1.167997e+05 	 1.302116e+03 	 1.286159e+03 	 1.273620e+03 	 1.271146e+03 	 1.268115e+03 	 1.273672e+03 	 9.191051e+02 	 2.320605e+02 	 1.921336e+02 
1.881600e-01 	 1.169197e+05 	 9.752684e+02 	 9.524593e+02 	 9.355802e+02 	 9.301960e+02 	 9.222299e+02 	 9.200185e+02 	 5.342454e+02 	 1.843664e+02 	 1.572248e+02 
1.881800e-01 	 1.169397e+05 	 9.663358e+02 	 9.452795e+02 	 9.293471e+02 	 9.227712e+02 	 9.068680e+02 	 9.068659e+02 	 4.995851e+02 	 1.591629e+02 	 1.425379e+02 
1.882400e-01 	 1.169997e+05 	 1.042631e+03 	 1.020118e+03 	 1.003090e+03 	 9.985086e+02 	 9.913205e+02 	 9.895138e+02 	 5.320248e+02 	 1.664563e+02 	 1.439784e+02 
1.882800e-01 	 1.170397e+05 	 7.113231e+02 	 6.904146e+02 	 6.837939e+02 	 6.743226e+02 	 6.765951e+02 	 6.775537e+02 	 3.619175e+02 	 1.565948e+02 	 1.422394e+02 
1.883000e-01 	 1.170597e+05 	 1.047822e+03 	 1.024800e+03 	 1.008945e+03 	 1.004468e+03 	 9.992652e+02 	 9.989810e+02 	 5.394282e+02 	 1.677769e+02 	 1.428766e+02 
1.884400e-01 	 1.171997e+05 	 1.150527e+03 	 1.130813e+03 	 1.115811e+03 	 1.112176e+03 	 1.106331e+03 	 1.106408e+03 	 5.889214e+02 	 1.677127e+02 	 1.410425e+02 
1.884400e-01 	 1.171997e+05 	 1.149416e+03 	 1.130784e+03 	 1.119381e+03 	 1.114711e+03 	 1.111224e+03 	 1.111583e+03 	 5.978305e+02 	 1.711304e+02 	 1.431735e+02 
1.886600e-01 	 1.174197e+05 	 1.278952e+03 	 1.258817e+03 	 1.245525e+03 	 1.242652e+03 	 1.237349e+03 	 1.239310e+03 	 6.425438e+02 	 1.703302e+02 	 1.386971e+02 
1.887000e-01 	 1.174597e+05 	 1.206575e+03 	 1.183942e+03 	 1.167344e+03 	 1.164454e+03 	 1.158479e+03 	 1.158728e+03 	 5.894852e+02 	 1.734111e+02 	 1.436845e+02 
1.888400e-01 	 1.175997e+05 	 1.185965e+03 	 1.163516e+03 	 1.149573e+03 	 1.145063e+03 	 1.139571e+03 	 1.138937e+03 	 5.415901e+02 	 1.642056e+02 	 1.348733e+02 
1.888600e-01 	 1.176197e+05 	 1.188403e+03 	 1.168673e+03 	 1.152957e+03 	 1.149072e+03 	 1.143724e+03 	 1.143197e+03 	 5.479268e+02 	 1.684065e+02 	 1.412142e+02 
1.890200e-01 	 1.177797e+05 	 1.309217e+03 	 1.287508e+03 	 1.276023e+03 	 1.272297e+03 	 1.268520e+03 	 1.272083e+03 	 6.327483e+02 	 1.640374e+02 	 1.290404e+02 
1.892400e-01 	 1.179997e+05 	 1.394495e+03 	 1.378572e+03 	 1.365494e+03 	 1.365754e+03 	 1.372021e+03 	 1.367020e+03 	 6.229242e+02 	 1.599966e+02 	 1.216462e+02 
1.893800e-01 	 1.181397e+05 	 1.422008e+03 	 1.402124e+03 	 1.391742e+03 	 1.392386e+03 	 1.392081e+03 	 1.397000e+03 	 6.858912e+02 	 1.902639e+02 	 1.362762e+02 
1.896400e-01 	 1.183997e+05 	 1.522325e+03 	 1.508374e+03 	 1.498696e+03 	 1.500996e+03 	 1.493707e+03 	 1.506718e+03 	 7.327140e+02 	 1.946637e+02 	 1.339935e+02 
1.900400e-01 	 1.187997e+05 	 1.648070e+03 	 1.633527e+03 	 1.626280e+03 	 1.632223e+03 	 1.638224e+03 	 1.647977e+03 	 7.662931e+02 	 1.935968e+02 	 1.253370e+02 
1.904400e-01 	 1.191997e+05 	 1.654951e+03 	 1.640952e+03 	 1.633754e+03 	 1.639742e+03 	 1.643329e+03 	 1.654369e+03 	 7.639866e+02 	 1.645652e+02 	 1.111704e+02 
1.908400e-01 	 1.195997e+05 	 1.384717e+03 	 1.370673e+03 	 1.362020e+03 	 1.365759e+03 	 1.370335e+03 	 1.379950e+03 	 5.122161e+02 	 1.551940e+02 	 1.145980e+02 
1.908400e-01 	 1.195997e+05 	 1.385496e+03 	 1.368810e+03 	 1.361228e+03 	 1.366973e+03 	 1.370251e+03 	 1.380592e+03 	 5.135985e+02 	 1.562662e+02 	 1.124795e+02 
1.908600e-01 	 1.196197e+05 	 1.432322e+03 	 1.414091e+03 	 1.404561e+03 	 1.409161e+03 	 1.408212e+03 	 1.406763e+03 	 5.148001e+02 	 1.418741e+02 	 1.079242e+02 
1.908800e-01 	 1.196397e+05 	 1.545247e+03 	 1.530787e+03 	 1.521484e+03 	 1.527295e+03 	 1.529802e+03 	 1.538500e+03 	 5.919450e+02 	 1.442561e+02 	 1.054735e+02 
1.912000e-01 	 1.199597e+05 	 1.251741e+03 	 1.236301e+03 	 1.226822e+03 	 1.233256e+03 	 1.231650e+03 	 1.240922e+03 	 4.590048e+02 	 1.415738e+02 	 1.109766e+02 
1.912200e-01 	 1.199797e+05 	 1.543664e+03 	 1.534727e+03 	 1.525301e+03 	 1.521289e+03 	 1.524854e+03 	 1.537978e+03 	 6.456040e+02 	 1.640051e+02 	 1.126502e+02 
1.912400e-01 	 1.199997e+05 	 1.536864e+03 	 1.522194e+03 	 1.512218e+03 	 1.518649e+03 	 1.521203e+03 	 1.528770e+03 	 6.074831e+02 	 1.572604e+02 	 1.094082e+02 
1.916400e-01 	 1.203997e+05 	 1.657313e+03 	 1.641206e+03 	 1.633150e+03 	 1.636233e+03 	 1.639861e+03 	 1.654045e+03 	 6.713646e+02 	 1.477582e+02 	 1.019019e+02 
1.918600e-01 	 1.206197e+05 	 1.669206e+03 	 1.652548e+03 	 1.643749e+03 	 1.648837e+03 	 1.652140e+03 	 1.663337e+03 	 6.969693e+02 	 1.484420e+02 	 1.024195e+02 
1.920400e-01 	 1.207997e+05 	 1.703518e+03 	 1.696762e+03 	 1.695415e+03 	 1.702274e+03 	 1.711740e+03 	 1.724072e+03 	 9.666358e+02 	 1.709324e+02 	 1.048486e+02 
1.924400e-01 	 1.211997e+05 	 1.747088e+03 	 1.737672e+03 	 1.734815e+03 	 1.742179e+03 	 1.748445e+03 	 1.759868e+03 	 9.207325e+02 	 1.919602e+02 	 1.080070e+02 
1.928400e-01 	 1.215997e+05 	 1.707630e+03 	 1.699281e+03 	 1.697898e+03 	 1.705060e+03 	 1.713994e+03 	 1.728348e+03 	 9.782721e+02 	 1.751129e+02 	 1.057670e+02 
1.932400e-01 	 1.219997e+05 	 1.627911e+03 	 1.617024e+03 	 1.613696e+03 	 1.620897e+03 	 1.626658e+03 	 1.637258e+03 	 1.002279e+03 	 1.796714e+02 	 1.105503e+02 
1.936400e-01 	 1.223997e+05 	 1.633636e+03 	 1.624175e+03 	 1.620583e+03 	 1.626956e+03 	 1.632948e+03 	 1.645966e+03 	 9.902679e+02 	 1.890676e+02 	 1.224663e+02 
1.940400e-01 	 1.227997e+05 	 1.609085e+03 	 1.596089e+03 	 1.589402e+03 	 1.593015e+03 	 1.597295e+03 	 1.607630e+03 	 9.970724e+02 	 1.964024e+02 	 1.328447e+02 
1.944400e-01 	 1.231997e+05 	 1.589959e+03 	 1.573220e+03 	 1.563912e+03 	 1.566628e+03 	 1.568098e+03 	 1.577102e+03 	 9.876504e+02 	 2.047749e+02 	 1.422099e+02 
1.948400e-01 	 1.235997e+05 	 1.541965e+03 	 1.521734e+03 	 1.510355e+03 	 1.511047e+03 	 1.512500e+03 	 1.520134e+03 	 1.003855e+03 	 2.197619e+02 	 1.616093e+02 
1.952400e-01 	 1.239997e+05 	 1.554471e+03 	 1.529861e+03 	 1.519543e+03 	 1.517743e+03 	 1.516969e+03 	 1.524678e+03 	 9.923882e+02 	 2.214542e+02 	 1.682940e+02 
1.956400e-01 	 1.243997e+05 	 1.524264e+03 	 1.498308e+03 	 1.483288e+03 	 1.480500e+03 	 1.479557e+03 	 1.486678e+03 	 9.810631e+02 	 2.328667e+02 	 1.844612e+02 
1.960400e-01 	 1.247997e+05 	 1.512702e+03 	 1.491884e+03 	 1.478300e+03 	 1.476875e+03 	 1.476711e+03 	 1.483956e+03 	 1.064019e+03 	 2.508490e+02 	 1.985056e+02 
1.964400e-01 	 1.251997e+05 	 1.466681e+03 	 1.433663e+03 	 1.407307e+03 	 1.398723e+03 	 1.389801e+03 	 1.393045e+03 	 9.121202e+02 	 2.631435e+02 	 2.172098e+02 
1.968400e-01 	 1.255997e+05 	 1.472562e+03 	 1.438043e+03 	 1.411820e+03 	 1.404082e+03 	 1.397153e+03 	 1.399952e+03 	 9.266148e+02 	 2.559584e+02 	 2.252408e+02 
1.972400e-01 	 1.259997e+05 	 1.432443e+03 	 1.392419e+03 	 1.362762e+03 	 1.351645e+03 	 1.340757e+03 	 1.345719e+03 	 9.183813e+02 	 2.721456e+02 	 2.455215e+02 
1.976400e-01 	 1.263997e+05 	 1.391908e+03 	 1.350371e+03 	 1.316811e+03 	 1.303603e+03 	 1.292066e+03 	 1.294183e+03 	 9.446854e+02 	 3.524526e+02 	 3.110148e+02 
1.980400e-01 	 1.267997e+05 	 1.480467e+03 	 1.439677e+03 	 1.406678e+03 	 1.396069e+03 	 1.387829e+03 	 1.394800e+03 	 1.035223e+03 	 3.269664e+02 	 3.045759e+02 
1.984400e-01 	 1.271997e+05 	 1.469171e+03 	 1.432813e+03 	 1.400438e+03 	 1.389258e+03 	 1.382183e+03 	 1.390154e+03 	 1.106479e+03 	 3.773204e+02 	 3.598335e+02 
1.988400e-01 	 1.275997e+05 	 1.453913e+03 	 1.417500e+03 	 1.386536e+03 	 1.379053e+03 	 1.371999e+03 	 1.379147e+03 	 1.168624e+03 	 4.228179e+02 	 4.212978e+02 
1.992400e-01 	 1.279997e+05 	 1.435750e+03 	 1.401970e+03 	 1.370220e+03 	 1.364166e+03 	 1.357005e+03 	 1.365978e+03 	 1.177482e+03 	 4.421699e+02 	 4.436524e+02 
1.996400e-01 	 1.283997e+05 	 1.461633e+03 	 1.425407e+03 	 1.394181e+03 	 1.385963e+03 	 1.379344e+03 	 1.388066e+03 	 1.180927e+03 	 4.446619e+02 	 4.421635e+02 
2.000400e-01 	 1.287997e+05 	 1.462195e+03 	 1.431312e+03 	 1.399260e+03 	 1.391493e+03 	 1.390235e+03 	 1.399675e+03 	 1.199554e+03 	 4.582076e+02 	 4.608158e+02 
2.004400e-01 	 1.291997e+05 	 1.455657e+03 	 1.423855e+03 	 1.396410e+03 	 1.380036e+03 	 1.379578e+03 	 1.386969e+03 	 1.196236e+03 	 4.496401e+02 	 4.530126e+02 
2.008400e-01 	 1.295997e+05 	 1.495176e+03 	 1.460573e+03 	 1.434471e+03 	 1.425741e+03 	 1.420133e+03 	 1.429143e+03 	 1.178636e+03 	 3.937853e+02 	 3.814554e+02 
2.012400e-01 	 1.299997e+05 	 1.531007e+03 	 1.496900e+03 	 1.468876e+03 	 1.457864e+03 	 1.451429e+03 	 1.457655e+03 	 1.166196e+03 	 3.695158e+02 	 3.477987e+02 
2.016400e-01 	 1.303997e+05 	 1.595500e+03 	 1.555830e+03 	 1.528060e+03 	 1.518525e+03 	 1.505508e+03 	 1.512525e+03 	 1.138122e+03 	 3.424314e+02 	 3.101034e+02 
2.020400e-01 	 1.307997e+05 	 1.590512e+03 	 1.558227e+03 	 1.531175e+03 	 1.528869e+03 	 1.520482e+03 	 1.531163e+03 	 1.157360e+03 	 3.232586e+02 	 2.832314e+02 
2.023600e-01 	 1.311197e+05 	 9.868296e+02 	 9.422550e+02 	 9.075106e+02 	 8.923085e+02 	 8.807570e+02 	 8.788511e+02 	 5.106390e+02 	 2.000677e+02 	 1.807450e+02 
2.023800e-01 	 1.311397e+05 	 9.031403e+02 	 8.636179e+02 	 8.326311e+02 	 8.211910e+02 	 8.094682e+02 	 8.042249e+02 	 4.820426e+02 	 2.037396e+02 	 1.862244e+02 
2.024000e-01 	 1.311597e+05 	 1.110266e+03 	 1.073474e+03 	 1.035039e+03 	 1.008456e+03 	 9.953274e+02 	 1.005368e+03 	 5.579052e+02 	 2.170613e+02 	 1.917142e+02 
2.024200e-01 	 1.311797e+05 	 1.269360e+03 	 1.222266e+03 	 1.183415e+03 	 1.162573e+03 	 1.147626e+03 	 1.141697e+03 	 6.910741e+02 	 2.449240e+02 	 2.171246e+02 
2.024400e-01 	 1.311997e+05 	 1.366535e+03 	 1.314165e+03 	 1.272379e+03 	 1.257241e+03 	 1.242757e+03 	 1.238313e+03 	 7.743226e+02 	 2.645596e+02 	 2.322101e+02 
2.024400e-01 	 1.311997e+05 	 1.359719e+03 	 1.309874e+03 	 1.268375e+03 	 1.254038e+03 	 1.241619e+03 	 1.241468e+03 	 7.777470e+02 	 2.524884e+02 	 2.237682e+02 
2.025200e-01 	 1.312797e+05 	 1.443632e+03 	 1.393970e+03 	 1.355885e+03 	 1.341299e+03 	 1.329371e+03 	 1.331743e+03 	 8.339420e+02 	 2.482018e+02 	 2.185397e+02 
2.025600e-01 	 1.313197e+05 	 1.552825e+03 	 1.505226e+03 	 1.462721e+03 	 1.453751e+03 	 1.442639e+03 	 1.446156e+03 	 9.061221e+02 	 2.553754e+02 	 2.224985e+02 
2.028400e-01 	 1.315997e+05 	 1.608903e+03 	 1.574564e+03 	 1.549935e+03 	 1.543707e+03 	 1.539024e+03 	 1.547597e+03 	 1.173795e+03 	 3.237562e+02 	 2.814003e+02 
2.032400e-01 	 1.319997e+05 	 1.567721e+03 	 1.534110e+03 	 1.509791e+03 	 1.502250e+03 	 1.498972e+03 	 1.505593e+03 	 1.179140e+03 	 3.382744e+02 	 3.016579e+02 
2.036400e-01 	 1.323997e+05 	 1.566202e+03 	 1.534249e+03 	 1.508509e+03 	 1.501954e+03 	 1.497293e+03 	 1.506713e+03 	 1.185253e+03 	 3.485227e+02 	 3.168305e+02 
2.040400e-01 	 1.327997e+05 	 1.560353e+03 	 1.527237e+03 	 1.502717e+03 	 1.494486e+03 	 1.491493e+03 	 1.501575e+03 	 1.189709e+03 	 3.604731e+02 	 3.277229e+02 
2.044400e-01 	 1.331997e+05 	 1.521591e+03 	 1.484457e+03 	 1.455513e+03 	 1.445453e+03 	 1.442146e+03 	 1.449195e+03 	 1.201126e+03 	 4.082174e+02 	 3.894183e+02 
2.048400e-01 	 1.335997e+05 	 1.534054e+03 	 1.495217e+03 	 1.467157e+03 	 1.457982e+03 	 1.450695e+03 	 1.457838e+03 	 1.211115e+03 	 4.155548e+02 	 4.058096e+02 
2.052400e-01 	 1.339997e+05 	 1.550350e+03 	 1.511723e+03 	 1.482807e+03 	 1.474843e+03 	 1.468573e+03 	 1.477472e+03 	 1.223967e+03 	 4.151199e+02 	 4.009165e+02 
2.056400e-01 	 1.343997e+05 	 1.565838e+03 	 1.528241e+03 	 1.500061e+03 	 1.488696e+03 	 1.484386e+03 	 1.493456e+03 	 1.230333e+03 	 4.138447e+02 	 3.975040e+02 
2.060400e-01 	 1.347997e+05 	 1.646212e+03 	 1.611586e+03 	 1.584844e+03 	 1.578337e+03 	 1.575005e+03 	 1.583371e+03 	 1.248362e+03 	 3.866367e+02 	 3.515885e+02 
2.064400e-01 	 1.351997e+05 	 1.671204e+03 	 1.635535e+03 	 1.612891e+03 	 1.607784e+03 	 1.601703e+03 	 1.610637e+03 	 1.255223e+03 	 3.763983e+02 	 3.385495e+02 
2.068400e-01 	 1.355997e+05 	 1.689327e+03 	 1.656076e+03 	 1.630267e+03 	 1.621490e+03 	 1.616348e+03 	 1.628371e+03 	 1.234606e+03 	 3.816419e+02 	 3.438121e+02 
2.072400e-01 	 1.359997e+05 	 1.739812e+03 	 1.710622e+03 	 1.690250e+03 	 1.685412e+03 	 1.685328e+03 	 1.696225e+03 	 1.256977e+03 	 3.466043e+02 	 2.905080e+02 
2.076400e-01 	 1.363997e+05 	 1.761064e+03 	 1.731869e+03 	 1.710533e+03 	 1.706464e+03 	 1.704642e+03 	 1.715907e+03 	 1.271668e+03 	 3.477274e+02 	 2.822855e+02 
2.080400e-01 	 1.367997e+05 	 1.798818e+03 	 1.768953e+03 	 1.746249e+03 	 1.741509e+03 	 1.740321e+03 	 1.753686e+03 	 1.273462e+03 	 3.490429e+02 	 2.841117e+02 
2.084400e-01 	 1.371997e+05 	 1.889851e+03 	 1.849649e+03 	 1.823281e+03 	 1.811849e+03 	 1.809615e+03 	 1.819988e+03 	 1.264620e+03 	 3.661467e+02 	 3.060544e+02 
2.088400e-01 	 1.375997e+05 	 1.833967e+03 	 1.802135e+03 	 1.779767e+03 	 1.774578e+03 	 1.775199e+03 	 1.786891e+03 	 1.285455e+03 	 3.459987e+02 	 2.798860e+02 
2.092400e-01 	 1.379997e+05 	 1.832139e+03 	 1.800928e+03 	 1.778144e+03 	 1.773725e+03 	 1.772544e+03 	 1.783093e+03 	 1.243615e+03 	 3.555287e+02 	 2.917558e+02 
2.096400e-01 	 1.383997e+05 	 1.843180e+03 	 1.816996e+03 	 1.798628e+03 	 1.795720e+03 	 1.798275e+03 	 1.809776e+03 	 1.272876e+03 	 3.355713e+02 	 2.602737e+02 
2.100400e-01 	 1.387997e+05 	 1.868087e+03 	 1.839068e+03 	 1.821537e+03 	 1.819375e+03 	 1.822435e+03 	 1.835081e+03 	 1.285778e+03 	 3.360208e+02 	 2.593802e+02 
2.104400e-01 	 1.391997e+05 	 1.829207e+03 	 1.795959e+03 	 1.774182e+03 	 1.769420e+03 	 1.768244e+03 	 1.778851e+03 	 1.315612e+03 	 3.656013e+02 	 2.982604e+02 
2.108400e-01 	 1.395997e+05 	 1.820325e+03 	 1.790443e+03 	 1.767736e+03 	 1.762484e+03 	 1.762008e+03 	 1.774154e+03 	 1.313631e+03 	 3.718186e+02 	 3.085346e+02 
2.112400e-01 	 1.399997e+05 	 1.824372e+03 	 1.794058e+03 	 1.769193e+03 	 1.766474e+03 	 1.764943e+03 	 1.775248e+03 	 1.324371e+03 	 3.878534e+02 	 3.255536e+02 
2.116400e-01 	 1.403997e+05 	 1.803439e+03 	 1.767053e+03 	 1.735636e+03 	 1.728754e+03 	 1.724401e+03 	 1.735153e+03 	 1.342009e+03 	 4.204192e+02 	 3.759816e+02 
2.120400e-01 	 1.407997e+05 	 1.779238e+03 	 1.744653e+03 	 1.717699e+03 	 1.711424e+03 	 1.705632e+03 	 1.714084e+03 	 1.430787e+03 	 5.019452e+02 	 4.584427e+02 
2.124400e-01 	 1.411997e+05 	 1.788018e+03 	 1.750623e+03 	 1.713198e+03 	 1.708822e+03 	 1.697215e+03 	 1.709614e+03 	 1.380182e+03 	 4.895775e+02 	 4.756587e+02 
2.128400e-01 	 1.415997e+05 	 1.833040e+03 	 1.794466e+03 	 1.765432e+03 	 1.757627e+03 	 1.753885e+03 	 1.766629e+03 	 1.358056e+03 	 4.374895e+02 	 3.957265e+02 
2.132400e-01 	 1.419997e+05 	 1.884715e+03 	 1.850608e+03 	 1.825563e+03 	 1.820116e+03 	 1.818612e+03 	 1.831482e+03 	 1.332475e+03 	 3.985894e+02 	 3.299329e+02 
2.136400e-01 	 1.423997e+05 	 1.901413e+03 	 1.867598e+03 	 1.843588e+03 	 1.839723e+03 	 1.838534e+03 	 1.851911e+03 	 1.346108e+03 	 3.756216e+02 	 3.015454e+02 
2.140400e-01 	 1.427997e+05 	 1.966895e+03 	 1.937591e+03 	 1.915326e+03 	 1.915171e+03 	 1.916021e+03 	 1.929423e+03 	 1.313340e+03 	 3.359921e+02 	 2.454036e+02 
2.144400e-01 	 1.431997e+05 	 2.043412e+03 	 2.016684e+03 	 1.998702e+03 	 2.000154e+03 	 2.004933e+03 	 2.022583e+03 	 1.290716e+03 	 3.112319e+02 	 2.124500e+02 
2.148400e-01 	 1.435997e+05 	 2.367254e+03 	 2.338610e+03 	 2.042679e+03 	 2.311245e+03 	 2.291844e+03 	 2.284605e+03 	 1.617488e+03 	 3.461678e+02 	 2.236007e+02 
2.152400e-01 	 1.439997e+05 	 2.080714e+03 	 2.053426e+03 	 2.035595e+03 	 2.038190e+03 	 2.041590e+03 	 2.057057e+03 	 1.315331e+03 	 3.088087e+02 	 2.004253e+02 
2.156000e-01 	 1.443597e+05 	 1.895783e+03 	 1.812985e+03 	 1.753579e+03 	 1.739448e+03 	 1.730924e+03 	 1.748211e+03 	 6.186716e+02 	 2.182664e+02 	 1.806497e+02 
2.156200e-01 	 1.443797e+05 	 1.848017e+03 	 1.768839e+03 	 1.712874e+03 	 1.703457e+03 	 1.698002e+03 	 1.715525e+03 	 6.023433e+02 	 2.122310e+02 	 1.718385e+02 
2.156400e-01 	 1.443997e+05 	 2.129094e+03 	 2.058067e+03 	 2.004422e+03 	 1.995806e+03 	 1.991560e+03 	 2.010667e+03 	 7.605001e+02 	 2.275798e+02 	 1.733044e+02 
2.156400e-01 	 1.443997e+05 	 2.133104e+03 	 2.057160e+03 	 2.001292e+03 	 1.996852e+03 	 1.991774e+03 	 2.018013e+03 	 7.631852e+02 	 2.266220e+02 	 1.733531e+02 
2.156800e-01 	 1.444397e+05 	 2.172551e+03 	 2.083056e+03 	 2.045863e+03 	 2.025465e+03 	 2.022460e+03 	 2.042923e+03 	 8.457592e+02 	 2.514616e+02 	 1.928807e+02 
2.157200e-01 	 1.444797e+05 	 2.251098e+03 	 2.179657e+03 	 2.136585e+03 	 2.130184e+03 	 2.125026e+03 	 2.143352e+03 	 9.884016e+02 	 2.637147e+02 	 1.948569e+02 
2.157400e-01 	 1.444997e+05 	 2.292891e+03 	 2.239419e+03 	 2.198065e+03 	 2.193932e+03 	 2.194549e+03 	 2.214687e+03 	 1.051965e+03 	 2.758528e+02 	 2.006345e+02 
2.158400e-01 	 1.445997e+05 	 2.241787e+03 	 2.187205e+03 	 2.150061e+03 	 2.142369e+03 	 2.138706e+03 	 2.158340e+03 	 1.103739e+03 	 3.163214e+02 	 2.359498e+02 
2.160400e-01 	 1.447997e+05 	 2.119788e+03 	 2.087473e+03 	 2.063021e+03 	 2.060645e+03 	 2.063470e+03 	 2.079399e+03 	 1.325526e+03 	 3.500961e+02 	 2.509745e+02 
2.164400e-01 	 1.451997e+05 	 2.037743e+03 	 2.002675e+03 	 1.975735e+03 	 1.971755e+03 	 1.970110e+03 	 1.985201e+03 	 1.318477e+03 	 3.948488e+02 	 3.033615e+02 
2.168400e-01 	 1.455997e+05 	 1.923827e+03 	 1.889306e+03 	 1.864095e+03 	 1.859134e+03 	 1.857173e+03 	 1.868541e+03 	 1.397069e+03 	 3.945533e+02 	 3.241344e+02 
2.172400e-01 	 1.459997e+05 	 2.083092e+03 	 2.030827e+03 	 1.988125e+03 	 1.975625e+03 	 1.967174e+03 	 1.978441e+03 	 1.407869e+03 	 4.405434e+02 	 3.872055e+02 
2.176400e-01 	 1.463997e+05 	 2.008145e+03 	 1.965515e+03 	 1.930376e+03 	 1.923408e+03 	 1.917568e+03 	 1.932261e+03 	 1.434230e+03 	 4.535483e+02 	 4.032923e+02 
2.180400e-01 	 1.467997e+05 	 2.004306e+03 	 1.959469e+03 	 1.926298e+03 	 1.917277e+03 	 1.914220e+03 	 1.927651e+03 	 1.439718e+03 	 4.589151e+02 	 4.086695e+02 
2.184400e-01 	 1.471997e+05 	 1.942523e+03 	 1.901234e+03 	 1.869138e+03 	 1.860311e+03 	 1.855064e+03 	 1.867827e+03 	 1.433619e+03 	 4.672603e+02 	 4.186125e+02 
2.188400e-01 	 1.475997e+05 	 1.913504e+03 	 1.873588e+03 	 1.842687e+03 	 1.835324e+03 	 1.829940e+03 	 1.842858e+03 	 1.442631e+03 	 4.613993e+02 	 4.168002e+02 
2.192400e-01 	 1.479997e+05 	 1.935065e+03 	 1.895662e+03 	 1.863528e+03 	 1.856787e+03 	 1.848632e+03 	 1.861809e+03 	 1.457672e+03 	 4.762988e+02 	 4.283994e+02 
2.196400e-01 	 1.483997e+05 	 1.949510e+03 	 1.903970e+03 	 1.877992e+03 	 1.870044e+03 	 1.860077e+03 	 1.877200e+03 	 1.460711e+03 	 4.801298e+02 	 4.399596e+02 
2.200400e-01 	 1.487997e+05 	 2.010611e+03 	 1.960464e+03 	 1.920523e+03 	 1.909146e+03 	 1.899573e+03 	 1.912069e+03 	 1.510122e+03 	 5.281719e+02 	 4.991898e+02 
2.204400e-01 	 1.491997e+05 	 2.235777e+03 	 2.175211e+03 	 2.127611e+03 	 2.115556e+03 	 2.106631e+03 	 2.122449e+03 	 1.432038e+03 	 4.470479e+02 	 3.872500e+02 
2.205400e-01 	 1.492997e+05 	 2.279937e+03 	 2.207943e+03 	 2.149354e+03 	 2.131743e+03 	 2.122355e+03 	 2.135945e+03 	 1.301637e+03 	 4.035269e+02 	 3.480857e+02 
2.205600e-01 	 1.493197e+05 	 1.850033e+03 	 1.737461e+03 	 1.651687e+03 	 1.605957e+03 	 1.576854e+03 	 1.585987e+03 	 7.481740e+02 	 2.946586e+02 	 2.705478e+02 
2.205800e-01 	 1.493397e+05 	 2.246762e+03 	 2.160058e+03 	 2.095286e+03 	 2.075950e+03 	 2.061258e+03 	 2.076552e+03 	 1.200688e+03 	 3.745534e+02 	 3.228298e+02 
2.206000e-01 	 1.493597e+05 	 2.276017e+03 	 2.203916e+03 	 2.145634e+03 	 2.130022e+03 	 2.115690e+03 	 2.129839e+03 	 1.353642e+03 	 4.260392e+02 	 3.723031e+02 
2.208400e-01 	 1.495997e+05 	 2.273754e+03 	 2.189755e+03 	 2.127532e+03 	 2.100611e+03 	 2.085490e+03 	 2.097100e+03 	 1.180103e+03 	 3.890636e+02 	 3.399515e+02 
2.208600e-01 	 1.496197e+05 	 2.299211e+03 	 2.205096e+03 	 2.135254e+03 	 2.118657e+03 	 2.102331e+03 	 2.121576e+03 	 1.085928e+03 	 3.297169e+02 	 2.782398e+02 
2.209000e-01 	 1.496597e+05 	 2.104072e+03 	 1.999819e+03 	 1.924735e+03 	 1.900924e+03 	 1.875713e+03 	 1.886294e+03 	 9.101628e+02 	 3.090717e+02 	 2.726178e+02 
2.209400e-01 	 1.496997e+05 	 2.086731e+03 	 1.977822e+03 	 1.899097e+03 	 1.876846e+03 	 1.855256e+03 	 1.867859e+03 	 8.757986e+02 	 2.860992e+02 	 2.459734e+02 
2.209600e-01 	 1.497197e+05 	 2.190663e+03 	 2.093314e+03 	 2.018262e+03 	 1.993617e+03 	 1.981797e+03 	 1.985283e+03 	 9.178866e+02 	 2.912649e+02 	 2.487972e+02 
2.209800e-01 	 1.497397e+05 	 2.311160e+03 	 2.264234e+03 	 2.150965e+03 	 2.173259e+03 	 2.114112e+03 	 2.165916e+03 	 1.145932e+03 	 3.449385e+02 	 2.775377e+02 
2.210000e-01 	 1.497597e+05 	 2.347546e+03 	 2.267973e+03 	 2.203125e+03 	 2.193298e+03 	 2.185338e+03 	 2.205027e+03 	 1.166794e+03 	 3.495840e+02 	 2.865835e+02 
2.211000e-01 	 1.498597e+05 	 2.334376e+03 	 2.270897e+03 	 2.220274e+03 	 2.208001e+03 	 2.201186e+03 	 2.217093e+03 	 1.342415e+03 	 4.350999e+02 	 3.382922e+02 
2.212400e-01 	 1.499997e+05 	 2.325801e+03 	 2.270815e+03 	 2.230501e+03 	 2.220539e+03 	 2.216197e+03 	 2.233876e+03 	 1.411110e+03 	 3.940575e+02 	 3.065508e+02 
2.216400e-01 	 1.503997e+05 	 2.149304e+03 	 2.114236e+03 	 2.090046e+03 	 2.089263e+03 	 2.088880e+03 	 2.105552e+03 	 1.441021e+03 	 3.844005e+02 	 2.726618e+02 
2.220400e-01 	 1.507997e+05 	 2.165941e+03 	 2.136337e+03 	 2.114412e+03 	 2.116606e+03 	 2.122182e+03 	 2.139361e+03 	 1.416969e+03 	 3.623372e+02 	 2.480924e+02 
2.224400e-01 	 1.511997e+05 	 2.195995e+03 	 2.165666e+03 	 2.146874e+03 	 2.147448e+03 	 2.152304e+03 	 2.170117e+03 	 1.421720e+03 	 3.527623e+02 	 2.271460e+02 
2.228400e-01 	 1.515997e+05 	 2.186938e+03 	 2.165690e+03 	 2.152649e+03 	 2.159403e+03 	 2.166638e+03 	 2.185526e+03 	 1.359974e+03 	 2.887186e+02 	 1.536083e+02 
2.232400e-01 	 1.519997e+05 	 2.368241e+03 	 2.347196e+03 	 2.337376e+03 	 2.346595e+03 	 2.359187e+03 	 2.379301e+03 	 1.336791e+03 	 2.501639e+02 	 1.238203e+02 
2.236400e-01 	 1.523997e+05 	 2.571827e+03 	 2.553086e+03 	 2.545254e+03 	 2.555766e+03 	 2.571457e+03 	 2.595841e+03 	 1.272138e+03 	 2.152213e+02 	 9.480964e+01 
2.240400e-01 	 1.527997e+05 	 2.576675e+03 	 2.560291e+03 	 2.556253e+03 	 2.570335e+03 	 2.587558e+03 	 2.612306e+03 	 1.272050e+03 	 1.835493e+02 	 7.078105e+01 
2.244400e-01 	 1.531997e+05 	 2.639750e+03 	 2.627921e+03 	 2.624894e+03 	 2.637600e+03 	 2.654010e+03 	 2.678709e+03 	 1.267266e+03 	 1.665171e+02 	 5.812695e+01 
2.248400e-01 	 1.535997e+05 	 2.663712e+03 	 2.654066e+03 	 2.655822e+03 	 2.668334e+03 	 2.687308e+03 	 2.715233e+03 	 1.267575e+03 	 1.521879e+02 	 5.205185e+01 
2.248800e-01 	 1.536397e+05 	 3.426046e+03 	 3.381600e+03 	 3.376193e+03 	 3.415877e+03 	 3.479303e+03 	 3.561774e+03 	 5.821840e+02 	 1.238607e+02 	 7.949301e+01 
2.249000e-01 	 1.536597e+05 	 3.168604e+03 	 3.122558e+03 	 3.120398e+03 	 3.177346e+03 	 3.254822e+03 	 3.381796e+03 	 5.239090e+02 	 1.378869e+02 	 1.015624e+02 
2.249200e-01 	 1.536797e+05 	 3.483178e+03 	 3.446121e+03 	 3.440314e+03 	 3.477677e+03 	 3.522499e+03 	 3.597887e+03 	 6.935887e+02 	 1.205827e+02 	 7.271791e+01 
2.249400e-01 	 1.536997e+05 	 3.440067e+03 	 3.416293e+03 	 3.411741e+03 	 3.442045e+03 	 3.485980e+03 	 3.546765e+03 	 7.366252e+02 	 1.247622e+02 	 6.764017e+01 
2.249600e-01 	 1.537197e+05 	 3.397233e+03 	 3.375356e+03 	 3.371725e+03 	 3.394152e+03 	 3.436564e+03 	 3.489687e+03 	 9.217932e+02 	 1.260300e+02 	 6.384772e+01 
2.249800e-01 	 1.537397e+05 	 3.346204e+03 	 3.330390e+03 	 3.332354e+03 	 3.350836e+03 	 3.390909e+03 	 3.442822e+03 	 9.900154e+02 	 1.320231e+02 	 6.255889e+01 
2.250000e-01 	 1.537597e+05 	 3.216478e+03 	 3.198893e+03 	 3.196714e+03 	 3.210324e+03 	 3.241630e+03 	 3.289601e+03 	 1.070060e+03 	 1.284823e+02 	 5.833576e+01 
2.250200e-01 	 1.537797e+05 	 3.141727e+03 	 3.128446e+03 	 3.124246e+03 	 3.140901e+03 	 3.173241e+03 	 3.211193e+03 	 1.034680e+03 	 1.336924e+02 	 5.709765e+01 
2.250400e-01 	 1.537997e+05 	 3.117029e+03 	 3.103554e+03 	 3.105901e+03 	 3.124313e+03 	 3.154157e+03 	 3.194250e+03 	 1.158119e+03 	 1.353465e+02 	 5.593794e+01 
2.251600e-01 	 1.539197e+05 	 3.113681e+03 	 3.100768e+03 	 3.101773e+03 	 3.121131e+03 	 3.148700e+03 	 3.184790e+03 	 1.151477e+03 	 1.278252e+02 	 5.308858e+01 
2.252400e-01 	 1.539997e+05 	 3.032678e+03 	 3.021788e+03 	 3.024077e+03 	 3.036640e+03 	 3.061032e+03 	 3.095417e+03 	 1.128168e+03 	 1.297929e+02 	 5.181816e+01 
2.252800e-01 	 1.540397e+05 	 3.096932e+03 	 3.084802e+03 	 3.084461e+03 	 3.100902e+03 	 3.129734e+03 	 3.166295e+03 	 1.154823e+03 	 1.298733e+02 	 5.196623e+01 
2.253000e-01 	 1.540597e+05 	 3.110886e+03 	 3.097033e+03 	 3.094708e+03 	 3.117135e+03 	 3.140281e+03 	 3.179865e+03 	 1.086212e+03 	 1.257118e+02 	 5.230324e+01 
2.253200e-01 	 1.540797e+05 	 3.137117e+03 	 3.130868e+03 	 3.132712e+03 	 3.151330e+03 	 3.177254e+03 	 3.212287e+03 	 1.161274e+03 	 1.342030e+02 	 5.340753e+01 
2.256400e-01 	 1.543997e+05 	 2.729108e+03 	 2.723821e+03 	 2.734715e+03 	 2.741206e+03 	 2.763321e+03 	 2.789004e+03 	 1.261975e+03 	 1.158278e+02 	 4.338373e+01 
2.260400e-01 	 1.547997e+05 	 2.732182e+03 	 2.725796e+03 	 2.731912e+03 	 2.741869e+03 	 2.763970e+03 	 2.790025e+03 	 1.284302e+03 	 1.088376e+02 	 4.105950e+01 
2.264400e-01 	 1.551997e+05 	 2.524268e+03 	 2.522349e+03 	 2.525870e+03 	 2.537778e+03 	 2.552702e+03 	 2.574102e+03 	 1.265303e+03 	 9.822060e+01 	 3.702124e+01 
2.268400e-01 	 1.555997e+05 	 2.683472e+03 	 2.681676e+03 	 2.688496e+03 	 2.703792e+03 	 2.722629e+03 	 2.747411e+03 	 1.310247e+03 	 9.039544e+01 	 3.864570e+01 
2.272400e-01 	 1.559997e+05 	 2.833547e+03 	 2.839178e+03 	 2.845543e+03 	 2.857691e+03 	 2.879787e+03 	 2.902846e+03 	 1.292630e+03 	 9.181816e+01 	 3.954161e+01 
2.276400e-01 	 1.563997e+05 	 2.841661e+03 	 2.835202e+03 	 2.844968e+03 	 2.859125e+03 	 2.881286e+03 	 2.908768e+03 	 1.320194e+03 	 8.996636e+01 	 4.128007e+01 
2.280400e-01 	 1.567997e+05 	 2.610399e+03 	 2.601144e+03 	 2.603152e+03 	 2.616196e+03 	 2.636594e+03 	 2.659834e+03 	 1.282331e+03 	 1.007396e+02 	 4.562332e+01 
2.284400e-01 	 1.571997e+05 	 2.324783e+03 	 2.311051e+03 	 2.307764e+03 	 2.322828e+03 	 2.336966e+03 	 2.359825e+03 	 1.326774e+03 	 1.173990e+02 	 5.176509e+01 
2.288400e-01 	 1.575997e+05 	 2.057161e+03 	 2.034431e+03 	 2.019541e+03 	 2.026825e+03 	 2.037505e+03 	 2.058545e+03 	 1.305074e+03 	 1.317624e+02 	 6.812071e+01 
2.292400e-01 	 1.579997e+05 	 1.685886e+03 	 1.643988e+03 	 1.614277e+03 	 1.614489e+03 	 1.611625e+03 	 1.627301e+03 	 1.237198e+03 	 1.487888e+02 	 9.055591e+01 
2.296400e-01 	 1.583997e+05 	 1.293747e+03 	 1.231771e+03 	 1.182640e+03 	 1.164900e+03 	 1.149515e+03 	 1.148588e+03 	 1.033619e+03 	 1.952786e+02 	 1.612227e+02 
2.300400e-01 	 1.587997e+05 	 9.312265e+02 	 8.540137e+02 	 7.830090e+02 	 7.501199e+02 	 7.136095e+02 	 7.050594e+02 	 7.036231e+02 	 3.529221e+02 	 3.665158e+02 
2.304400e-01 	 1.591997e+05 	 9.831386e+02 	 9.051703e+02 	 8.365418e+02 	 8.046949e+02 	 7.695026e+02 	 7.625261e+02 	 7.615556e+02 	 3.643269e+02 	 3.763464e+02 
2.308400e-01 	 1.595997e+05 	 9.971779e+02 	 9.151114e+02 	 8.438279e+02 	 8.103273e+02 	 7.747834e+02 	 7.675008e+02 	 7.662819e+02 	 3.658661e+02 	 3.789699e+02 
2.312400e-01 	 1.599997e+05 	 1.032412e+03 	 9.516720e+02 	 8.811285e+02 	 8.479106e+02 	 8.146757e+02 	 8.080106e+02 	 8.011883e+02 	 3.488630e+02 	 3.577890e+02 
2.316400e-01 	 1.603997e+05 	 1.038746e+03 	 9.562758e+02 	 8.852632e+02 	 8.537726e+02 	 8.191230e+02 	 8.126065e+02 	 8.065369e+02 	 3.490106e+02 	 3.604804e+02 
2.320400e-01 	 1.607997e+05 	 1.038867e+03 	 9.560437e+02 	 8.828682e+02 	 8.513611e+02 	 8.158817e+02 	 8.088215e+02 	 7.998503e+02 	 3.407393e+02 	 3.490235e+02 
2.324400e-01 	 1.611997e+05 	 1.095224e+03 	 1.014952e+03 	 9.448744e+02 	 9.136102e+02 	 8.796390e+02 	 8.739405e+02 	 8.633158e+02 	 3.457800e+02 	 3.548888e+02 
2.328400e-01 	 1.615997e+05 	 1.050383e+03 	 9.667500e+02 	 8.924126e+02 	 8.583996e+02 	 8.226775e+02 	 8.152555e+02 	 8.057131e+02 	 3.407474e+02 	 3.485389e+02 
2.332400e-01 	 1.619997e+05 	 1.056055e+03 	 9.710747e+02 	 8.989101e+02 	 8.642522e+02 	 8.280095e+02 	 8.207662e+02 	 8.134492e+02 	 3.483409e+02 	 3.566796e+02 
2.336400e-01 	 1.623997e+05 	 1.070128e+03 	 9.874741e+02 	 9.148202e+02 	 8.812456e+02 	 8.445597e+02 	 8.381800e+02 	 8.320334e+02 	 3.660761e+02 	 3.773843e+02 
2.340400e-01 	 1.627997e+05 	 1.072399e+03 	 9.888076e+02 	 9.147396e+02 	 8.810803e+02 	 8.429836e+02 	 8.359255e+02 	 8.289345e+02 	 3.628527e+02 	 3.732698e+02 
2.344400e-01 	 1.631997e+05 	 1.079748e+03 	 9.967034e+02 	 9.226789e+02 	 8.884523e+02 	 8.511396e+02 	 8.429740e+02 	 8.377228e+02 	 3.736981e+02 	 3.867283e+02 
2.348400e-01 	 1.635997e+05 	 1.087065e+03 	 1.003271e+03 	 9.293361e+02 	 8.945158e+02 	 8.575792e+02 	 8.500405e+02 	 8.439398e+02 	 3.798583e+02 	 3.938404e+02 
2.352400e-01 	 1.639997e+05 	 1.091243e+03 	 1.006504e+03 	 9.317144e+02 	 8.978440e+02 	 8.598916e+02 	 8.525695e+02 	 8.464712e+02 	 3.797312e+02 	 3.928603e+02 
2.356400e-01 	 1.643997e+05 	 1.113237e+03 	 1.027638e+03 	 9.499942e+02 	 9.087007e+02 	 8.758295e+02 	 8.674018e+02 	 8.570119e+02 	 3.928261e+02 	 4.033291e+02 
2.360400e-01 	 1.647997e+05 	 1.111040e+03 	 1.022622e+03 	 9.435351e+02 	 9.074291e+02 	 8.687481e+02 	 8.602466e+02 	 8.535956e+02 	 3.809911e+02 	 3.935289e+02 
2.364400e-01 	 1.651997e+05 	 1.115857e+03 	 1.028229e+03 	 9.499033e+02 	 9.132524e+02 	 8.726344e+02 	 8.630886e+02 	 8.562736e+02 	 3.765147e+02 	 3.883077e+02 
2.368400e-01 	 1.655997e+05 	 1.162010e+03 	 1.076061e+03 	 9.982850e+02 	 9.643736e+02 	 9.257650e+02 	 9.191327e+02 	 9.073844e+02 	 3.759578e+02 	 3.854517e+02 
2.372400e-01 	 1.659997e+05 	 1.168924e+03 	 1.080898e+03 	 1.005852e+03 	 9.702761e+02 	 9.320704e+02 	 9.244181e+02 	 9.128680e+02 	 3.782956e+02 	 3.897773e+02 
2.376400e-01 	 1.663997e+05 	 1.168595e+03 	 1.082532e+03 	 1.007699e+03 	 9.730323e+02 	 9.343706e+02 	 9.264217e+02 	 9.166908e+02 	 3.845585e+02 	 3.963202e+02 
2.380400e-01 	 1.667997e+05 	 1.210815e+03 	 1.129568e+03 	 1.057403e+03 	 1.025677e+03 	 9.891756e+02 	 9.852514e+02 	 9.682386e+02 	 3.665273e+02 	 3.717864e+02 
2.384400e-01 	 1.671997e+05 	 1.205504e+03 	 1.124181e+03 	 1.052085e+03 	 1.017633e+03 	 9.853702e+02 	 9.803185e+02 	 9.653122e+02 	 3.755985e+02 	 3.829831e+02 
2.388400e-01 	 1.675997e+05 	 1.211842e+03 	 1.130091e+03 	 1.056176e+03 	 1.023476e+03 	 9.877575e+02 	 9.808478e+02 	 9.661301e+02 	 3.729543e+02 	 3.802989e+02 
2.392400e-01 	 1.679997e+05 	 1.215654e+03 	 1.131822e+03 	 1.058526e+03 	 1.024814e+03 	 9.877934e+02 	 9.825401e+02 	 9.661631e+02 	 3.660108e+02 	 3.725811e+02 
2.396400e-01 	 1.683997e+05 	 1.217254e+03 	 1.132159e+03 	 1.056748e+03 	 1.022750e+03 	 9.849358e+02 	 9.789541e+02 	 9.605119e+02 	 3.627864e+02 	 3.679047e+02 
2.400400e-01 	 1.687997e+05 	 1.232405e+03 	 1.144063e+03 	 1.067848e+03 	 1.032829e+03 	 9.949087e+02 	 9.867778e+02 	 9.703472e+02 	 3.676638e+02 	 3.747083e+02 
2.404400e-01 	 1.691997e+05 	 1.239386e+03 	 1.151166e+03 	 1.072097e+03 	 1.037001e+03 	 9.994764e+02 	 9.928536e+02 	 9.741359e+02 	 3.715563e+02 	 3.796060e+02 
2.408400e-01 	 1.695997e+05 	 1.248295e+03 	 1.160120e+03 	 1.081178e+03 	 1.045795e+03 	 1.006900e+03 	 1.000706e+03 	 9.802922e+02 	 3.738478e+02 	 3.810422e+02 
2.412400e-01 	 1.699997e+05 	 1.262096e+03 	 1.172263e+03 	 1.092465e+03 	 1.056205e+03 	 1.017317e+03 	 1.011432e+03 	 9.892098e+02 	 3.766499e+02 	 3.820919e+02 
2.416400e-01 	 1.703997e+05 	 1.267644e+03 	 1.179666e+03 	 1.098629e+03 	 1.063084e+03 	 1.023243e+03 	 1.017839e+03 	 9.953490e+02 	 3.832671e+02 	 3.958960e+02 
2.420400e-01 	 1.707997e+05 	 1.269207e+03 	 1.179126e+03 	 1.100246e+03 	 1.064008e+03 	 1.023190e+03 	 1.016567e+03 	 9.948622e+02 	 3.822524e+02 	 3.906975e+02 
2.424400e-01 	 1.711997e+05 	 1.275832e+03 	 1.186726e+03 	 1.108703e+03 	 1.073702e+03 	 1.032648e+03 	 1.026750e+03 	 1.005536e+03 	 3.953773e+02 	 4.039190e+02 
2.428400e-01 	 1.715997e+05 	 1.277463e+03 	 1.186111e+03 	 1.109706e+03 	 1.072905e+03 	 1.032190e+03 	 1.026319e+03 	 1.004917e+03 	 3.927239e+02 	 4.039238e+02 
2.432400e-01 	 1.719997e+05 	 1.281532e+03 	 1.192025e+03 	 1.112366e+03 	 1.074736e+03 	 1.033675e+03 	 1.026793e+03 	 1.005331e+03 	 3.894337e+02 	 3.976090e+02 
2.436400e-01 	 1.723997e+05 	 1.280265e+03 	 1.191685e+03 	 1.111298e+03 	 1.074775e+03 	 1.032935e+03 	 1.027062e+03 	 1.005418e+03 	 3.884125e+02 	 3.977687e+02 
2.440400e-01 	 1.727997e+05 	 1.281417e+03 	 1.189632e+03 	 1.109700e+03 	 1.071606e+03 	 1.029345e+03 	 1.021973e+03 	 9.987216e+02 	 3.858526e+02 	 3.942909e+02 
2.444400e-01 	 1.731997e+05 	 1.286060e+03 	 1.195277e+03 	 1.112041e+03 	 1.072572e+03 	 1.030768e+03 	 1.023747e+03 	 9.995507e+02 	 3.809419e+02 	 3.878308e+02 
2.448400e-01 	 1.735997e+05 	 1.282466e+03 	 1.188720e+03 	 1.106456e+03 	 1.068457e+03 	 1.025725e+03 	 1.019200e+03 	 9.962709e+02 	 3.819996e+02 	 3.888607e+02 
2.452400e-01 	 1.739997e+05 	 1.293287e+03 	 1.200951e+03 	 1.114033e+03 	 1.075158e+03 	 1.032936e+03 	 1.025101e+03 	 1.002383e+03 	 3.872090e+02 	 4.006409e+02 
2.456400e-01 	 1.743997e+05 	 1.301366e+03 	 1.208405e+03 	 1.122479e+03 	 1.083668e+03 	 1.038982e+03 	 1.031359e+03 	 1.008587e+03 	 3.879786e+02 	 3.965422e+02 
2.460400e-01 	 1.747997e+05 	 1.318229e+03 	 1.222869e+03 	 1.137689e+03 	 1.096766e+03 	 1.052157e+03 	 1.043589e+03 	 1.017928e+03 	 3.989462e+02 	 4.040245e+02 
2.464400e-01 	 1.751997e+05 	 1.331671e+03 	 1.229855e+03 	 1.144393e+03 	 1.109698e+03 	 1.063226e+03 	 1.053852e+03 	 1.027679e+03 	 4.013957e+02 	 4.071152e+02 
2.468400e-01 	 1.755997e+05 	 1.326311e+03 	 1.231336e+03 	 1.146939e+03 	 1.107486e+03 	 1.061998e+03 	 1.053698e+03 	 1.029197e+03 	 4.078487e+02 	 4.170230e+02 
2.472400e-01 	 1.759997e+05 	 1.333957e+03 	 1.238412e+03 	 1.152822e+03 	 1.112193e+03 	 1.067016e+03 	 1.058592e+03 	 1.032525e+03 	 4.070568e+02 	 4.174156e+02 
2.476400e-01 	 1.763997e+05 	 1.339484e+03 	 1.244439e+03 	 1.157623e+03 	 1.117585e+03 	 1.072089e+03 	 1.063331e+03 	 1.037241e+03 	 4.106293e+02 	 4.208408e+02 
2.480400e-01 	 1.767997e+05 	 1.354888e+03 	 1.258826e+03 	 1.169619e+03 	 1.128964e+03 	 1.082203e+03 	 1.074770e+03 	 1.046579e+03 	 4.139583e+02 	 4.235394e+02 
2.484400e-01 	 1.771997e+05 	 1.357945e+03 	 1.261711e+03 	 1.175173e+03 	 1.135969e+03 	 1.088483e+03 	 1.079414e+03 	 1.055071e+03 	 4.231587e+02 	 4.344424e+02 
2.488400e-01 	 1.775997e+05 	 1.371370e+03 	 1.273476e+03 	 1.184243e+03 	 1.143440e+03 	 1.096458e+03 	 1.086114e+03 	 1.059690e+03 	 4.164809e+02 	 4.263693e+02 
2.492400e-01 	 1.779997e+05 	 1.361663e+03 	 1.271423e+03 	 1.186810e+03 	 1.148216e+03 	 1.100314e+03 	 1.093029e+03 	 1.070319e+03 	 4.384781e+02 	 4.536183e+02 
2.496400e-01 	 1.783997e+05 	 1.384119e+03 	 1.288585e+03 	 1.203261e+03 	 1.162913e+03 	 1.116076e+03 	 1.105861e+03 	 1.081470e+03 	 4.440571e+02 	 4.597220e+02 
2.500400e-01 	 1.787997e+05 	 1.407315e+03 	 1.309042e+03 	 1.222473e+03 	 1.181355e+03 	 1.131001e+03 	 1.122737e+03 	 1.097920e+03 	 4.499671e+02 	 4.650804e+02 
2.504400e-01 	 1.791997e+05 	 1.452351e+03 	 1.355187e+03 	 1.266729e+03 	 1.224481e+03 	 1.178292e+03 	 1.169727e+03 	 1.146845e+03 	 4.751010e+02 	 4.921116e+02 
2.508400e-01 	 1.795997e+05 	 1.498326e+03 	 1.402078e+03 	 1.310901e+03 	 1.268338e+03 	 1.219879e+03 	 1.212040e+03 	 1.186113e+03 	 4.869173e+02 	 5.042054e+02 
2.512400e-01 	 1.799997e+05 	 1.524680e+03 	 1.423328e+03 	 1.327385e+03 	 1.283164e+03 	 1.229028e+03 	 1.219252e+03 	 1.198988e+03 	 5.341650e+02 	 5.577965e+02 
2.516400e-01 	 1.803997e+05 	 1.569322e+03 	 1.470310e+03 	 1.373838e+03 	 1.327987e+03 	 1.273046e+03 	 1.263593e+03 	 1.240809e+03 	 5.500821e+02 	 5.773796e+02 
2.520400e-01 	 1.807997e+05 	 1.615263e+03 	 1.516407e+03 	 1.422998e+03 	 1.378554e+03 	 1.323723e+03 	 1.314887e+03 	 1.296371e+03 	 5.858943e+02 	 6.169652e+02 
2.524400e-01 	 1.811997e+05 	 1.675616e+03 	 1.575028e+03 	 1.481001e+03 	 1.435567e+03 	 1.381255e+03 	 1.369728e+03 	 1.349964e+03 	 6.083577e+02 	 6.385778e+02 
2.528400e-01 	 1.815997e+05 	 1.778560e+03 	 1.678810e+03 	 1.587416e+03 	 1.539096e+03 	 1.487231e+03 	 1.479848e+03 	 1.455942e+03 	 6.595636e+02 	 6.972148e+02 
2.532400e-01 	 1.819997e+05 	 1.875005e+03 	 1.780926e+03 	 1.690645e+03 	 1.649447e+03 	 1.596708e+03 	 1.592009e+03 	 1.568724e+03 	 7.218746e+02 	 7.670792e+02 
2.536400e-01 	 1.823997e+05 	 2.013251e+03 	 1.927465e+03 	 1.844883e+03 	 1.810222e+03 	 1.766556e+03 	 1.766815e+03 	 1.731282e+03 	 7.500789e+02 	 7.934284e+02 
2.540400e-01 	 1.827997e+05 	 2.146333e+03 	 2.065208e+03 	 1.984006e+03 	 1.951062e+03 	 1.911594e+03 	 1.913027e+03 	 1.871959e+03 	 8.200992e+02 	 8.654928e+02 
2.544400e-01 	 1.831997e+05 	 2.257011e+03 	 2.180747e+03 	 2.107435e+03 	 2.080040e+03 	 2.042536e+03 	 2.046218e+03 	 2.004069e+03 	 8.929996e+02 	 9.468860e+02 
2.548400e-01 	 1.835997e+05 	 2.370234e+03 	 2.302001e+03 	 2.236521e+03 	 2.211748e+03 	 2.179650e+03 	 2.185847e+03 	 2.139414e+03 	 9.709844e+02 	 1.038521e+03 
2.558800e-01 	 1.846397e+05 	 2.460835e+03 	 2.394997e+03 	 2.335183e+03 	 2.310164e+03 	 2.279848e+03 	 2.288583e+03 	 2.240669e+03 	 1.041078e+03 	 1.118130e+03 
