Time (Myr) 	 Time-t0 (yr) 	 5deg T_bol (K) 	 15 	 25 	 35 	 45 	 55 	 65 	 75 	 85
1.818000e-01   2.500000e+03    1.576696e+01 	 1.576646e+01 	 1.576582e+01 	 1.576649e+01 	 1.576747e+01 	 1.576768e+01 	 1.576806e+01 	 1.576798e+01 	 1.576711e+01
1.843000e-01 	 5.000000e+03 	 1.670969e+01 	 1.670877e+01 	 1.670802e+01 	 1.670836e+01 	 1.670893e+01 	 1.670933e+01 	 1.670970e+01 	 1.670887e+01 	 1.670854e+01
1.868000e-01 	 7.500000e+03 	 1.760734e+01 	 1.760758e+01 	 1.760687e+01 	 1.760724e+01 	 1.760752e+01 	 1.760735e+01 	 1.760765e+01 	 1.760730e+01 	 1.760622e+01
1.893000e-01 	 1.000000e+04 	 1.848753e+01 	 1.848782e+01 	 1.848726e+01 	 1.848766e+01 	 1.848788e+01 	 1.848769e+01 	 1.848922e+01 	 1.848780e+01 	 1.848693e+01
1.918000e-01 	 1.250000e+04 	 1.936550e+01 	 1.936623e+01 	 1.936538e+01 	 1.936580e+01 	 1.936544e+01 	 1.936537e+01 	 1.936652e+01 	 1.936405e+01 	 1.936421e+01
1.943000e-01 	 1.500000e+04 	 1.679498e+01 	 1.681693e+01 	 1.683573e+01 	 1.684999e+01 	 1.686115e+01 	 1.686830e+01 	 1.686882e+01 	 1.684845e+01 	 1.530305e+01
1.968000e-01 	 1.750000e+04 	 2.023594e+01 	 2.029888e+01 	 2.035185e+01 	 2.039875e+01 	 2.043337e+01 	 2.045775e+01 	 2.046349e+01 	 1.989020e+01 	 1.577347e+01
1.993000e-01 	 2.000000e+04 	 2.304769e+01 	 2.312070e+01 	 2.318555e+01 	 2.323820e+01 	 2.327807e+01 	 2.330569e+01 	 2.331092e+01 	 2.059305e+01 	 1.625390e+01
2.018000e-01 	 2.250000e+04 	 3.773238e+01 	 3.783098e+01 	 3.794953e+01 	 3.805776e+01 	 3.817312e+01 	 3.827889e+01 	 3.835893e+01 	 2.804690e+01 	 2.423897e+01
2.043000e-01 	 2.500000e+04 	 9.005943e+01 	 9.024489e+01 	 9.053874e+01 	 9.085297e+01 	 9.117480e+01 	 9.174821e+01 	 9.232233e+01 	 5.739832e+01 	 5.677173e+01
2.068000e-01 	 2.750000e+04 	 1.322635e+02 	 1.325636e+02 	 1.331090e+02 	 1.334118e+02 	 1.340131e+02 	 1.351039e+02 	 1.359864e+02 	 8.436997e+01 	 8.527455e+01
2.093000e-01 	 3.000000e+04 	 1.040511e+02 	 1.110440e+02 	 1.042289e+02 	 1.044304e+02 	 1.045924e+02 	 1.048742e+02 	 1.053916e+02 	 7.788346e+01 	 7.857934e+01
2.118000e-01 	 3.250000e+04 	 8.698544e+01 	 8.698805e+01 	 8.710379e+01 	 8.710763e+01 	 8.717349e+01 	 8.728329e+01 	 8.739644e+01 	 7.283270e+01 	 7.329236e+01
2.143000e-01 	 3.500000e+04 	 8.146388e+01 	 8.159355e+01 	 8.174965e+01 	 8.191949e+01 	 8.207423e+01 	 8.236678e+01 	 8.259668e+01 	 6.881111e+01 	 6.921786e+01
2.168000e-01 	 3.750000e+04 	 7.833385e+01 	 7.852227e+01 	 7.845282e+01 	 7.866587e+01 	 7.909293e+01 	 7.946107e+01 	 7.976969e+01 	 6.827788e+01 	 6.883810e+01
2.193000e-01 	 4.000000e+04 	 8.430908e+01 	 8.443473e+01 	 8.460746e+01 	 8.491803e+01 	 8.497815e+01 	 8.535521e+01 	 8.547698e+01 	 7.622988e+01 	 7.684470e+01
2.218000e-01 	 4.250000e+04 	 8.443481e+01 	 8.496447e+01 	 8.580720e+01 	 8.601732e+01 	 8.720977e+01 	 8.735109e+01 	 8.752125e+01 	 7.424286e+01 	 7.401682e+01
2.227200e-01 	 4.342000e+04 	 9.546438e+01 	 9.573247e+01 	 9.576817e+01 	 9.587432e+01 	 9.678991e+01 	 9.748488e+01 	 9.781036e+01 	 8.712442e+01 	 8.750830e+01
2.243000e-01 	 4.500000e+04 	 8.555057e+01 	 8.453436e+01 	 8.490835e+01 	 8.574822e+01 	 8.591006e+01 	 8.658063e+01 	 8.631131e+01 	 7.265323e+01 	 7.348776e+01
2.268000e-01 	 4.750000e+04 	 8.043009e+01 	 8.079856e+01 	 8.107736e+01 	 8.135812e+01 	 8.166899e+01 	 8.220189e+01 	 8.230474e+01 	 6.623948e+01 	 6.700048e+01
2.293000e-01 	 5.000000e+04 	 8.336025e+01 	 8.390547e+01 	 8.436007e+01 	 8.485832e+01 	 8.594243e+01 	 8.569335e+01 	 8.588465e+01 	 6.967476e+01 	 7.033789e+01
2.318000e-01 	 5.250000e+04 	 8.573303e+01 	 8.625100e+01 	 8.662784e+01 	 8.687633e+01 	 8.729708e+01 	 8.784678e+01 	 8.823956e+01 	 7.278589e+01 	 7.338867e+01
2.325800e-01 	 5.328001e+04 	 1.116837e+02 	 1.124289e+02 	 1.141050e+02 	 1.138127e+02 	 1.147966e+02 	 1.154115e+02 	 1.172086e+02 	 1.063019e+02 	 1.075539e+02
2.326000e-01 	 5.330000e+04 	 1.101643e+02 	 1.095565e+02 	 1.098042e+02 	 1.112541e+02 	 1.110362e+02 	 1.121256e+02 	 1.121292e+02 	 1.008169e+02 	 1.022973e+02
2.326400e-01 	 5.334000e+04 	 1.070820e+02 	 1.081796e+02 	 1.064109e+02 	 1.082822e+02 	 1.069437e+02 	 1.078157e+02 	 1.080222e+02 	 9.656001e+01 	 9.727565e+01
2.327800e-01 	 5.348000e+04 	 1.091947e+02 	 1.113781e+02 	 1.113288e+02 	 1.121429e+02 	 1.134661e+02 	 1.129567e+02 	 1.121536e+02 	 9.890032e+01 	 1.003477e+02
2.343000e-01 	 5.500000e+04 	 9.058791e+01 	 9.117955e+01 	 9.060143e+01 	 9.052387e+01 	 9.086124e+01 	 9.086517e+01 	 8.961384e+01 	 6.535197e+01 	 6.632532e+01
2.368000e-01 	 5.750000e+04 	 9.240445e+01 	 9.273437e+01 	 9.303239e+01 	 9.277578e+01 	 9.697980e+01 	 9.295243e+01 	 9.157644e+01 	 6.646801e+01 	 6.701372e+01
2.393000e-01 	 6.000000e+04 	 9.483757e+01 	 9.527868e+01 	 9.607281e+01 	 9.618909e+01 	 9.564735e+01 	 9.658354e+01 	 9.576034e+01 	 6.980634e+01 	 7.039855e+01
2.418000e-01 	 6.250000e+04 	 9.821400e+01 	 9.857942e+01 	 1.029540e+02 	 9.884329e+01 	 9.882968e+01 	 9.848635e+01 	 9.736537e+01 	 7.096635e+01 	 7.176229e+01
2.443000e-01 	 6.500000e+04 	 9.953329e+01 	 9.739821e+01 	 9.778972e+01 	 1.009433e+02 	 9.904667e+01 	 1.033854e+02 	 1.034660e+02 	 7.920659e+01 	 8.020316e+01
2.468000e-01 	 6.750000e+04 	 1.164046e+02 	 1.154808e+02 	 1.148371e+02 	 1.147622e+02 	 1.143137e+02 	 1.136342e+02 	 1.101737e+02 	 6.978054e+01 	 7.028203e+01
2.493000e-01 	 7.000000e+04 	 1.231754e+02 	 1.232713e+02 	 1.230098e+02 	 1.218734e+02 	 1.214943e+02 	 1.218675e+02 	 1.180442e+02 	 7.233621e+01 	 7.306407e+01
2.496000e-01 	 7.029999e+04 	 1.143544e+02 	 1.159984e+02 	 1.152756e+02 	 1.166047e+02 	 1.160443e+02 	 1.181038e+02 	 1.172387e+02 	 9.624920e+01 	 9.754531e+01
2.496200e-01 	 7.032001e+04 	 1.166016e+02 	 1.181543e+02 	 1.207252e+02 	 1.203844e+02 	 1.225282e+02 	 1.193719e+02 	 1.225608e+02 	 9.921096e+01 	 9.963718e+01
2.496400e-01 	 7.034000e+04 	 1.126457e+02 	 1.134388e+02 	 1.155636e+02 	 1.153458e+02 	 1.160784e+02 	 1.177194e+02 	 1.172617e+02 	 9.657808e+01 	 9.839144e+01
2.498600e-01 	 7.056001e+04 	 1.193507e+02 	 1.203141e+02 	 1.181561e+02 	 1.183197e+02 	 1.225937e+02 	 1.228947e+02 	 1.205673e+02 	 9.688450e+01 	 9.859709e+01
2.498800e-01 	 7.058000e+04 	 1.232274e+02 	 1.231491e+02 	 1.239713e+02 	 1.240206e+02 	 1.205936e+02 	 1.214953e+02 	 1.197505e+02 	 9.761364e+01 	 9.926277e+01
2.499200e-01 	 7.061999e+04 	 1.119372e+02 	 1.137388e+02 	 1.107009e+02 	 1.151037e+02 	 1.112004e+02 	 1.118346e+02 	 1.115745e+02 	 9.166434e+01 	 9.173025e+01
2.499600e-01 	 7.066001e+04 	 1.159635e+02 	 1.190200e+02 	 1.179859e+02 	 1.194369e+02 	 1.175514e+02 	 1.205286e+02 	 1.186595e+02 	 9.765287e+01 	 9.855096e+01
2.499800e-01 	 7.068000e+04 	 1.188650e+02 	 1.220010e+02 	 1.211435e+02 	 1.194211e+02 	 1.214640e+02 	 1.204572e+02 	 1.193387e+02 	 9.977965e+01 	 1.003671e+02
2.518000e-01 	 7.250000e+04 	 1.110649e+02 	 1.118458e+02 	 1.121986e+02 	 1.126254e+02 	 1.123402e+02 	 1.120386e+02 	 1.093672e+02 	 7.882287e+01 	 7.989921e+01
2.543000e-01 	 7.500000e+04 	 1.213848e+02 	 1.212763e+02 	 1.209138e+02 	 1.203291e+02 	 1.195881e+02 	 1.190202e+02 	 1.126420e+02 	 7.487970e+01 	 7.454473e+01
2.568000e-01 	 7.750000e+04 	 1.432543e+02 	 1.440969e+02 	 1.431174e+02 	 1.412985e+02 	 1.389045e+02 	 1.380695e+02 	 1.265123e+02 	 7.234755e+01 	 7.178250e+01
2.593000e-01 	 8.000000e+04 	 1.400607e+02 	 1.402195e+02 	 1.396881e+02 	 1.423472e+02 	 1.383898e+02 	 1.395975e+02 	 1.221236e+02 	 7.300444e+01 	 7.231482e+01
2.600400e-01 	 8.073998e+04 	 1.440241e+02 	 1.455307e+02 	 1.462154e+02 	 1.472995e+02 	 1.476543e+02 	 1.476543e+02 	 1.407710e+02 	 1.099519e+02 	 1.087567e+02
2.600600e-01 	 8.076002e+04 	 1.452626e+02 	 1.475725e+02 	 1.486197e+02 	 1.284686e+02 	 1.469175e+02 	 1.456866e+02 	 1.325783e+02 	 8.881185e+01 	 8.899629e+01
2.601200e-01 	 8.082001e+04 	 1.418339e+02 	 1.412666e+02 	 1.447276e+02 	 1.505815e+02 	 1.378803e+02 	 1.446807e+02 	 1.371265e+02 	 1.020929e+02 	 1.040496e+02
2.601800e-01 	 8.087999e+04 	 1.285337e+02 	 1.304445e+02 	 1.281543e+02 	 1.299651e+02 	 1.284694e+02 	 1.293599e+02 	 1.214156e+02 	 8.447806e+01 	 8.164922e+01
2.602200e-01 	 8.091999e+04 	 1.405608e+02 	 1.438874e+02 	 1.448609e+02 	 1.298135e+02 	 1.431292e+02 	 1.428644e+02 	 1.292008e+02 	 8.825975e+01 	 8.843913e+01
2.618000e-01 	 8.250000e+04 	 1.674587e+02 	 1.677777e+02 	 1.670518e+02 	 1.666927e+02 	 1.651700e+02 	 1.640171e+02 	 1.443289e+02 	 7.245360e+01 	 7.187679e+01
2.630000e-01 	 8.370001e+04 	 1.264560e+02 	 1.276430e+02 	 1.286023e+02 	 1.285486e+02 	 1.288207e+02 	 1.291215e+02 	 1.239989e+02 	 9.440140e+01 	 9.544614e+01
2.630200e-01 	 8.372001e+04 	 1.584311e+02 	 1.509790e+02 	 1.600114e+02 	 1.569366e+02 	 1.458241e+02 	 1.477059e+02 	 1.488689e+02 	 1.170222e+02 	 1.185603e+02
2.630400e-01 	 8.374001e+04 	 1.270300e+02 	 1.292647e+02 	 1.291190e+02 	 1.288978e+02 	 1.290108e+02 	 1.287349e+02 	 1.210070e+02 	 8.380932e+01 	 8.474176e+01
2.631000e-01 	 8.380000e+04 	 1.392891e+02 	 1.426884e+02 	 1.388242e+02 	 1.439036e+02 	 1.437737e+02 	 1.435982e+02 	 1.357364e+02 	 1.090305e+02 	 1.112059e+02
2.631800e-01 	 8.387998e+04 	 1.402085e+02 	 1.401203e+02 	 1.405793e+02 	 1.398203e+02 	 1.380394e+02 	 1.372524e+02 	 1.302583e+02 	 9.398564e+01 	 9.501697e+01
2.633000e-01 	 8.400000e+04 	 1.288904e+02 	 1.303957e+02 	 1.304756e+02 	 1.310952e+02 	 1.315160e+02 	 1.317923e+02 	 1.262141e+02 	 9.391932e+01 	 9.492385e+01
2.643000e-01 	 8.500000e+04 	 1.522555e+02 	 1.524603e+02 	 1.525547e+02 	 1.523591e+02 	 1.512609e+02 	 1.506699e+02 	 1.349185e+02 	 7.447777e+01 	 7.414696e+01
2.668000e-01 	 8.750000e+04 	 1.574712e+02 	 1.601343e+02 	 1.570053e+02 	 1.587168e+02 	 1.548675e+02 	 1.534346e+02 	 1.451181e+02 	 8.697119e+01 	 8.607841e+01
2.693000e-01 	 9.000000e+04 	 1.733361e+02 	 1.738403e+02 	 1.734284e+02 	 1.725463e+02 	 1.715921e+02 	 1.703120e+02 	 1.490026e+02 	 7.946677e+01 	 7.911081e+01
2.703400e-01 	 9.103999e+04 	 1.403900e+02 	 1.399039e+02 	 1.407735e+02 	 1.421383e+02 	 1.412801e+02 	 1.423901e+02 	 1.314819e+02 	 9.656851e+01 	 9.728128e+01
2.703600e-01 	 9.105999e+04 	 1.621188e+02 	 1.631071e+02 	 1.639830e+02 	 1.644914e+02 	 1.646896e+02 	 1.639486e+02 	 1.546108e+02 	 1.169587e+02 	 1.185880e+02
2.703800e-01 	 9.107999e+04 	 1.407080e+02 	 1.417012e+02 	 1.419359e+02 	 1.423671e+02 	 1.422673e+02 	 1.414829e+02 	 1.286890e+02 	 9.218363e+01 	 9.198747e+01
2.704800e-01 	 9.118001e+04 	 1.465139e+02 	 1.482474e+02 	 1.493416e+02 	 1.501172e+02 	 1.499469e+02 	 1.507897e+02 	 1.384062e+02 	 9.627914e+01 	 9.674145e+01
2.718000e-01 	 9.250000e+04 	 1.810827e+02 	 1.828629e+02 	 1.837300e+02 	 1.826601e+02 	 1.813379e+02 	 1.793217e+02 	 1.359155e+02 	 7.066389e+01 	 6.880276e+01
2.732800e-01 	 9.397999e+04 	 1.702981e+02 	 1.653398e+02 	 1.715588e+02 	 1.705476e+02 	 1.677909e+02 	 1.649249e+02 	 1.348741e+02 	 8.695711e+01 	 8.623301e+01
2.733000e-01 	 9.399999e+04 	 1.565902e+02 	 1.618870e+02 	 1.626408e+02 	 1.613976e+02 	 1.600812e+02 	 1.577687e+02 	 1.290518e+02 	 8.607018e+01 	 8.575080e+01
2.743000e-01 	 9.500000e+04 	 1.978000e+02 	 1.976434e+02 	 1.974454e+02 	 1.963786e+02 	 1.947411e+02 	 1.929719e+02 	 1.559171e+02 	 7.716221e+01 	 7.611662e+01
2.768000e-01 	 9.750000e+04 	 1.622242e+02 	 1.624350e+02 	 1.653942e+02 	 1.617481e+02 	 1.645781e+02 	 1.636109e+02 	 1.378177e+02 	 9.044047e+01 	 8.727847e+01
2.791000e-01 	 9.980000e+04 	 1.751761e+02 	 1.767439e+02 	 1.748712e+02 	 1.734173e+02 	 1.728287e+02 	 1.701967e+02 	 1.407342e+02 	 9.092285e+01 	 9.053884e+01
2.792000e-01 	 9.989998e+04 	 1.896668e+02 	 1.925062e+02 	 1.937188e+02 	 1.920526e+02 	 1.910471e+02 	 1.877994e+02 	 1.627120e+02 	 1.104242e+02 	 1.090967e+02
2.793000e-01 	 1.000000e+05 	 2.070171e+02 	 1.660120e+02 	 1.690102e+02 	 1.672963e+02 	 2.085904e+02 	 1.688739e+02 	 1.739367e+02 	 1.004932e+02 	 1.013161e+02
2.794800e-01 	 1.001800e+05 	 1.732730e+02 	 1.733638e+02 	 1.798143e+02 	 1.750413e+02 	 1.748420e+02 	 1.785769e+02 	 1.487875e+02 	 1.026675e+02 	 1.026573e+02
2.796200e-01 	 1.003200e+05 	 1.626196e+02 	 1.627717e+02 	 1.646896e+02 	 1.641157e+02 	 1.638966e+02 	 1.636408e+02 	 1.377621e+02 	 9.442367e+01 	 9.446307e+01
2.797200e-01 	 1.004200e+05 	 1.631019e+02 	 1.670557e+02 	 1.688076e+02 	 1.690639e+02 	 1.664538e+02 	 1.654154e+02 	 1.353472e+02 	 8.923734e+01 	 8.819966e+01
2.799200e-01 	 1.006200e+05 	 1.668115e+02 	 1.675630e+02 	 1.690932e+02 	 1.691196e+02 	 1.683837e+02 	 1.681870e+02 	 1.376920e+02 	 8.943229e+01 	 8.878671e+01
2.799400e-01 	 1.006400e+05 	 1.669160e+02 	 1.673621e+02 	 1.687312e+02 	 1.681771e+02 	 1.686159e+02 	 1.679259e+02 	 1.451268e+02 	 1.037703e+02 	 1.035177e+02
2.800200e-01 	 1.007200e+05 	 1.756973e+02 	 1.781268e+02 	 1.795169e+02 	 1.763104e+02 	 1.828978e+02 	 1.783332e+02 	 1.589402e+02 	 1.147925e+02 	 1.156508e+02
2.801000e-01 	 1.008000e+05 	 1.653040e+02 	 1.736158e+02 	 1.694621e+02 	 1.744517e+02 	 1.673719e+02 	 1.715465e+02 	 1.518723e+02 	 1.102918e+02 	 1.118173e+02
2.802200e-01 	 1.009200e+05 	 1.698264e+02 	 1.703225e+02 	 1.680043e+02 	 1.704930e+02 	 1.659210e+02 	 1.679732e+02 	 1.452785e+02 	 9.935402e+01 	 9.945902e+01
2.805800e-01 	 1.012800e+05 	 1.844671e+02 	 1.838817e+02 	 1.826734e+02 	 1.820135e+02 	 1.803215e+02 	 1.765908e+02 	 1.436907e+02 	 9.104786e+01 	 9.014721e+01
2.806000e-01 	 1.013000e+05 	 1.870712e+02 	 2.237843e+02 	 1.884605e+02 	 2.202599e+02 	 2.144923e+02 	 2.095099e+02 	 1.684453e+02 	 9.084125e+01 	 9.008674e+01
2.806200e-01 	 1.013200e+05 	 1.767469e+02 	 1.770031e+02 	 2.084448e+02 	 2.058681e+02 	 1.708840e+02 	 1.996524e+02 	 1.390110e+02 	 9.376728e+01 	 8.930608e+01
2.807000e-01 	 1.014000e+05 	 1.761217e+02 	 1.760344e+02 	 1.789694e+02 	 1.769293e+02 	 1.760113e+02 	 1.748733e+02 	 1.364454e+02 	 8.813504e+01 	 8.706909e+01
2.807200e-01 	 1.014200e+05 	 1.780227e+02 	 1.787765e+02 	 1.795701e+02 	 1.791999e+02 	 1.796680e+02 	 1.763274e+02 	 1.378858e+02 	 8.707045e+01 	 8.608841e+01
2.811000e-01 	 1.018000e+05 	 1.860544e+02 	 1.801364e+02 	 1.845973e+02 	 1.850130e+02 	 1.796692e+02 	 1.838835e+02 	 1.403115e+02 	 8.688308e+01 	 8.585003e+01
2.811200e-01 	 1.018200e+05 	 1.811883e+02 	 1.819413e+02 	 1.857668e+02 	 1.825229e+02 	 1.809921e+02 	 1.790782e+02 	 1.401375e+02 	 8.936353e+01 	 8.843250e+01
2.811400e-01 	 1.018400e+05 	 1.736309e+02 	 1.976795e+02 	 1.966678e+02 	 1.758758e+02 	 1.743503e+02 	 1.923461e+02 	 1.546464e+02 	 9.166859e+01 	 9.161392e+01
2.811600e-01 	 1.018600e+05 	 1.749151e+02 	 1.790185e+02 	 1.806283e+02 	 1.801055e+02 	 1.793097e+02 	 1.780153e+02 	 1.394411e+02 	 8.611232e+01 	 8.573526e+01
2.818000e-01 	 1.025000e+05 	 2.177529e+02 	 2.188834e+02 	 2.245017e+02 	 2.203974e+02 	 2.239673e+02 	 2.183195e+02 	 1.512639e+02 	 7.469618e+01 	 7.319126e+01
2.843000e-01 	 1.050000e+05 	 3.127006e+02 	 3.125909e+02 	 3.131239e+02 	 3.129217e+02 	 3.112609e+02 	 3.087115e+02 	 2.061930e+02 	 7.779346e+01 	 7.292405e+01
2.845600e-01 	 1.052600e+05 	 1.795893e+02 	 1.807971e+02 	 1.809902e+02 	 1.816097e+02 	 1.819468e+02 	 1.809027e+02 	 1.485619e+02 	 9.816363e+01 	 9.782384e+01
2.845800e-01 	 1.052800e+05 	 1.747516e+02 	 1.750662e+02 	 1.760351e+02 	 1.765328e+02 	 1.762451e+02 	 1.756290e+02 	 1.444781e+02 	 9.546565e+01 	 9.511166e+01
2.868000e-01 	 1.075000e+05 	 2.626732e+02 	 2.619060e+02 	 2.588319e+02 	 2.569305e+02 	 2.538768e+02 	 2.513534e+02 	 1.918671e+02 	 8.813531e+01 	 8.574982e+01
2.872400e-01 	 1.079400e+05 	 2.217924e+02 	 1.847865e+02 	 2.194875e+02 	 1.841822e+02 	 2.152126e+02 	 2.115882e+02 	 1.772548e+02 	 9.746504e+01 	 9.939731e+01
2.872800e-01 	 1.079800e+05 	 1.785255e+02 	 1.776889e+02 	 1.784350e+02 	 1.820657e+02 	 1.812647e+02 	 1.768377e+02 	 1.510157e+02 	 1.017157e+02 	 9.918787e+01
2.873800e-01 	 1.080800e+05 	 1.774246e+02 	 1.788171e+02 	 1.799463e+02 	 1.802339e+02 	 1.797509e+02 	 1.784937e+02 	 1.516598e+02 	 1.003133e+02 	 1.009008e+02
2.874600e-01 	 1.081600e+05 	 1.960351e+02 	 1.974653e+02 	 1.957935e+02 	 1.940866e+02 	 1.917373e+02 	 1.886598e+02 	 1.581184e+02 	 1.003530e+02 	 9.948931e+01
2.876000e-01 	 1.083000e+05 	 1.779951e+02 	 1.804638e+02 	 1.804856e+02 	 1.822172e+02 	 1.795375e+02 	 1.796535e+02 	 1.519748e+02 	 9.743466e+01 	 9.776579e+01
2.883200e-01 	 1.090200e+05 	 1.867829e+02 	 1.895690e+02 	 1.883406e+02 	 1.893160e+02 	 1.897212e+02 	 1.901808e+02 	 1.494160e+02 	 9.387007e+01 	 9.202771e+01
2.884000e-01 	 1.091000e+05 	 1.925575e+02 	 1.945195e+02 	 1.954194e+02 	 1.958087e+02 	 1.954844e+02 	 1.934716e+02 	 1.534101e+02 	 9.463838e+01 	 9.348334e+01
2.884800e-01 	 1.091800e+05 	 1.854053e+02 	 1.876213e+02 	 1.907312e+02 	 1.912003e+02 	 1.890249e+02 	 1.869041e+02 	 1.506967e+02 	 1.016301e+02 	 1.009650e+02
2.885400e-01 	 1.092400e+05 	 1.890833e+02 	 1.892345e+02 	 1.896227e+02 	 1.901575e+02 	 1.892966e+02 	 1.881636e+02 	 1.476299e+02 	 9.520672e+01 	 9.476417e+01
2.885600e-01 	 1.092600e+05 	 1.986991e+02 	 2.004238e+02 	 1.986961e+02 	 1.992828e+02 	 2.008592e+02 	 2.006651e+02 	 1.476185e+02 	 9.048406e+01 	 8.864819e+01
2.893000e-01 	 1.100000e+05 	 2.489140e+02 	 2.444193e+02 	 2.478014e+02 	 2.486186e+02 	 2.466374e+02 	 2.459043e+02 	 1.518153e+02 	 7.736946e+01 	 7.399906e+01
2.893400e-01 	 1.100400e+05 	 2.153719e+02 	 2.172943e+02 	 2.192177e+02 	 2.195975e+02 	 2.223332e+02 	 2.182137e+02 	 1.453660e+02 	 8.675209e+01 	 8.387543e+01
2.896800e-01 	 1.103800e+05 	 2.265361e+02 	 2.283769e+02 	 2.302756e+02 	 2.318095e+02 	 2.545433e+02 	 2.506852e+02 	 1.445212e+02 	 8.279322e+01 	 7.991589e+01
2.918000e-01 	 1.125000e+05 	 3.059788e+02 	 3.081206e+02 	 3.095086e+02 	 3.109490e+02 	 3.115942e+02 	 3.105889e+02 	 1.475809e+02 	 7.176904e+01 	 6.639286e+01
2.943000e-01 	 1.150000e+05 	 4.093599e+02 	 4.109128e+02 	 4.111548e+02 	 4.121422e+02 	 4.128247e+02 	 4.109759e+02 	 2.124927e+02 	 7.208390e+01 	 6.322305e+01
2.968000e-01 	 1.175000e+05 	 4.169601e+02 	 4.187717e+02 	 4.193026e+02 	 4.199601e+02 	 4.193411e+02 	 4.172225e+02 	 2.327312e+02 	 8.124253e+01 	 7.251403e+01
2.971600e-01 	 1.178600e+05 	 2.496008e+02 	 2.465054e+02 	 2.492686e+02 	 2.481028e+02 	 2.470801e+02 	 2.460820e+02 	 1.580130e+02 	 9.004610e+01 	 8.700272e+01
2.971800e-01 	 1.178800e+05 	 2.429488e+02 	 2.450497e+02 	 2.462780e+02 	 2.480092e+02 	 2.472182e+02 	 2.464581e+02 	 1.601016e+02 	 9.282322e+01 	 8.928699e+01
2.972000e-01 	 1.179000e+05 	 2.412460e+02 	 2.425389e+02 	 2.439577e+02 	 2.448475e+02 	 2.443683e+02 	 2.432398e+02 	 1.579730e+02 	 9.273105e+01 	 9.012033e+01
2.972400e-01 	 1.179400e+05 	 2.422636e+02 	 2.441476e+02 	 2.456744e+02 	 2.457277e+02 	 2.450373e+02 	 2.439027e+02 	 1.575352e+02 	 9.253939e+01 	 8.895208e+01
2.972600e-01 	 1.179600e+05 	 2.488003e+02 	 2.505191e+02 	 2.545598e+02 	 2.527875e+02 	 2.520494e+02 	 2.503537e+02 	 1.593296e+02 	 9.036660e+01 	 8.766726e+01
2.993000e-01 	 1.200000e+05 	 2.870690e+02 	 2.891731e+02 	 2.881497e+02 	 2.869832e+02 	 2.866657e+02 	 2.816752e+02 	 1.721719e+02 	 8.455994e+01 	 8.059204e+01
2.999400e-01 	 1.206400e+05 	 2.416591e+02 	 2.447597e+02 	 2.466673e+02 	 2.476609e+02 	 2.480981e+02 	 2.476020e+02 	 1.614583e+02 	 9.039282e+01 	 8.665931e+01
2.999600e-01 	 1.206600e+05 	 2.445100e+02 	 2.462244e+02 	 2.442439e+02 	 2.460109e+02 	 2.433685e+02 	 2.427029e+02 	 1.686540e+02 	 9.859687e+01 	 9.683167e+01
3.000400e-01 	 1.207400e+05 	 2.273813e+02 	 2.288025e+02 	 2.287921e+02 	 2.277051e+02 	 2.311328e+02 	 2.294964e+02 	 1.683645e+02 	 1.082301e+02 	 1.059442e+02
3.001200e-01 	 1.208200e+05 	 2.270093e+02 	 2.558568e+02 	 2.302575e+02 	 2.309212e+02 	 2.545678e+02 	 2.519465e+02 	 1.754817e+02 	 9.555196e+01 	 9.369471e+01
3.002000e-01 	 1.209000e+05 	 2.461506e+02 	 2.493086e+02 	 2.504756e+02 	 2.523665e+02 	 2.532342e+02 	 2.525777e+02 	 1.659559e+02 	 9.223152e+01 	 8.799194e+01
3.018000e-01 	 1.225000e+05 	 4.009610e+02 	 4.004933e+02 	 3.993140e+02 	 3.970159e+02 	 3.945263e+02 	 3.908196e+02 	 2.755343e+02 	 9.949125e+01 	 9.192900e+01
3.043000e-01 	 1.250000e+05 	 3.325432e+02 	 3.342011e+02 	 3.347638e+02 	 3.346239e+02 	 3.323913e+02 	 3.295367e+02 	 2.202364e+02 	 9.004288e+01 	 8.441525e+01
3.068000e-01 	 1.275000e+05 	 4.259871e+02 	 4.274350e+02 	 4.281653e+02 	 4.278606e+02 	 4.266332e+02 	 4.243438e+02 	 2.383079e+02 	 8.808410e+01 	 7.965178e+01
3.068800e-01 	 1.275800e+05 	 2.495358e+02 	 2.515570e+02 	 2.613091e+02 	 2.540798e+02 	 2.541516e+02 	 2.498830e+02 	 1.801130e+02 	 1.051572e+02 	 1.035778e+02
3.069000e-01 	 1.276000e+05 	 2.673178e+02 	 2.699395e+02 	 2.678945e+02 	 2.683361e+02 	 2.658994e+02 	 2.619739e+02 	 1.722858e+02 	 9.667392e+01 	 9.409525e+01
3.069200e-01 	 1.276200e+05 	 2.423735e+02 	 2.430236e+02 	 2.458377e+02 	 2.470166e+02 	 2.460160e+02 	 2.442263e+02 	 1.726808e+02 	 1.015882e+02 	 9.887948e+01
3.069400e-01 	 1.276400e+05 	 2.657949e+02 	 2.673849e+02 	 2.701063e+02 	 2.687524e+02 	 2.671715e+02 	 2.650529e+02 	 1.744062e+02 	 9.688825e+01 	 9.389548e+01
3.069800e-01 	 1.276800e+05 	 2.897157e+02 	 2.885423e+02 	 2.877345e+02 	 2.850340e+02 	 2.808765e+02 	 2.742242e+02 	 1.780621e+02 	 9.856780e+01 	 9.573307e+01
3.093000e-01 	 1.300000e+05 	 4.124370e+02 	 4.152380e+02 	 4.165542e+02 	 4.166456e+02 	 4.151232e+02 	 4.123100e+02 	 2.394006e+02 	 9.409592e+01 	 8.433295e+01
3.100800e-01 	 1.307800e+05 	 2.496358e+02 	 2.522027e+02 	 2.541269e+02 	 2.553753e+02 	 2.569933e+02 	 2.561307e+02 	 1.705111e+02 	 1.034437e+02 	 1.009165e+02
3.101000e-01 	 1.308000e+05 	 2.687804e+02 	 2.712626e+02 	 2.726185e+02 	 2.727008e+02 	 2.729075e+02 	 2.715278e+02 	 1.708986e+02 	 9.878514e+01 	 9.508655e+01
3.101200e-01 	 1.308200e+05 	 3.215397e+02 	 3.229873e+02 	 3.233195e+02 	 3.220931e+02 	 3.181396e+02 	 3.130972e+02 	 1.808275e+02 	 9.374484e+01 	 8.920371e+01
3.102600e-01 	 1.309600e+05 	 2.946211e+02 	 2.968736e+02 	 2.977172e+02 	 2.992284e+02 	 3.004291e+02 	 2.988889e+02 	 1.746863e+02 	 9.579148e+01 	 9.333373e+01
3.102800e-01 	 1.309800e+05 	 3.132694e+02 	 3.143124e+02 	 3.125189e+02 	 3.129464e+02 	 3.116355e+02 	 3.073315e+02 	 1.801213e+02 	 9.750848e+01 	 9.371452e+01
3.103000e-01 	 1.310000e+05 	 2.703786e+02 	 2.724640e+02 	 2.737194e+02 	 2.745745e+02 	 2.754794e+02 	 2.753218e+02 	 1.733040e+02 	 1.006228e+02 	 9.871633e+01
3.106600e-01 	 1.313600e+05 	 3.039560e+02 	 3.062731e+02 	 3.077697e+02 	 3.083684e+02 	 3.080182e+02 	 3.065171e+02 	 1.808878e+02 	 9.582223e+01 	 9.024033e+01
3.109400e-01 	 1.316400e+05 	 3.095544e+02 	 3.122786e+02 	 3.131945e+02 	 3.141045e+02 	 3.128720e+02 	 3.106656e+02 	 1.785628e+02 	 9.443448e+01 	 8.903730e+01
3.113600e-01 	 1.320600e+05 	 2.647502e+02 	 2.674264e+02 	 2.700895e+02 	 2.717115e+02 	 2.716766e+02 	 2.700750e+02 	 1.752926e+02 	 1.125093e+02 	 1.107095e+02
3.113800e-01 	 1.320800e+05 	 3.274062e+02 	 3.289456e+02 	 3.300430e+02 	 3.312484e+02 	 3.300676e+02 	 3.283271e+02 	 1.760633e+02 	 8.984674e+01 	 8.440615e+01
3.114000e-01 	 1.321000e+05 	 5.771926e+02 	 5.786356e+02 	 5.803665e+02 	 5.820100e+02 	 5.825192e+02 	 5.808636e+02 	 2.810782e+02 	 8.840351e+01 	 7.458915e+01
3.114200e-01 	 1.321200e+05 	 5.161034e+02 	 5.180087e+02 	 5.192823e+02 	 5.211360e+02 	 5.208315e+02 	 5.195476e+02 	 2.584727e+02 	 8.714282e+01 	 7.519207e+01
3.114400e-01 	 1.321400e+05 	 3.046644e+02 	 3.048101e+02 	 3.074302e+02 	 3.095931e+02 	 3.085500e+02 	 3.073361e+02 	 1.731066e+02 	 9.566721e+01 	 9.037418e+01
3.116600e-01 	 1.323600e+05 	 3.238725e+02 	 3.261740e+02 	 3.279329e+02 	 3.289599e+02 	 3.289693e+02 	 3.269706e+02 	 1.758932e+02 	 9.291586e+01 	 8.715973e+01
3.116800e-01 	 1.323800e+05 	 2.583676e+02 	 2.614090e+02 	 2.635313e+02 	 2.637908e+02 	 2.652318e+02 	 2.648250e+02 	 1.749509e+02 	 1.109176e+02 	 1.075845e+02
3.117000e-01 	 1.324000e+05 	 3.515715e+02 	 3.530696e+02 	 3.554292e+02 	 3.551860e+02 	 3.546126e+02 	 3.525134e+02 	 1.867317e+02 	 9.398462e+01 	 8.772389e+01
3.117400e-01 	 1.324400e+05 	 4.425965e+02 	 4.432855e+02 	 4.440125e+02 	 4.443659e+02 	 4.438728e+02 	 4.410225e+02 	 2.162037e+02 	 8.540513e+01 	 7.643417e+01
3.117600e-01 	 1.324600e+05 	 3.333657e+02 	 3.367749e+02 	 3.377351e+02 	 3.394715e+02 	 3.411154e+02 	 3.406455e+02 	 1.889879e+02 	 9.979628e+01 	 8.860203e+01
3.118000e-01 	 1.325000e+05 	 3.325935e+02 	 3.306065e+02 	 3.324350e+02 	 3.375833e+02 	 3.374194e+02 	 3.354152e+02 	 1.804661e+02 	 8.957278e+01 	 8.456854e+01
3.119400e-01 	 1.326400e+05 	 2.764877e+02 	 2.782071e+02 	 2.798798e+02 	 2.805191e+02 	 2.809807e+02 	 2.794711e+02 	 1.688485e+02 	 1.016489e+02 	 9.884969e+01
3.119600e-01 	 1.326600e+05 	 2.628707e+02 	 2.655752e+02 	 2.671843e+02 	 2.716249e+02 	 2.693955e+02 	 2.685609e+02 	 1.724261e+02 	 1.100620e+02 	 1.076319e+02
3.119800e-01 	 1.326800e+05 	 3.808465e+02 	 3.826543e+02 	 3.843567e+02 	 3.853353e+02 	 3.836476e+02 	 3.818852e+02 	 1.951269e+02 	 9.533056e+01 	 8.275202e+01
3.120400e-01 	 1.327400e+05 	 2.610836e+02 	 2.652395e+02 	 2.694690e+02 	 2.719307e+02 	 2.737562e+02 	 2.734760e+02 	 1.831911e+02 	 1.207463e+02 	 1.149234e+02
3.120600e-01 	 1.327600e+05 	 3.415833e+02 	 3.430971e+02 	 3.453441e+02 	 3.463132e+02 	 3.461390e+02 	 3.453920e+02 	 1.857219e+02 	 9.023046e+01 	 8.429297e+01
3.123200e-01 	 1.330200e+05 	 3.334476e+02 	 3.353431e+02 	 3.367731e+02 	 3.392377e+02 	 3.390052e+02 	 3.382876e+02 	 1.815044e+02 	 9.185859e+01 	 8.546863e+01
3.143000e-01 	 1.350000e+05 	 4.855360e+02 	 4.869566e+02 	 4.882978e+02 	 4.893108e+02 	 4.869953e+02 	 4.833814e+02 	 2.540168e+02 	 9.195960e+01 	 8.096899e+01
3.168000e-01 	 1.375000e+05 	 4.583082e+02 	 4.615763e+02 	 4.604403e+02 	 4.608403e+02 	 4.612277e+02 	 4.570361e+02 	 2.486317e+02 	 9.714516e+01 	 8.790371e+01
3.193000e-01 	 1.400000e+05 	 4.875924e+02 	 4.886179e+02 	 4.889806e+02 	 4.903882e+02 	 4.891891e+02 	 4.861111e+02 	 2.332401e+02 	 9.713882e+01 	 8.710110e+01
3.218000e-01 	 1.425000e+05 	 7.224975e+02 	 7.259409e+02 	 7.277788e+02 	 7.330403e+02 	 7.345739e+02 	 7.359749e+02 	 3.199238e+02 	 1.058652e+02 	 8.245724e+01
3.240200e-01 	 1.447200e+05 	 3.409641e+02 	 3.448554e+02 	 3.469219e+02 	 3.497467e+02 	 3.506126e+02 	 3.502851e+02 	 1.887550e+02 	 1.069418e+02 	 1.013259e+02
3.240800e-01 	 1.447800e+05 	 5.108996e+02 	 5.116474e+02 	 5.136764e+02 	 5.159830e+02 	 5.148367e+02 	 5.134422e+02 	 2.366610e+02 	 1.034886e+02 	 8.896805e+01
3.241200e-01 	 1.448200e+05 	 3.549035e+02 	 3.572183e+02 	 3.594129e+02 	 3.602957e+02 	 3.595709e+02 	 3.573383e+02 	 1.870914e+02 	 1.063065e+02 	 9.997142e+01
3.241600e-01 	 1.448600e+05 	 4.403426e+02 	 4.412479e+02 	 4.416480e+02 	 4.421635e+02 	 4.408003e+02 	 4.375588e+02 	 2.011582e+02 	 9.883433e+01 	 8.969111e+01
3.242600e-01 	 1.449600e+05 	 4.277507e+02 	 4.295401e+02 	 4.324504e+02 	 4.324497e+02 	 4.323548e+02 	 4.305686e+02 	 1.985596e+02 	 9.884680e+01 	 9.040127e+01
3.243000e-01 	 1.450000e+05 	 4.899775e+02 	 4.902187e+02 	 4.916775e+02 	 4.865215e+02 	 4.902383e+02 	 4.870082e+02 	 2.115894e+02 	 9.649632e+01 	 8.688375e+01
3.268000e-01 	 1.475000e+05 	 6.926514e+02 	 6.943999e+02 	 6.953633e+02 	 6.974852e+02 	 6.966144e+02 	 6.966046e+02 	 3.264372e+02 	 1.066368e+02 	 8.887478e+01
3.293000e-01 	 1.500000e+05 	 7.300165e+02 	 7.315098e+02 	 7.335516e+02 	 7.348968e+02 	 7.349498e+02 	 7.335787e+02 	 3.091569e+02 	 1.099004e+02 	 8.975465e+01
3.318000e-01 	 1.525000e+05 	 7.603062e+02 	 7.625712e+02 	 7.647438e+02 	 7.679896e+02 	 7.694823e+02 	 7.706629e+02 	 3.132932e+02 	 1.104367e+02 	 8.826254e+01
3.343000e-01 	 1.550000e+05 	 8.787347e+02 	 8.799358e+02 	 8.837537e+02 	 8.887139e+02 	 8.924300e+02 	 8.957043e+02 	 3.271623e+02 	 1.094563e+02 	 8.564863e+01
3.368000e-01 	 1.575000e+05 	 9.055707e+02 	 9.087093e+02 	 9.129652e+02 	 9.189014e+02 	 9.220527e+02 	 9.272661e+02 	 3.246881e+02 	 1.097907e+02 	 8.389131e+01
3.393000e-01 	 1.600000e+05 	 9.250782e+02 	 9.260222e+02 	 9.302732e+02 	 9.356216e+02 	 9.385248e+02 	 9.429102e+02 	 3.050075e+02 	 1.079105e+02 	 8.260598e+01
3.410400e-01 	 1.617400e+05 	 7.159849e+02 	 7.179441e+02 	 7.215397e+02 	 7.243834e+02 	 7.270930e+02 	 7.287942e+02 	 2.177628e+02 	 9.873629e+01 	 8.313304e+01
3.410600e-01 	 1.617600e+05 	 7.000763e+02 	 7.034513e+02 	 7.078578e+02 	 7.138336e+02 	 7.165584e+02 	 7.202803e+02 	 2.119459e+02 	 9.815412e+01 	 8.316890e+01
3.410800e-01 	 1.617800e+05 	 6.962270e+02 	 6.992625e+02 	 7.043359e+02 	 7.095176e+02 	 7.137451e+02 	 7.168069e+02 	 2.129259e+02 	 1.009234e+02 	 8.634882e+01
3.411000e-01 	 1.618000e+05 	 7.091529e+02 	 7.134593e+02 	 7.171293e+02 	 7.223629e+02 	 7.265517e+02 	 7.300685e+02 	 2.210257e+02 	 1.026474e+02 	 8.624369e+01
3.412200e-01 	 1.619200e+05 	 7.020477e+02 	 7.045970e+02 	 7.081186e+02 	 7.130265e+02 	 7.165888e+02 	 7.195055e+02 	 2.133310e+02 	 9.785633e+01 	 8.280818e+01
3.412400e-01 	 1.619400e+05 	 6.899782e+02 	 6.921297e+02 	 6.961895e+02 	 7.014289e+02 	 7.055749e+02 	 7.072616e+02 	 2.061208e+02 	 9.798785e+01 	 8.352002e+01
3.413200e-01 	 1.620200e+05 	 7.861963e+02 	 7.884977e+02 	 7.930971e+02 	 7.987160e+02 	 8.041542e+02 	 8.069917e+02 	 2.267656e+02 	 9.654748e+01 	 7.906273e+01
3.413600e-01 	 1.620600e+05 	 7.001536e+02 	 7.035911e+02 	 7.096912e+02 	 7.165450e+02 	 7.205101e+02 	 7.236150e+02 	 2.142395e+02 	 9.776011e+01 	 8.276261e+01
3.413800e-01 	 1.620800e+05 	 7.176054e+02 	 7.202636e+02 	 7.237424e+02 	 7.270424e+02 	 7.296076e+02 	 7.302823e+02 	 2.175032e+02 	 9.755604e+01 	 8.278203e+01
3.418000e-01 	 1.625000e+05 	 7.765782e+02 	 7.803345e+02 	 7.839390e+02 	 7.907514e+02 	 7.961038e+02 	 8.008902e+02 	 2.201226e+02 	 9.558059e+01 	 7.870238e+01
3.418600e-01 	 1.625600e+05 	 7.533697e+02 	 7.564417e+02 	 7.605364e+02 	 7.664940e+02 	 7.715258e+02 	 7.752672e+02 	 2.097334e+02 	 9.706790e+01 	 8.147308e+01
3.418800e-01 	 1.625800e+05 	 7.197348e+02 	 7.242395e+02 	 7.287197e+02 	 7.307294e+02 	 7.328617e+02 	 7.315138e+02 	 2.383120e+02 	 1.164951e+02 	 8.747951e+01
3.419000e-01 	 1.626000e+05 	 6.843608e+02 	 6.885719e+02 	 6.922044e+02 	 6.984348e+02 	 7.021773e+02 	 7.055469e+02 	 2.036055e+02 	 9.654603e+01 	 8.263113e+01
3.443000e-01 	 1.650000e+05 	 1.285558e+03 	 1.289981e+03 	 1.295818e+03 	 1.306982e+03 	 1.321483e+03 	 1.334861e+03 	 3.103281e+02 	 8.227710e+01 	 5.750400e+01
3.468000e-01 	 1.675000e+05 	 1.022186e+03 	 1.023963e+03 	 1.026732e+03 	 1.033598e+03 	 1.039644e+03 	 1.044935e+03 	 3.417091e+02 	 1.073193e+02 	 7.690942e+01
3.493000e-01 	 1.700000e+05 	 9.286254e+02 	 9.315374e+02 	 9.342285e+02 	 9.403768e+02 	 9.434102e+02 	 9.466503e+02 	 3.277360e+02 	 1.194004e+02 	 9.287191e+01
3.508000e-01 	 1.715000e+05 	 7.978074e+02 	 8.010839e+02 	 8.050950e+02 	 8.109616e+02 	 8.145541e+02 	 8.195981e+02 	 2.373292e+02 	 1.094802e+02 	 8.950452e+01
3.508800e-01 	 1.715800e+05 	 7.441204e+02 	 7.447909e+02 	 7.479818e+02 	 7.501538e+02 	 7.493730e+02 	 7.475092e+02 	 2.322271e+02 	 1.104900e+02 	 9.243757e+01
3.509200e-01 	 1.716200e+05 	 8.038911e+02 	 8.067256e+02 	 8.099701e+02 	 8.154697e+02 	 8.193356e+02 	 8.221239e+02 	 2.338527e+02 	 1.037108e+02 	 8.558829e+01
3.509800e-01 	 1.716800e+05 	 7.972271e+02 	 8.006629e+02 	 8.039567e+02 	 8.088153e+02 	 8.136297e+02 	 8.147182e+02 	 2.307931e+02 	 1.036454e+02 	 8.538048e+01
3.510000e-01 	 1.717000e+05 	 8.207830e+02 	 8.247568e+02 	 8.290016e+02 	 8.339316e+02 	 8.386761e+02 	 8.412364e+02 	 2.581827e+02 	 1.082659e+02 	 8.880455e+01
3.513000e-01 	 1.720000e+05 	 8.714823e+02 	 8.747819e+02 	 8.782017e+02 	 8.860026e+02 	 8.906173e+02 	 8.951574e+02 	 2.326344e+02 	 1.014419e+02 	 8.264791e+01
3.518000e-01 	 1.725000e+05 	 1.008080e+03 	 1.009482e+03 	 1.013852e+03 	 1.022853e+03 	 1.027154e+03 	 1.032657e+03 	 2.780667e+02 	 1.032721e+02 	 7.762150e+01
3.543000e-01 	 1.750000e+05 	 1.046393e+03 	 1.048170e+03 	 1.053273e+03 	 1.062226e+03 	 1.067754e+03 	 1.075236e+03 	 2.802560e+02 	 1.045339e+02 	 7.779224e+01
3.568000e-01 	 1.775000e+05 	 1.184971e+03 	 1.189207e+03 	 1.194324e+03 	 1.202215e+03 	 1.212987e+03 	 1.220745e+03 	 3.136008e+02 	 1.086191e+02 	 7.665440e+01
3.590400e-01 	 1.797400e+05 	 1.003050e+03 	 1.007667e+03 	 1.012207e+03 	 1.019067e+03 	 1.027748e+03 	 1.032673e+03 	 2.464545e+02 	 1.053413e+02 	 8.167287e+01
3.590800e-01 	 1.797800e+05 	 1.009189e+03 	 1.011923e+03 	 1.043740e+03 	 1.048683e+03 	 1.054842e+03 	 1.037038e+03 	 2.873284e+02 	 1.040244e+02 	 8.149683e+01
3.591200e-01 	 1.798200e+05 	 9.982837e+02 	 1.001736e+03 	 1.005698e+03 	 1.015177e+03 	 1.020680e+03 	 1.028047e+03 	 2.432897e+02 	 1.071797e+02 	 8.362322e+01
3.591400e-01 	 1.798400e+05 	 9.962228e+02 	 9.994207e+02 	 1.003725e+03 	 1.013434e+03 	 1.020868e+03 	 1.027424e+03 	 2.465985e+02 	 1.084445e+02 	 8.417046e+01
3.591600e-01 	 1.798600e+05 	 1.014060e+03 	 1.018829e+03 	 1.025351e+03 	 1.035372e+03 	 1.043254e+03 	 1.050062e+03 	 2.537139e+02 	 1.054009e+02 	 8.175899e+01
3.593000e-01 	 1.800000e+05 	 1.305516e+03 	 1.307919e+03 	 1.311599e+03 	 1.321905e+03 	 1.331475e+03 	 1.342390e+03 	 3.435478e+02 	 1.097783e+02 	 7.514909e+01
3.599200e-01 	 1.806200e+05 	 1.034699e+03 	 1.036594e+03 	 1.043042e+03 	 1.050608e+03 	 1.056526e+03 	 1.062612e+03 	 2.668031e+02 	 1.059007e+02 	 8.222269e+01
3.599400e-01 	 1.806400e+05 	 1.100218e+03 	 1.101222e+03 	 1.105437e+03 	 1.116638e+03 	 1.127965e+03 	 1.137491e+03 	 2.537550e+02 	 1.058792e+02 	 8.274051e+01
3.618000e-01 	 1.825000e+05 	 1.205310e+03 	 1.207890e+03 	 1.212771e+03 	 1.221942e+03 	 1.226953e+03 	 1.235273e+03 	 4.078355e+02 	 1.342841e+02 	 9.681088e+01
3.643000e-01 	 1.850000e+05 	 1.220238e+03 	 1.222252e+03 	 1.227863e+03 	 1.235597e+03 	 1.242331e+03 	 1.252262e+03 	 3.953456e+02 	 1.370854e+02 	 9.698857e+01
3.668000e-01 	 1.875000e+05 	 1.144255e+03 	 1.145642e+03 	 1.148615e+03 	 1.155585e+03 	 1.160687e+03 	 1.167027e+03 	 3.447140e+02 	 1.311473e+02 	 9.714762e+01
3.693000e-01 	 1.900000e+05 	 1.299371e+03 	 1.302518e+03 	 1.306720e+03 	 1.317677e+03 	 1.324156e+03 	 1.337537e+03 	 3.663701e+02 	 1.230256e+02 	 8.602753e+01
3.706600e-01 	 1.913600e+05 	 1.193085e+03 	 1.194511e+03 	 1.200274e+03 	 1.209691e+03 	 1.219161e+03 	 1.230627e+03 	 2.658357e+02 	 1.068770e+02 	 8.109949e+01
3.718000e-01 	 1.925000e+05 	 1.426083e+03 	 1.428315e+03 	 1.433449e+03 	 1.444861e+03 	 1.457922e+03 	 1.472878e+03 	 3.244142e+02 	 1.166066e+02 	 7.662542e+01
3.743000e-01 	 1.950000e+05 	 1.366605e+03 	 1.370942e+03 	 1.374853e+03 	 1.383765e+03 	 1.392508e+03 	 1.405345e+03 	 3.841031e+02 	 1.305444e+02 	 9.051399e+01
3.768000e-01 	 1.975000e+05 	 1.529604e+03 	 1.533411e+03 	 1.539109e+03 	 1.549290e+03 	 1.560446e+03 	 1.574855e+03 	 3.785985e+02 	 1.259787e+02 	 7.535958e+01
3.786200e-01 	 1.993200e+05 	 1.417121e+03 	 1.400294e+03 	 1.407027e+03 	 1.419446e+03 	 1.450033e+03 	 1.459839e+03 	 2.989283e+02 	 1.150520e+02 	 8.113660e+01
3.786600e-01 	 1.993600e+05 	 1.177358e+03 	 1.181337e+03 	 1.187163e+03 	 1.197393e+03 	 1.211113e+03 	 1.225595e+03 	 2.540406e+02 	 1.118062e+02 	 9.071358e+01
3.787600e-01 	 1.994600e+05 	 1.277220e+03 	 1.280020e+03 	 1.287005e+03 	 1.312397e+03 	 1.310531e+03 	 1.323193e+03 	 2.441280e+02 	 1.116830e+02 	 8.322568e+01
3.790400e-01 	 1.997400e+05 	 1.398872e+03 	 1.399030e+03 	 1.407823e+03 	 1.419207e+03 	 1.436226e+03 	 1.449552e+03 	 2.873269e+02 	 1.156369e+02 	 8.211737e+01
3.793000e-01 	 2.000000e+05 	 1.383583e+03 	 1.387390e+03 	 1.392782e+03 	 1.407946e+03 	 1.422260e+03 	 1.441275e+03 	 2.821211e+02 	 1.114580e+02 	 7.965648e+01
3.796000e-01 	 2.003000e+05 	 1.412246e+03 	 1.415352e+03 	 1.422673e+03 	 1.434325e+03 	 1.446989e+03 	 1.460918e+03 	 2.978500e+02 	 1.181786e+02 	 8.322355e+01
3.818000e-01 	 2.025000e+05 	 1.546015e+03 	 1.549603e+03 	 1.549250e+03 	 1.567522e+03 	 1.582029e+03 	 1.596743e+03 	 3.857339e+02 	 1.343910e+02 	 8.709497e+01
3.843000e-01 	 2.050000e+05 	 1.598812e+03 	 1.600410e+03 	 1.607434e+03 	 1.619590e+03 	 1.632851e+03 	 1.648545e+03 	 3.962123e+02 	 1.413460e+02 	 9.227799e+01
3.868000e-01 	 2.075000e+05 	 1.724491e+03 	 1.728013e+03 	 1.735412e+03 	 1.748338e+03 	 1.765291e+03 	 1.785173e+03 	 4.206036e+02 	 1.280191e+02 	 7.340440e+01
3.888800e-01 	 2.095800e+05 	 1.710653e+03 	 1.714883e+03 	 1.721278e+03 	 1.738381e+03 	 1.759950e+03 	 1.780670e+03 	 3.124354e+02 	 1.110056e+02 	 7.317455e+01
3.893000e-01 	 2.100000e+05 	 1.719191e+03 	 1.720800e+03 	 1.727037e+03 	 1.742181e+03 	 1.758205e+03 	 1.777192e+03 	 3.387609e+02 	 1.137982e+02 	 7.088108e+01
3.913200e-01 	 2.120200e+05 	 1.633066e+03 	 1.633888e+03 	 1.643105e+03 	 1.659074e+03 	 1.676059e+03 	 1.697245e+03 	 3.388266e+02 	 1.182350e+02 	 7.805227e+01
3.913400e-01 	 2.120400e+05 	 1.746584e+03 	 1.636056e+03 	 1.757423e+03 	 1.766566e+03 	 1.678649e+03 	 1.696634e+03 	 3.359780e+02 	 1.385651e+02 	 8.355979e+01
3.913800e-01 	 2.120800e+05 	 1.665133e+03 	 1.629802e+03 	 1.675912e+03 	 1.683742e+03 	 1.672806e+03 	 1.694568e+03 	 3.606856e+02 	 1.234503e+02 	 7.966201e+01
3.914000e-01 	 2.121000e+05 	 1.636049e+03 	 1.638905e+03 	 1.647754e+03 	 1.659715e+03 	 1.676404e+03 	 1.695560e+03 	 3.351557e+02 	 1.173042e+02 	 7.811465e+01
3.914200e-01 	 2.121200e+05 	 1.632086e+03 	 1.637694e+03 	 1.644573e+03 	 1.658048e+03 	 1.673031e+03 	 1.695518e+03 	 3.414416e+02 	 1.187556e+02 	 7.889660e+01
3.915800e-01 	 2.122800e+05 	 1.649009e+03 	 1.652276e+03 	 1.656186e+03 	 1.670381e+03 	 1.686710e+03 	 1.705536e+03 	 3.453498e+02 	 1.190932e+02 	 8.062791e+01
3.916000e-01 	 2.123000e+05 	 1.629887e+03 	 1.636027e+03 	 1.641853e+03 	 1.656503e+03 	 1.674841e+03 	 1.693062e+03 	 3.332939e+02 	 1.195213e+02 	 8.123350e+01
3.917200e-01 	 2.124200e+05 	 1.533653e+03 	 1.538007e+03 	 1.542962e+03 	 1.556751e+03 	 1.574837e+03 	 1.591241e+03 	 3.235971e+02 	 1.203836e+02 	 8.264302e+01
3.917400e-01 	 2.124400e+05 	 1.577936e+03 	 1.580960e+03 	 1.550407e+03 	 1.597951e+03 	 1.579132e+03 	 1.628183e+03 	 3.587128e+02 	 1.208126e+02 	 8.492620e+01
3.917600e-01 	 2.124600e+05 	 1.650635e+03 	 1.654630e+03 	 1.661335e+03 	 1.672263e+03 	 1.690658e+03 	 1.705521e+03 	 3.569019e+02 	 1.210584e+02 	 8.219808e+01
3.918000e-01 	 2.125000e+05 	 1.732644e+03 	 1.735380e+03 	 1.743287e+03 	 1.756985e+03 	 1.770535e+03 	 1.791171e+03 	 4.681782e+02 	 1.330553e+02 	 7.695597e+01
3.920600e-01 	 2.127600e+05 	 1.367370e+03 	 1.366216e+03 	 1.370313e+03 	 1.380723e+03 	 1.388106e+03 	 1.398043e+03 	 3.016999e+02 	 1.223325e+02 	 9.326277e+01
3.920800e-01 	 2.127800e+05 	 9.416211e+02 	 9.464427e+02 	 9.558739e+02 	 9.748636e+02 	 9.835920e+02 	 1.003183e+03 	 2.491038e+02 	 1.345410e+02 	 1.207439e+02
3.921000e-01 	 2.128000e+05 	 9.016308e+02 	 9.069459e+02 	 9.151756e+02 	 9.284427e+02 	 9.410374e+02 	 9.524222e+02 	 2.760500e+02 	 1.450320e+02 	 1.286982e+02
3.921200e-01 	 2.128200e+05 	 9.004361e+02 	 9.056290e+02 	 9.139434e+02 	 9.260194e+02 	 9.353542e+02 	 9.509859e+02 	 2.488566e+02 	 1.426275e+02 	 1.255224e+02
3.921800e-01 	 2.128800e+05 	 1.134856e+03 	 1.138276e+03 	 1.147137e+03 	 1.161255e+03 	 1.171000e+03 	 1.185238e+03 	 2.851470e+02 	 1.312275e+02 	 1.109175e+02
3.922200e-01 	 2.129200e+05 	 8.114477e+02 	 8.201130e+02 	 8.278269e+02 	 8.432164e+02 	 8.535168e+02 	 8.628986e+02 	 2.574057e+02 	 1.496710e+02 	 1.416677e+02
3.922400e-01 	 2.129400e+05 	 9.082307e+02 	 9.090903e+02 	 9.160594e+02 	 9.279337e+02 	 9.394491e+02 	 9.528390e+02 	 2.495131e+02 	 1.378377e+02 	 1.258263e+02
3.923200e-01 	 2.130200e+05 	 8.197808e+02 	 8.254802e+02 	 8.331650e+02 	 8.469067e+02 	 8.586615e+02 	 8.722857e+02 	 2.625382e+02 	 1.499032e+02 	 1.400579e+02
3.923400e-01 	 2.130400e+05 	 9.164119e+02 	 9.216719e+02 	 9.279862e+02 	 9.494268e+02 	 9.602645e+02 	 9.742153e+02 	 2.775638e+02 	 1.466591e+02 	 1.302829e+02
3.923800e-01 	 2.130800e+05 	 1.094950e+03 	 1.100996e+03 	 1.106782e+03 	 1.118224e+03 	 1.132941e+03 	 1.150796e+03 	 2.610270e+02 	 1.273706e+02 	 1.099771e+02
3.924200e-01 	 2.131200e+05 	 1.003431e+03 	 1.018785e+03 	 1.014126e+03 	 1.037329e+03 	 1.049653e+03 	 1.053925e+03 	 2.830861e+02 	 1.375243e+02 	 1.190166e+02
3.924400e-01 	 2.131400e+05 	 1.126716e+03 	 1.128424e+03 	 1.134579e+03 	 1.150463e+03 	 1.163070e+03 	 1.178410e+03 	 2.880835e+02 	 1.312406e+02 	 1.081262e+02
3.924800e-01 	 2.131800e+05 	 1.270301e+03 	 1.273158e+03 	 1.277949e+03 	 1.289306e+03 	 1.304018e+03 	 1.314388e+03 	 3.081847e+02 	 1.245466e+02 	 9.879277e+01
3.925000e-01 	 2.132000e+05 	 1.348762e+03 	 1.356081e+03 	 1.362457e+03 	 1.370414e+03 	 1.373654e+03 	 1.395874e+03 	 3.352569e+02 	 1.315280e+02 	 9.457428e+01
3.925200e-01 	 2.132200e+05 	 1.465575e+03 	 1.466553e+03 	 1.474148e+03 	 1.485494e+03 	 1.497766e+03 	 1.522731e+03 	 3.927518e+02 	 1.340900e+02 	 9.015809e+01
3.943000e-01 	 2.150000e+05 	 1.833336e+03 	 1.834857e+03 	 1.841534e+03 	 1.858072e+03 	 1.874707e+03 	 1.894338e+03 	 4.787648e+02 	 1.315444e+02 	 7.235690e+01
3.968000e-01 	 2.175000e+05 	 1.959455e+03 	 1.961630e+03 	 1.971958e+03 	 1.988880e+03 	 2.008997e+03 	 2.032939e+03 	 4.893006e+02 	 1.236414e+02 	 6.257433e+01
3.971200e-01 	 2.178200e+05 	 1.944736e+03 	 1.948561e+03 	 1.957693e+03 	 1.975462e+03 	 1.998737e+03 	 2.024291e+03 	 3.527545e+02 	 1.147118e+02 	 7.092196e+01
3.971400e-01 	 2.178400e+05 	 1.947083e+03 	 1.949853e+03 	 1.958474e+03 	 1.976511e+03 	 1.998131e+03 	 2.027412e+03 	 3.508547e+02 	 1.130347e+02 	 7.022984e+01
3.975200e-01 	 2.182200e+05 	 1.956788e+03 	 1.962476e+03 	 1.974125e+03 	 1.988329e+03 	 2.014229e+03 	 2.038359e+03 	 3.781214e+02 	 1.353516e+02 	 7.283768e+01
3.975800e-01 	 2.182800e+05 	 1.961913e+03 	 1.967564e+03 	 1.975732e+03 	 1.999891e+03 	 2.024006e+03 	 2.051583e+03 	 3.383126e+02 	 1.105732e+02 	 7.022808e+01
3.976200e-01 	 2.183200e+05 	 1.960245e+03 	 1.966021e+03 	 1.976067e+03 	 1.996713e+03 	 2.021278e+03 	 2.052879e+03 	 3.451323e+02 	 1.128503e+02 	 7.026297e+01
3.978200e-01 	 2.185200e+05 	 1.970123e+03 	 1.969766e+03 	 1.981885e+03 	 2.000628e+03 	 2.026673e+03 	 2.054183e+03 	 3.561411e+02 	 1.132696e+02 	 7.006966e+01
3.978600e-01 	 2.185600e+05 	 2.029508e+03 	 2.034244e+03 	 2.049188e+03 	 2.065410e+03 	 2.089601e+03 	 2.121974e+03 	 3.791436e+02 	 1.124205e+02 	 6.670838e+01
3.985000e-01 	 2.192000e+05 	 1.883024e+03 	 1.887735e+03 	 1.889975e+03 	 1.917169e+03 	 1.941010e+03 	 1.965461e+03 	 3.372806e+02 	 1.114318e+02 	 7.473610e+01
3.985400e-01 	 2.192400e+05 	 1.857352e+03 	 1.862928e+03 	 1.876126e+03 	 1.898640e+03 	 1.926624e+03 	 1.961533e+03 	 3.048374e+02 	 1.105431e+02 	 7.707284e+01
3.986600e-01 	 2.193600e+05 	 1.966629e+03 	 1.970036e+03 	 1.982011e+03 	 2.003465e+03 	 2.029726e+03 	 2.060757e+03 	 3.457929e+02 	 1.120292e+02 	 7.097590e+01
3.987000e-01 	 2.194000e+05 	 1.876262e+03 	 1.881286e+03 	 1.891605e+03 	 1.911439e+03 	 1.938719e+03 	 1.967446e+03 	 3.228926e+02 	 1.147389e+02 	 7.592612e+01
3.987600e-01 	 2.194600e+05 	 2.022737e+03 	 2.025054e+03 	 1.981844e+03 	 2.048771e+03 	 2.025444e+03 	 2.091274e+03 	 4.143151e+02 	 1.183089e+02 	 7.211535e+01
3.991000e-01 	 2.198000e+05 	 1.973668e+03 	 1.976137e+03 	 1.986575e+03 	 2.005690e+03 	 2.031666e+03 	 2.060546e+03 	 3.598174e+02 	 1.156667e+02 	 7.046777e+01
3.992800e-01 	 2.199800e+05 	 1.778196e+03 	 1.791031e+03 	 1.793341e+03 	 1.823233e+03 	 1.840382e+03 	 1.870919e+03 	 3.007303e+02 	 1.136667e+02 	 8.096777e+01
3.993000e-01 	 2.200000e+05 	 1.863884e+03 	 1.869409e+03 	 1.882228e+03 	 1.906422e+03 	 1.934944e+03 	 1.972103e+03 	 3.046237e+02 	 1.111314e+02 	 7.797564e+01
3.993400e-01 	 2.200400e+05 	 1.646213e+03 	 1.651358e+03 	 1.661617e+03 	 1.682575e+03 	 1.706930e+03 	 1.742064e+03 	 2.755804e+02 	 1.161406e+02 	 8.722386e+01
3.993800e-01 	 2.200800e+05 	 1.890609e+03 	 1.897119e+03 	 1.906387e+03 	 1.925225e+03 	 1.939777e+03 	 1.970377e+03 	 3.339666e+02 	 1.161690e+02 	 7.607378e+01
3.994000e-01 	 2.201000e+05 	 1.983343e+03 	 1.987674e+03 	 1.999390e+03 	 2.021869e+03 	 2.049335e+03 	 2.080843e+03 	 3.554019e+02 	 1.253397e+02 	 7.616788e+01
3.995800e-01 	 2.202800e+05 	 1.971582e+03 	 1.975183e+03 	 1.984248e+03 	 2.004259e+03 	 2.024830e+03 	 2.056289e+03 	 3.569342e+02 	 1.166370e+02 	 7.093847e+01
3.996000e-01 	 2.203000e+05 	 1.969020e+03 	 1.976567e+03 	 1.985926e+03 	 2.003956e+03 	 2.028622e+03 	 2.057536e+03 	 3.681256e+02 	 1.170007e+02 	 7.080705e+01
3.996200e-01 	 2.203200e+05 	 1.981524e+03 	 1.987742e+03 	 1.994909e+03 	 2.015358e+03 	 2.041029e+03 	 2.065698e+03 	 3.624121e+02 	 1.157126e+02 	 7.066457e+01
3.996400e-01 	 2.203400e+05 	 1.992574e+03 	 1.994759e+03 	 2.005567e+03 	 2.024455e+03 	 2.046181e+03 	 2.073531e+03 	 3.896452e+02 	 1.155769e+02 	 7.160243e+01
4.018000e-01 	 2.225000e+05 	 2.077150e+03 	 2.083211e+03 	 2.090895e+03 	 2.109756e+03 	 2.134614e+03 	 2.166366e+03 	 4.307200e+02 	 1.174912e+02 	 6.187044e+01
4.027800e-01 	 2.234800e+05 	 1.263385e+03 	 1.272416e+03 	 1.292247e+03 	 1.318654e+03 	 1.351096e+03 	 1.388283e+03 	 2.738294e+02 	 1.413099e+02 	 1.209228e+02
4.028000e-01 	 2.235000e+05 	 1.534763e+03 	 1.537960e+03 	 1.555788e+03 	 1.578123e+03 	 1.616300e+03 	 1.657113e+03 	 2.913535e+02 	 1.274151e+02 	 9.979179e+01
4.028200e-01 	 2.235200e+05 	 1.656611e+03 	 1.640969e+03 	 1.675629e+03 	 1.701151e+03 	 1.735245e+03 	 1.774036e+03 	 2.709839e+02 	 1.140534e+02 	 8.931786e+01
4.028400e-01 	 2.235400e+05 	 1.889434e+03 	 1.891895e+03 	 1.901664e+03 	 1.934659e+03 	 1.971582e+03 	 2.009569e+03 	 2.951653e+02 	 1.055112e+02 	 7.652169e+01
4.029000e-01 	 2.236000e+05 	 1.766525e+03 	 1.775872e+03 	 1.787957e+03 	 1.818377e+03 	 1.853627e+03 	 1.892525e+03 	 2.824499e+02 	 1.095301e+02 	 8.200646e+01
4.029200e-01 	 2.236200e+05 	 1.900541e+03 	 1.907932e+03 	 1.922673e+03 	 1.947194e+03 	 1.985310e+03 	 2.025671e+03 	 2.923413e+02 	 1.059305e+02 	 7.696179e+01
4.029600e-01 	 2.236600e+05 	 2.089431e+03 	 2.059785e+03 	 2.102994e+03 	 2.119550e+03 	 2.110228e+03 	 2.138858e+03 	 4.217438e+02 	 1.452150e+02 	 6.941456e+01
4.030400e-01 	 2.237400e+05 	 2.012324e+03 	 2.014078e+03 	 2.025302e+03 	 2.052147e+03 	 2.085338e+03 	 2.116385e+03 	 3.214191e+02 	 1.048658e+02 	 7.132682e+01
4.030800e-01 	 2.237800e+05 	 2.080894e+03 	 2.084345e+03 	 2.093568e+03 	 2.115701e+03 	 2.143091e+03 	 2.174339e+03 	 3.707680e+02 	 1.066203e+02 	 6.453674e+01
4.033800e-01 	 2.240800e+05 	 2.133655e+03 	 2.136873e+03 	 2.148278e+03 	 2.167112e+03 	 2.192913e+03 	 2.226204e+03 	 3.950308e+02 	 1.071940e+02 	 6.294693e+01
4.043000e-01 	 2.250000e+05 	 2.021274e+03 	 2.026473e+03 	 2.034651e+03 	 2.054430e+03 	 2.073027e+03 	 2.099307e+03 	 4.977890e+02 	 1.309356e+02 	 5.534028e+01
4.068000e-01 	 2.275000e+05 	 1.876491e+03 	 1.877922e+03 	 1.885228e+03 	 1.899805e+03 	 1.917394e+03 	 1.937041e+03 	 5.517046e+02 	 1.503572e+02 	 8.516788e+01
4.076200e-01 	 2.283200e+05 	 1.639307e+03 	 1.641448e+03 	 1.645922e+03 	 1.657421e+03 	 1.668309e+03 	 1.685582e+03 	 4.614898e+02 	 1.591767e+02 	 1.059876e+02
4.077600e-01 	 2.284600e+05 	 1.639900e+03 	 1.641909e+03 	 1.646027e+03 	 1.657174e+03 	 1.668259e+03 	 1.682898e+03 	 4.790049e+02 	 1.635647e+02 	 1.104997e+02
4.081600e-01 	 2.288600e+05 	 1.470027e+03 	 1.473519e+03 	 1.476151e+03 	 1.484751e+03 	 1.490192e+03 	 1.503249e+03 	 4.590284e+02 	 1.680330e+02 	 1.227870e+02
4.087600e-01 	 2.294600e+05 	 1.294389e+03 	 1.296662e+03 	 1.297554e+03 	 1.301136e+03 	 1.300742e+03 	 1.306472e+03 	 4.393865e+02 	 1.740869e+02 	 1.391033e+02
4.093000e-01 	 2.300000e+05 	 1.253613e+03 	 1.250690e+03 	 1.247437e+03 	 1.248691e+03 	 1.247404e+03 	 1.253094e+03 	 5.196662e+02 	 2.090951e+02 	 1.780869e+02
4.094200e-01 	 2.301200e+05 	 1.284007e+03 	 1.280257e+03 	 1.275605e+03 	 1.275969e+03 	 1.270150e+03 	 1.275526e+03 	 5.533782e+02 	 2.197038e+02 	 1.875712e+02
4.097400e-01 	 2.304400e+05 	 1.283808e+03 	 1.275319e+03 	 1.274409e+03 	 1.272852e+03 	 1.270978e+03 	 1.276438e+03 	 6.106555e+02 	 2.426055e+02 	 2.140002e+02
4.100200e-01 	 2.307200e+05 	 1.255208e+03 	 1.245824e+03 	 1.235576e+03 	 1.232737e+03 	 1.229186e+03 	 1.232106e+03 	 6.739269e+02 	 2.743034e+02 	 2.540932e+02
4.101600e-01 	 2.308600e+05 	 1.272951e+03 	 1.262773e+03 	 1.248081e+03 	 1.243787e+03 	 1.236528e+03 	 1.244654e+03 	 6.317063e+02 	 2.680199e+02 	 2.488054e+02
4.101800e-01 	 2.308800e+05 	 1.251164e+03 	 1.242267e+03 	 1.232996e+03 	 1.231415e+03 	 1.224151e+03 	 1.225699e+03 	 5.969867e+02 	 2.631989e+02 	 2.416606e+02
4.102000e-01 	 2.309000e+05 	 1.303174e+03 	 1.297614e+03 	 1.290673e+03 	 1.291111e+03 	 1.289186e+03 	 1.294080e+03 	 6.451109e+02 	 2.519107e+02 	 2.218867e+02
4.102200e-01 	 2.309200e+05 	 1.307531e+03 	 1.300483e+03 	 1.294260e+03 	 1.294387e+03 	 1.291116e+03 	 1.296906e+03 	 6.339712e+02 	 2.484056e+02 	 2.193031e+02
4.118000e-01 	 2.325000e+05 	 1.634526e+03 	 1.636247e+03 	 1.638517e+03 	 1.647498e+03 	 1.654372e+03 	 1.666523e+03 	 7.014238e+02 	 2.122184e+02 	 1.462852e+02
4.142600e-01 	 2.349600e+05 	 1.663813e+03 	 1.664358e+03 	 1.674335e+03 	 1.678080e+03 	 1.686335e+03 	 1.699478e+03 	 5.465317e+02 	 1.846242e+02 	 1.292772e+02
4.143000e-01 	 2.350000e+05 	 1.657533e+03 	 1.660105e+03 	 1.663999e+03 	 1.674978e+03 	 1.683375e+03 	 1.698333e+03 	 5.314119e+02 	 1.815509e+02 	 1.296588e+02
4.145000e-01 	 2.352000e+05 	 1.591230e+03 	 1.590235e+03 	 1.593756e+03 	 1.603583e+03 	 1.605886e+03 	 1.618360e+03 	 5.193147e+02 	 1.878876e+02 	 1.350599e+02
4.147800e-01 	 2.354800e+05 	 1.592820e+03 	 1.591527e+03 	 1.593671e+03 	 1.601453e+03 	 1.608417e+03 	 1.622182e+03 	 4.921910e+02 	 1.767616e+02 	 1.326438e+02
4.152400e-01 	 2.359400e+05 	 1.604524e+03 	 1.603512e+03 	 1.606792e+03 	 1.613307e+03 	 1.617631e+03 	 1.630747e+03 	 5.313307e+02 	 1.959092e+02 	 1.415396e+02
4.154800e-01 	 2.361800e+05 	 1.605388e+03 	 1.606112e+03 	 1.607925e+03 	 1.615818e+03 	 1.622181e+03 	 1.630819e+03 	 5.718075e+02 	 2.059140e+02 	 1.478002e+02
4.157200e-01 	 2.364200e+05 	 1.602534e+03 	 1.604514e+03 	 1.604870e+03 	 1.613851e+03 	 1.618596e+03 	 1.632826e+03 	 5.771011e+02 	 2.004252e+02 	 1.455895e+02
4.157400e-01 	 2.364400e+05 	 1.625949e+03 	 1.622393e+03 	 1.621345e+03 	 1.629475e+03 	 1.634977e+03 	 1.646637e+03 	 5.989308e+02 	 2.078110e+02 	 1.495993e+02
4.168000e-01 	 2.375000e+05 	 1.691001e+03 	 1.688828e+03 	 1.691156e+03 	 1.698591e+03 	 1.705827e+03 	 1.719422e+03 	 6.881390e+02 	 2.309413e+02 	 1.628717e+02
4.193000e-01 	 2.400000e+05 	 1.801938e+03 	 1.802097e+03 	 1.806929e+03 	 1.817444e+03 	 1.825629e+03 	 1.841115e+03 	 6.414967e+02 	 2.092021e+02 	 1.346803e+02
4.218000e-01 	 2.425000e+05 	 1.945394e+03 	 1.950787e+03 	 1.956827e+03 	 1.971718e+03 	 1.986791e+03 	 2.009513e+03 	 6.519883e+02 	 1.833983e+02 	 1.045544e+02
4.231000e-01 	 2.438000e+05 	 2.024699e+03 	 2.025378e+03 	 2.034938e+03 	 2.048665e+03 	 2.067804e+03 	 2.096180e+03 	 5.355120e+02 	 1.641195e+02 	 9.804880e+01
4.231400e-01 	 2.438400e+05 	 2.035096e+03 	 2.033383e+03 	 2.039785e+03 	 2.062227e+03 	 2.075281e+03 	 2.106960e+03 	 5.274449e+02 	 1.657033e+02 	 9.791351e+01
4.231600e-01 	 2.438600e+05 	 1.962201e+03 	 1.967221e+03 	 1.969928e+03 	 1.985704e+03 	 2.002467e+03 	 2.024779e+03 	 4.962878e+02 	 1.644377e+02 	 9.936401e+01
4.232200e-01 	 2.439200e+05 	 1.980102e+03 	 1.977733e+03 	 1.980774e+03 	 2.002704e+03 	 2.011247e+03 	 2.041864e+03 	 5.275629e+02 	 1.667303e+02 	 9.861503e+01
4.232600e-01 	 2.439600e+05 	 2.028280e+03 	 2.030039e+03 	 2.039871e+03 	 2.056329e+03 	 2.079023e+03 	 2.103047e+03 	 5.278838e+02 	 1.603198e+02 	 9.488895e+01
4.243000e-01 	 2.450000e+05 	 2.023337e+03 	 2.027485e+03 	 2.032959e+03 	 2.047007e+03 	 2.065256e+03 	 2.089044e+03 	 6.045948e+02 	 1.740271e+02 	 9.626072e+01
4.268000e-01 	 2.475000e+05 	 1.980898e+03 	 2.057657e+03 	 1.987813e+03 	 2.076967e+03 	 2.016727e+03 	 2.095937e+03 	 7.459112e+02 	 2.181493e+02 	 1.236068e+02
4.293000e-01 	 2.500000e+05 	 1.892860e+03 	 1.894212e+03 	 1.898879e+03 	 1.909631e+03 	 1.921767e+03 	 1.941068e+03 	 7.443824e+02 	 2.203229e+02 	 1.348783e+02
4.318000e-01 	 2.525000e+05 	 1.827435e+03 	 1.823272e+03 	 1.864936e+03 	 1.871826e+03 	 1.875919e+03 	 1.887780e+03 	 7.422496e+02 	 2.874958e+02 	 1.938171e+02
4.343000e-01 	 2.550000e+05 	 2.076390e+03 	 2.076095e+03 	 2.083353e+03 	 2.096411e+03 	 2.111826e+03 	 2.133744e+03 	 6.811918e+02 	 2.173004e+02 	 1.281453e+02
4.368000e-01 	 2.575000e+05 	 2.072085e+03 	 2.072144e+03 	 2.077464e+03 	 2.093033e+03 	 2.106871e+03 	 2.127529e+03 	 7.210426e+02 	 2.093163e+02 	 1.060464e+02
4.393000e-01 	 2.600000e+05 	 2.075493e+03 	 2.073782e+03 	 2.079997e+03 	 2.093926e+03 	 2.108616e+03 	 2.131872e+03 	 7.566621e+02 	 2.369837e+02 	 1.405397e+02
4.403600e-01 	 2.610600e+05 	 2.192069e+03 	 2.184780e+03 	 2.189099e+03 	 2.199238e+03 	 2.188476e+03 	 2.235235e+03 	 7.171440e+02 	 2.753362e+02 	 1.685464e+02
4.404800e-01 	 2.611800e+05 	 2.204341e+03 	 2.198533e+03 	 2.199114e+03 	 2.213711e+03 	 2.230114e+03 	 2.256152e+03 	 6.355125e+02 	 2.365449e+02 	 1.507212e+02
4.407800e-01 	 2.614800e+05 	 2.132878e+03 	 2.124503e+03 	 2.127195e+03 	 2.140488e+03 	 2.149454e+03 	 2.181879e+03 	 6.362956e+02 	 2.517538e+02 	 1.687838e+02
4.414000e-01 	 2.621000e+05 	 2.128031e+03 	 2.121820e+03 	 2.116918e+03 	 2.128852e+03 	 2.129940e+03 	 2.161361e+03 	 6.895954e+02 	 2.792410e+02 	 1.893615e+02
4.418000e-01 	 2.625000e+05 	 2.122894e+03 	 2.115593e+03 	 2.113136e+03 	 2.125133e+03 	 2.135199e+03 	 2.157766e+03 	 7.039915e+02 	 2.768496e+02 	 1.893379e+02
4.419400e-01 	 2.626400e+05 	 2.173184e+03 	 2.168575e+03 	 2.169773e+03 	 2.183644e+03 	 2.198988e+03 	 2.224727e+03 	 6.909522e+02 	 2.648906e+02 	 1.810768e+02
4.443000e-01 	 2.650000e+05 	 2.095911e+03 	 2.092790e+03 	 2.016063e+03 	 2.101365e+03 	 2.110469e+03 	 2.123922e+03 	 9.258501e+02 	 3.105187e+02 	 1.698652e+02
4.468000e-01 	 2.675000e+05 	 2.029587e+03 	 2.026775e+03 	 2.026938e+03 	 2.037115e+03 	 2.050358e+03 	 2.072205e+03 	 8.436921e+02 	 3.120203e+02 	 2.020751e+02
4.493000e-01 	 2.700000e+05 	 2.034667e+03 	 2.029119e+03 	 2.028075e+03 	 2.042871e+03 	 2.055928e+03 	 2.081230e+03 	 8.368569e+02 	 2.786350e+02 	 1.723845e+02
4.518000e-01 	 2.725000e+05 	 2.089915e+03 	 2.081144e+03 	 2.082069e+03 	 2.094074e+03 	 2.109020e+03 	 2.130824e+03 	 8.009188e+02 	 2.537237e+02 	 1.516184e+02
4.543000e-01 	 2.750000e+05 	 2.095199e+03 	 2.091587e+03 	 2.092822e+03 	 2.108534e+03 	 2.120332e+03 	 2.147643e+03 	 8.016069e+02 	 2.672498e+02 	 1.587616e+02
4.568000e-01 	 2.775000e+05 	 2.079642e+03 	 2.072858e+03 	 2.073636e+03 	 2.084624e+03 	 2.098246e+03 	 2.119979e+03 	 8.655041e+02 	 2.893600e+02 	 1.747749e+02
4.593000e-01 	 2.800000e+05 	 2.223670e+03 	 2.221671e+03 	 2.225067e+03 	 2.238390e+03 	 2.254214e+03 	 2.279469e+03 	 7.734338e+02 	 2.663862e+02 	 1.460177e+02
4.618000e-01 	 2.825000e+05 	 2.411122e+03 	 2.414087e+03 	 2.419009e+03 	 2.436963e+03 	 2.454647e+03 	 2.480427e+03 	 6.872432e+02 	 1.893050e+02 	 8.297597e+01
4.643000e-01 	 2.850000e+05 	 2.456946e+03 	 2.458675e+03 	 2.464082e+03 	 2.481777e+03 	 2.504126e+03 	 2.532608e+03 	 6.388324e+02 	 1.496807e+02 	 5.767201e+01
4.668000e-01 	 2.875000e+05 	 2.404357e+03 	 2.403255e+03 	 2.411496e+03 	 2.427992e+03 	 2.450201e+03 	 2.476051e+03 	 6.790586e+02 	 1.682859e+02 	 6.744545e+01
4.693000e-01 	 2.900000e+05 	 2.213838e+03 	 2.208295e+03 	 2.208740e+03 	 2.221841e+03 	 2.239381e+03 	 2.265492e+03 	 8.288258e+02 	 2.884017e+02 	 1.703928e+02
4.717200e-01 	 2.924200e+05 	 2.404195e+03 	 2.383009e+03 	 2.389189e+03 	 2.404378e+03 	 2.422007e+03 	 2.450239e+03 	 7.561526e+02 	 2.939992e+02 	 1.754463e+02
4.717400e-01 	 2.924400e+05 	 2.405407e+03 	 2.405786e+03 	 2.393672e+03 	 2.408414e+03 	 2.440248e+03 	 2.464631e+03 	 7.458911e+02 	 2.799297e+02 	 1.669824e+02
4.717800e-01 	 2.924800e+05 	 2.426750e+03 	 2.412823e+03 	 2.411975e+03 	 2.425862e+03 	 2.447772e+03 	 2.478472e+03 	 7.422307e+02 	 2.767436e+02 	 1.647888e+02
4.718000e-01 	 2.925000e+05 	 2.430303e+03 	 2.418853e+03 	 2.417126e+03 	 2.432393e+03 	 2.450833e+03 	 2.484781e+03 	 7.429206e+02 	 2.729746e+02 	 1.609588e+02
4.718000e-01 	 2.925000e+05 	 2.419374e+03 	 2.406697e+03 	 2.406170e+03 	 2.421910e+03 	 2.411462e+03 	 2.472966e+03 	 7.415957e+02 	 2.731542e+02 	 1.612675e+02
4.718200e-01 	 2.925200e+05 	 2.407024e+03 	 2.392110e+03 	 2.390601e+03 	 2.407721e+03 	 2.421213e+03 	 2.453349e+03 	 7.555961e+02 	 2.926272e+02 	 1.697223e+02
4.743000e-01 	 2.950000e+05 	 2.260430e+03 	 2.262149e+03 	 2.262641e+03 	 2.280394e+03 	 2.296887e+03 	 2.325732e+03 	 7.641068e+02 	 2.137903e+02 	 9.636227e+01
4.768000e-01 	 2.975000e+05 	 2.269899e+03 	 2.265440e+03 	 2.269409e+03 	 2.283264e+03 	 2.300136e+03 	 2.327139e+03 	 7.662789e+02 	 2.307473e+02 	 1.126532e+02
4.793000e-01 	 3.000000e+05 	 2.488115e+03 	 2.476963e+03 	 2.479623e+03 	 2.491907e+03 	 2.512758e+03 	 2.544443e+03 	 7.723377e+02 	 2.804183e+02 	 1.542436e+02
4.795600e-01 	 3.002600e+05 	 2.491998e+03 	 2.486478e+03 	 2.481827e+03 	 2.498520e+03 	 2.516448e+03 	 2.549349e+03 	 7.814767e+02 	 2.965311e+02 	 1.705632e+02
4.799400e-01 	 3.006400e+05 	 2.626858e+03 	 2.614671e+03 	 2.608806e+03 	 2.623434e+03 	 2.646893e+03 	 2.684396e+03 	 7.206912e+02 	 2.990803e+02 	 1.738396e+02
4.800800e-01 	 3.007800e+05 	 2.518071e+03 	 2.505073e+03 	 2.504695e+03 	 2.520607e+03 	 2.539343e+03 	 2.571712e+03 	 7.947117e+02 	 2.995240e+02 	 1.743447e+02
4.801800e-01 	 3.008800e+05 	 2.659956e+03 	 2.645490e+03 	 2.644883e+03 	 2.661409e+03 	 2.682553e+03 	 2.724618e+03 	 7.139567e+02 	 2.787052e+02 	 1.635872e+02
4.802600e-01 	 3.009600e+05 	 2.553662e+03 	 2.536121e+03 	 2.535570e+03 	 2.548791e+03 	 2.570329e+03 	 2.604433e+03 	 7.783395e+02 	 3.130373e+02 	 1.757216e+02
4.804000e-01 	 3.011000e+05 	 2.543460e+03 	 2.530317e+03 	 2.525525e+03 	 2.543091e+03 	 2.563050e+03 	 2.596493e+03 	 7.309112e+02 	 2.934187e+02 	 1.706517e+02
4.804200e-01 	 3.011200e+05 	 2.538630e+03 	 2.527030e+03 	 2.518273e+03 	 2.529017e+03 	 2.551871e+03 	 2.579103e+03 	 7.980675e+02 	 3.197881e+02 	 1.870430e+02
4.804400e-01 	 3.011400e+05 	 2.554813e+03 	 2.543483e+03 	 2.536960e+03 	 2.553314e+03 	 2.566374e+03 	 2.602983e+03 	 7.873887e+02 	 2.952726e+02 	 1.727655e+02
4.804600e-01 	 3.011600e+05 	 2.555072e+03 	 2.542080e+03 	 2.536840e+03 	 2.554824e+03 	 2.573563e+03 	 2.606038e+03 	 7.248540e+02 	 2.932490e+02 	 1.717181e+02
4.804800e-01 	 3.011800e+05 	 2.593123e+03 	 2.580891e+03 	 2.583019e+03 	 2.599799e+03 	 2.616672e+03 	 2.650909e+03 	 7.625168e+02 	 2.876763e+02 	 1.639653e+02
4.806400e-01 	 3.013400e+05 	 2.589689e+03 	 2.582247e+03 	 2.577338e+03 	 2.597351e+03 	 2.614317e+03 	 2.651069e+03 	 7.586208e+02 	 2.933872e+02 	 1.616997e+02
4.806800e-01 	 3.013800e+05 	 2.609854e+03 	 2.601002e+03 	 2.597952e+03 	 2.601371e+03 	 2.636780e+03 	 2.673280e+03 	 7.496357e+02 	 2.912515e+02 	 1.646406e+02
4.807200e-01 	 3.014200e+05 	 2.629353e+03 	 2.618155e+03 	 2.617300e+03 	 2.632270e+03 	 2.652294e+03 	 2.687600e+03 	 7.517204e+02 	 2.784764e+02 	 1.543355e+02
4.807400e-01 	 3.014400e+05 	 2.618765e+03 	 2.605896e+03 	 2.605628e+03 	 2.619760e+03 	 2.642080e+03 	 2.676744e+03 	 7.549593e+02 	 2.749878e+02 	 1.524068e+02
4.807600e-01 	 3.014600e+05 	 2.602706e+03 	 2.592881e+03 	 2.591995e+03 	 2.609487e+03 	 2.630665e+03 	 2.667990e+03 	 7.529598e+02 	 2.735331e+02 	 1.519415e+02
4.809000e-01 	 3.016000e+05 	 2.732092e+03 	 2.715426e+03 	 2.712528e+03 	 2.731138e+03 	 2.756202e+03 	 2.797313e+03 	 6.637134e+02 	 2.657462e+02 	 1.505493e+02
4.810800e-01 	 3.017800e+05 	 2.583814e+03 	 2.576838e+03 	 2.574366e+03 	 2.592575e+03 	 2.610423e+03 	 2.647492e+03 	 7.657725e+02 	 2.883116e+02 	 1.503640e+02
4.812000e-01 	 3.019000e+05 	 2.819447e+03 	 2.804417e+03 	 2.804548e+03 	 2.826750e+03 	 2.852382e+03 	 2.895840e+03 	 6.134231e+02 	 2.450826e+02 	 1.358203e+02
4.816600e-01 	 3.023600e+05 	 2.859028e+03 	 2.833254e+03 	 2.834433e+03 	 2.861859e+03 	 2.899534e+03 	 2.955491e+03 	 5.312570e+02 	 2.196188e+02 	 1.332937e+02
4.816800e-01 	 3.023800e+05 	 2.782962e+03 	 2.770470e+03 	 2.764762e+03 	 2.784888e+03 	 2.809521e+03 	 2.850397e+03 	 6.618258e+02 	 2.510633e+02 	 1.320863e+02
4.818000e-01 	 3.025000e+05 	 2.842058e+03 	 2.824432e+03 	 2.820100e+03 	 2.844856e+03 	 2.873358e+03 	 2.918146e+03 	 6.157378e+02 	 2.370302e+02 	 1.288926e+02
4.818200e-01 	 3.025200e+05 	 2.840321e+03 	 2.820778e+03 	 2.811642e+03 	 2.837774e+03 	 2.863654e+03 	 2.919573e+03 	 5.679746e+02 	 2.301171e+02 	 1.357309e+02
4.819400e-01 	 3.026400e+05 	 2.779869e+03 	 2.761554e+03 	 2.761743e+03 	 2.780671e+03 	 2.802183e+03 	 2.841242e+03 	 6.652461e+02 	 2.454554e+02 	 1.323930e+02
4.823600e-01 	 3.030600e+05 	 2.721338e+03 	 2.714172e+03 	 2.716104e+03 	 2.734528e+03 	 2.757826e+03 	 2.793380e+03 	 7.161014e+02 	 2.477215e+02 	 1.213609e+02
4.828400e-01 	 3.035400e+05 	 2.696445e+03 	 2.691113e+03 	 2.694660e+03 	 2.711303e+03 	 2.738024e+03 	 2.774165e+03 	 7.112490e+02 	 2.292836e+02 	 1.003720e+02
4.830400e-01 	 3.037400e+05 	 2.696636e+03 	 2.690412e+03 	 2.702626e+03 	 2.719372e+03 	 2.746929e+03 	 2.783674e+03 	 6.927519e+02 	 2.217508e+02 	 9.527138e+01
4.831200e-01 	 3.038200e+05 	 2.695711e+03 	 2.689171e+03 	 2.697515e+03 	 2.714291e+03 	 2.743259e+03 	 2.779972e+03 	 6.890593e+02 	 2.107839e+02 	 9.174028e+01
4.832000e-01 	 3.039000e+05 	 2.721203e+03 	 2.741972e+03 	 2.746524e+03 	 2.767555e+03 	 2.791644e+03 	 2.823580e+03 	 7.255291e+02 	 2.176238e+02 	 8.721130e+01
4.843000e-01 	 3.050000e+05 	 2.524912e+03 	 2.527715e+03 	 2.533977e+03 	 2.548354e+03 	 2.571840e+03 	 2.600365e+03 	 6.782699e+02 	 1.532162e+02 	 5.602087e+01
4.868000e-01 	 3.075000e+05 	 2.337715e+03 	 2.331534e+03 	 2.336370e+03 	 2.351216e+03 	 2.370102e+03 	 2.396995e+03 	 7.868335e+02 	 2.282232e+02 	 1.005559e+02
4.873600e-01 	 3.080600e+05 	 2.614610e+03 	 2.595810e+03 	 2.588833e+03 	 2.607471e+03 	 2.633281e+03 	 2.670042e+03 	 6.925322e+02 	 2.593408e+02 	 1.512959e+02
4.877000e-01 	 3.084000e+05 	 2.572512e+03 	 2.544187e+03 	 2.525194e+03 	 2.551060e+03 	 2.574407e+03 	 2.621137e+03 	 6.083556e+02 	 2.738574e+02 	 1.710427e+02
4.877800e-01 	 3.084800e+05 	 2.583938e+03 	 2.554167e+03 	 2.546170e+03 	 2.562143e+03 	 2.580207e+03 	 2.619712e+03 	 6.900685e+02 	 2.785019e+02 	 1.723074e+02
4.880000e-01 	 3.087000e+05 	 2.587242e+03 	 2.571074e+03 	 2.564732e+03 	 2.580391e+03 	 2.603207e+03 	 2.637759e+03 	 7.525005e+02 	 2.737185e+02 	 1.584713e+02
4.891000e-01 	 3.098000e+05 	 2.527434e+03 	 2.513678e+03 	 2.511234e+03 	 2.528963e+03 	 2.547526e+03 	 2.578462e+03 	 8.104743e+02 	 2.745053e+02 	 1.429043e+02
4.892600e-01 	 3.099600e+05 	 2.512592e+03 	 2.499645e+03 	 2.500457e+03 	 2.514155e+03 	 2.532762e+03 	 2.568105e+03 	 7.943922e+02 	 2.787119e+02 	 1.478290e+02
4.893000e-01 	 3.100000e+05 	 2.568541e+03 	 2.554761e+03 	 2.553297e+03 	 2.569059e+03 	 2.587966e+03 	 2.620074e+03 	 7.792178e+02 	 2.616322e+02 	 1.355676e+02
4.897000e-01 	 3.104000e+05 	 2.653956e+03 	 2.643997e+03 	 2.640485e+03 	 2.658155e+03 	 2.680843e+03 	 2.719395e+03 	 7.335911e+02 	 2.456470e+02 	 1.284664e+02
4.899400e-01 	 3.106400e+05 	 2.704145e+03 	 2.692866e+03 	 2.685378e+03 	 2.707811e+03 	 2.736297e+03 	 2.780153e+03 	 6.651845e+02 	 2.299111e+02 	 1.241795e+02
4.906000e-01 	 3.113000e+05 	 2.700302e+03 	 2.685737e+03 	 2.681835e+03 	 2.700787e+03 	 2.725274e+03 	 2.763344e+03 	 7.094112e+02 	 2.318499e+02 	 1.235050e+02
4.912600e-01 	 3.119600e+05 	 2.541357e+03 	 2.530937e+03 	 2.529915e+03 	 2.543240e+03 	 2.569520e+03 	 2.601445e+03 	 7.923924e+02 	 2.461021e+02 	 1.285261e+02
4.918000e-01 	 3.125000e+05 	 2.464194e+03 	 2.451135e+03 	 2.451197e+03 	 2.461624e+03 	 2.479840e+03 	 2.512999e+03 	 8.237501e+02 	 2.522762e+02 	 1.251410e+02
4.943000e-01 	 3.150000e+05 	 2.443990e+03 	 2.433723e+03 	 2.435423e+03 	 2.450892e+03 	 2.469846e+03 	 2.499321e+03 	 8.353649e+02 	 2.446894e+02 	 1.100947e+02
4.968000e-01 	 3.175000e+05 	 2.329669e+03 	 2.319438e+03 	 2.316131e+03 	 2.327340e+03 	 2.341469e+03 	 2.370169e+03 	 9.332757e+02 	 3.075014e+02 	 1.769008e+02
4.972800e-01 	 3.179800e+05 	 2.532420e+03 	 2.514494e+03 	 2.508820e+03 	 2.521714e+03 	 2.539204e+03 	 2.573538e+03 	 9.099133e+02 	 3.408420e+02 	 2.121803e+02
4.979800e-01 	 3.186800e+05 	 2.608824e+03 	 2.584651e+03 	 2.573407e+03 	 2.579620e+03 	 2.602293e+03 	 2.644777e+03 	 8.712557e+02 	 3.443856e+02 	 2.148403e+02
4.993000e-01 	 3.200000e+05 	 2.671331e+03 	 2.650280e+03 	 2.644828e+03 	 2.657897e+03 	 2.679470e+03 	 2.713098e+03 	 8.586456e+02 	 3.188808e+02 	 1.923367e+02
4.996600e-01 	 3.203600e+05 	 2.601397e+03 	 2.582620e+03 	 2.575776e+03 	 2.589711e+03 	 2.605345e+03 	 2.642403e+03 	 8.956140e+02 	 3.368294e+02 	 1.872629e+02
5.018000e-01 	 3.225000e+05 	 2.682780e+03 	 2.667402e+03 	 2.664375e+03 	 2.678447e+03 	 2.695810e+03 	 2.731232e+03 	 8.635347e+02 	 2.916552e+02 	 1.462794e+02
5.022800e-01 	 3.229800e+05 	 2.711811e+03 	 2.667314e+03 	 2.645201e+03 	 2.667331e+03 	 2.706560e+03 	 2.787345e+03 	 5.109838e+02 	 2.380908e+02 	 1.554957e+02
5.023000e-01 	 3.230000e+05 	 2.918367e+03 	 2.872967e+03 	 2.853924e+03 	 2.884634e+03 	 2.916529e+03 	 2.993220e+03 	 5.343946e+02 	 2.242764e+02 	 1.408587e+02
5.023200e-01 	 3.230200e+05 	 2.788267e+03 	 2.777234e+03 	 2.771020e+03 	 2.790013e+03 	 2.816238e+03 	 2.856881e+03 	 8.192839e+02 	 2.746353e+02 	 1.355908e+02
5.023600e-01 	 3.230600e+05 	 2.892751e+03 	 2.862849e+03 	 2.849549e+03 	 2.867733e+03 	 2.909251e+03 	 2.966473e+03 	 5.164351e+02 	 2.252948e+02 	 1.419803e+02
5.024000e-01 	 3.231000e+05 	 2.709058e+03 	 2.677435e+03 	 2.656519e+03 	 2.689790e+03 	 2.728745e+03 	 2.796666e+03 	 4.884415e+02 	 2.285855e+02 	 1.538163e+02
5.024200e-01 	 3.231200e+05 	 2.826582e+03 	 2.782940e+03 	 2.768381e+03 	 2.790232e+03 	 2.827422e+03 	 2.891261e+03 	 5.189135e+02 	 2.223505e+02 	 1.459402e+02
5.024400e-01 	 3.231400e+05 	 2.970170e+03 	 2.935179e+03 	 2.933354e+03 	 2.960253e+03 	 2.993131e+03 	 3.051882e+03 	 6.417114e+02 	 2.334869e+02 	 1.394776e+02
5.025000e-01 	 3.232000e+05 	 2.941876e+03 	 2.901961e+03 	 2.883639e+03 	 2.911109e+03 	 2.953025e+03 	 3.023898e+03 	 5.188803e+02 	 2.230421e+02 	 1.394278e+02
5.025200e-01 	 3.232200e+05 	 2.999766e+03 	 2.976063e+03 	 2.962925e+03 	 2.990063e+03 	 3.014299e+03 	 3.090224e+03 	 5.587664e+02 	 2.273393e+02 	 1.340082e+02
5.026000e-01 	 3.233000e+05 	 3.007220e+03 	 2.980122e+03 	 2.974618e+03 	 2.999454e+03 	 3.031923e+03 	 3.086847e+03 	 6.937934e+02 	 2.415652e+02 	 1.286553e+02
5.026200e-01 	 3.233200e+05 	 3.007590e+03 	 2.983952e+03 	 2.965214e+03 	 2.981758e+03 	 3.024355e+03 	 3.077679e+03 	 5.899635e+02 	 2.261259e+02 	 1.326891e+02
5.026400e-01 	 3.233400e+05 	 3.059763e+03 	 3.032056e+03 	 3.022789e+03 	 3.051812e+03 	 3.094459e+03 	 3.165226e+03 	 5.688398e+02 	 2.143693e+02 	 1.278083e+02
5.026800e-01 	 3.233800e+05 	 3.045133e+03 	 3.018462e+03 	 3.012432e+03 	 3.040766e+03 	 3.076399e+03 	 3.133176e+03 	 6.218498e+02 	 2.214728e+02 	 1.235250e+02
5.027000e-01 	 3.234000e+05 	 2.952426e+03 	 2.927044e+03 	 2.928055e+03 	 2.948571e+03 	 2.982082e+03 	 3.034264e+03 	 6.694592e+02 	 2.297669e+02 	 1.256764e+02
5.027800e-01 	 3.234800e+05 	 2.913001e+03 	 2.885924e+03 	 2.882567e+03 	 2.908864e+03 	 2.937049e+03 	 2.992327e+03 	 7.454614e+02 	 2.416837e+02 	 1.149312e+02
5.032200e-01 	 3.239200e+05 	 2.826188e+03 	 2.817056e+03 	 2.822844e+03 	 2.846228e+03 	 2.877466e+03 	 2.919161e+03 	 7.862907e+02 	 2.215978e+02 	 9.518429e+01
5.041600e-01 	 3.248600e+05 	 2.813719e+03 	 2.810872e+03 	 2.819486e+03 	 2.840547e+03 	 2.872754e+03 	 2.912072e+03 	 7.723586e+02 	 1.815279e+02 	 6.623075e+01
5.043000e-01 	 3.250000e+05 	 2.866600e+03 	 2.860288e+03 	 2.864811e+03 	 2.882422e+03 	 2.908731e+03 	 2.948952e+03 	 7.506853e+02 	 1.719103e+02 	 6.516925e+01
5.046200e-01 	 3.253200e+05 	 2.761370e+03 	 2.756372e+03 	 2.763340e+03 	 2.787002e+03 	 2.812585e+03 	 2.853592e+03 	 7.679340e+02 	 1.656773e+02 	 5.978286e+01
5.050600e-01 	 3.257600e+05 	 2.788998e+03 	 2.785876e+03 	 2.797415e+03 	 2.819462e+03 	 2.847873e+03 	 2.886019e+03 	 7.536188e+02 	 1.449731e+02 	 5.554525e+01
5.052800e-01 	 3.259800e+05 	 2.886453e+03 	 2.887536e+03 	 2.892188e+03 	 2.917465e+03 	 2.953019e+03 	 2.992650e+03 	 7.258379e+02 	 1.446989e+02 	 6.019874e+01
5.056000e-01 	 3.263000e+05 	 3.033822e+03 	 3.013649e+03 	 3.028199e+03 	 3.054617e+03 	 3.095399e+03 	 3.150964e+03 	 6.009186e+02 	 1.475537e+02 	 7.486957e+01
5.056200e-01 	 3.263200e+05 	 2.978368e+03 	 2.976340e+03 	 2.982407e+03 	 3.004029e+03 	 3.040348e+03 	 3.100254e+03 	 6.423240e+02 	 1.453987e+02 	 7.153342e+01
5.057600e-01 	 3.264600e+05 	 2.629490e+03 	 2.623914e+03 	 2.628169e+03 	 2.644628e+03 	 2.674192e+03 	 2.711098e+03 	 8.222369e+02 	 1.685576e+02 	 6.910865e+01
5.058800e-01 	 3.265800e+05 	 2.555994e+03 	 2.550751e+03 	 2.550611e+03 	 2.572763e+03 	 2.596505e+03 	 2.631192e+03 	 8.675020e+02 	 1.734370e+02 	 7.163183e+01
5.062400e-01 	 3.269400e+05 	 2.484289e+03 	 2.478523e+03 	 2.478248e+03 	 2.495403e+03 	 2.518361e+03 	 2.552868e+03 	 9.066677e+02 	 1.759597e+02 	 7.899538e+01
5.064200e-01 	 3.271200e+05 	 2.467724e+03 	 2.455238e+03 	 2.456708e+03 	 2.470696e+03 	 2.496740e+03 	 2.529678e+03 	 9.375339e+02 	 1.828906e+02 	 8.225325e+01
5.068000e-01 	 3.275000e+05 	 2.325154e+03 	 2.313393e+03 	 2.311965e+03 	 2.324930e+03 	 2.343419e+03 	 2.372423e+03 	 1.031976e+03 	 2.198301e+02 	 1.087425e+02
5.068800e-01 	 3.275800e+05 	 2.254509e+03 	 2.239340e+03 	 2.235648e+03 	 2.248038e+03 	 2.267460e+03 	 2.295146e+03 	 1.022847e+03 	 2.173707e+02 	 1.092731e+02
5.093000e-01 	 3.300000e+05 	 1.993015e+03 	 1.973910e+03 	 1.966682e+03 	 1.973406e+03 	 1.985098e+03 	 2.004791e+03 	 1.287955e+03 	 2.362029e+02 	 1.373213e+02
5.118000e-01 	 3.325000e+05 	 1.928023e+03 	 1.905658e+03 	 1.892834e+03 	 1.898162e+03 	 1.906817e+03 	 1.927587e+03 	 1.312602e+03 	 3.104690e+02 	 1.947261e+02
5.143000e-01 	 3.350000e+05 	 1.954305e+03 	 1.930536e+03 	 1.917815e+03 	 1.923497e+03 	 1.932674e+03 	 1.954705e+03 	 1.306664e+03 	 3.234808e+02 	 2.158558e+02
5.168000e-01 	 3.375000e+05 	 2.106798e+03 	 2.086807e+03 	 2.076918e+03 	 2.087243e+03 	 2.096336e+03 	 2.121937e+03 	 1.234282e+03 	 2.346953e+02 	 1.347429e+02
5.193000e-01 	 3.400000e+05 	 2.061541e+03 	 2.044642e+03 	 2.031999e+03 	 2.033971e+03 	 2.043720e+03 	 2.067153e+03 	 1.270072e+03 	 2.983071e+02 	 1.920905e+02
5.218000e-01 	 3.425000e+05 	 2.019782e+03 	 1.992251e+03 	 1.976071e+03 	 1.978388e+03 	 1.987144e+03 	 2.007894e+03 	 1.284692e+03 	 2.960442e+02 	 1.950756e+02
5.243000e-01 	 3.450000e+05 	 2.093060e+03 	 2.067644e+03 	 2.053553e+03 	 2.059802e+03 	 2.069412e+03 	 2.092387e+03 	 1.250072e+03 	 2.740249e+02 	 1.631314e+02
5.268000e-01 	 3.475000e+05 	 2.170188e+03 	 2.147463e+03 	 2.135389e+03 	 2.142305e+03 	 2.156708e+03 	 2.179866e+03 	 1.217179e+03 	 2.911121e+02 	 1.631754e+02
5.293000e-01 	 3.500000e+05 	 2.293109e+03 	 2.277032e+03 	 2.270723e+03 	 2.283523e+03 	 2.300312e+03 	 2.327188e+03 	 1.137489e+03 	 2.175792e+02 	 1.096847e+02
5.318000e-01 	 3.525000e+05 	 2.295183e+03 	 2.278725e+03 	 2.271974e+03 	 2.279030e+03 	 2.299821e+03 	 2.328065e+03 	 1.126373e+03 	 2.077281e+02 	 9.577211e+01
5.343000e-01 	 3.550000e+05 	 2.433291e+03 	 2.416747e+03 	 2.409515e+03 	 2.421648e+03 	 2.440374e+03 	 2.468104e+03 	 1.045471e+03 	 2.236087e+02 	 9.994470e+01
5.368000e-01 	 3.575000e+05 	 2.666857e+03 	 2.655446e+03 	 2.655211e+03 	 2.667173e+03 	 2.697621e+03 	 2.731852e+03 	 9.298307e+02 	 2.415573e+02 	 1.050192e+02
5.373200e-01 	 3.580200e+05 	 2.719468e+03 	 2.705479e+03 	 2.700668e+03 	 2.715479e+03 	 2.738638e+03 	 2.770895e+03 	 9.150984e+02 	 2.560777e+02 	 1.102462e+02
5.393000e-01 	 3.600000e+05 	 2.660835e+03 	 2.639940e+03 	 2.630625e+03 	 2.643940e+03 	 2.667197e+03 	 2.702637e+03 	 9.978196e+02 	 2.743990e+02 	 1.314269e+02
5.393200e-01 	 3.600200e+05 	 2.657446e+03 	 2.636081e+03 	 2.628101e+03 	 2.639281e+03 	 2.663743e+03 	 2.694560e+03 	 9.954634e+02 	 2.755950e+02 	 1.313378e+02
5.415000e-01 	 3.622000e+05 	 2.696529e+03 	 2.684385e+03 	 2.657845e+03 	 2.695463e+03 	 2.713963e+03 	 2.747556e+03 	 9.347664e+02 	 2.319713e+02 	 9.234648e+01
5.418000e-01 	 3.625000e+05 	 2.708542e+03 	 2.697050e+03 	 2.697341e+03 	 2.711239e+03 	 2.737030e+03 	 2.767825e+03 	 9.110619e+02 	 2.177012e+02 	 7.779428e+01
5.443000e-01 	 3.650000e+05 	 2.343946e+03 	 2.325618e+03 	 2.318355e+03 	 2.330533e+03 	 2.347059e+03 	 2.373807e+03 	 1.165274e+03 	 2.313273e+02 	 1.137958e+02
5.468000e-01 	 3.675000e+05 	 2.503969e+03 	 2.496318e+03 	 2.495442e+03 	 2.509150e+03 	 2.528000e+03 	 2.556357e+03 	 9.665374e+02 	 1.962016e+02 	 6.571952e+01
5.493000e-01 	 3.700000e+05 	 2.250987e+03 	 2.235847e+03 	 2.230435e+03 	 2.244262e+03 	 2.258266e+03 	 2.285170e+03 	 1.148387e+03 	 2.312118e+02 	 1.076864e+02
5.518000e-01 	 3.725000e+05 	 2.509430e+03 	 2.497881e+03 	 2.493041e+03 	 2.507642e+03 	 2.527843e+03 	 2.558300e+03 	 9.829465e+02 	 2.257230e+02 	 8.226770e+01
5.543000e-01 	 3.750000e+05 	 2.413456e+03 	 2.398886e+03 	 2.396241e+03 	 2.404396e+03 	 2.426031e+03 	 2.453500e+03 	 1.034952e+03 	 2.695710e+02 	 1.151992e+02
5.559600e-01 	 3.766600e+05 	 2.347027e+03 	 2.316879e+03 	 2.296956e+03 	 2.301627e+03 	 2.312622e+03 	 2.341035e+03 	 1.233830e+03 	 3.556486e+02 	 2.224903e+02
5.561400e-01 	 3.768400e+05 	 2.370698e+03 	 2.325877e+03 	 2.298390e+03 	 2.305233e+03 	 2.311916e+03 	 2.341139e+03 	 1.270795e+03 	 3.715855e+02 	 2.479732e+02
5.568000e-01 	 3.775000e+05 	 2.148415e+03 	 2.095529e+03 	 2.052666e+03 	 2.043067e+03 	 2.039902e+03 	 2.057521e+03 	 1.427476e+03 	 4.704442e+02 	 4.032408e+02
5.588000e-01 	 3.795000e+05 	 2.639874e+03 	 2.608275e+03 	 2.590534e+03 	 2.603010e+03 	 2.617990e+03 	 2.655396e+03 	 1.070182e+03 	 2.766293e+02 	 1.453984e+02
5.593000e-01 	 3.800000e+05 	 2.790312e+03 	 2.771903e+03 	 2.767414e+03 	 2.781372e+03 	 2.807100e+03 	 2.845674e+03 	 9.602179e+02 	 2.315878e+02 	 8.908606e+01
5.596200e-01 	 3.803200e+05 	 2.832609e+03 	 2.820147e+03 	 2.810553e+03 	 2.830685e+03 	 2.858551e+03 	 2.895143e+03 	 8.487298e+02 	 2.065919e+02 	 7.380199e+01
5.602600e-01 	 3.809600e+05 	 2.823677e+03 	 2.818013e+03 	 2.820738e+03 	 2.836434e+03 	 2.862438e+03 	 2.895971e+03 	 8.558402e+02 	 1.704370e+02 	 5.322793e+01
5.618000e-01 	 3.825000e+05 	 2.414541e+03 	 2.403657e+03 	 2.397791e+03 	 2.412703e+03 	 2.428578e+03 	 2.457475e+03 	 1.078590e+03 	 1.871575e+02 	 6.886381e+01
5.643000e-01 	 3.850000e+05 	 2.464457e+03 	 2.455297e+03 	 2.453642e+03 	 2.470297e+03 	 2.489316e+03 	 2.516398e+03 	 9.482693e+02 	 1.890928e+02 	 6.465303e+01
5.668000e-01 	 3.875000e+05 	 2.793300e+03 	 2.783232e+03 	 2.780738e+03 	 2.796907e+03 	 2.819800e+03 	 2.852497e+03 	 8.935888e+02 	 2.238254e+02 	 7.649106e+01
5.693000e-01 	 3.900000e+05 	 2.681672e+03 	 2.669728e+03 	 2.666147e+03 	 2.680649e+03 	 2.701447e+03 	 2.734029e+03 	 9.825686e+02 	 3.067803e+02 	 1.370293e+02
5.695600e-01 	 3.902600e+05 	 2.763208e+03 	 2.744593e+03 	 2.734445e+03 	 2.745753e+03 	 2.762954e+03 	 2.795352e+03 	 1.013645e+03 	 3.278596e+02 	 1.387579e+02
5.700400e-01 	 3.907400e+05 	 2.757313e+03 	 2.736909e+03 	 2.725503e+03 	 2.737892e+03 	 2.756421e+03 	 2.792228e+03 	 1.061795e+03 	 3.497923e+02 	 1.701315e+02
5.702800e-01 	 3.909800e+05 	 2.770141e+03 	 2.756769e+03 	 2.740647e+03 	 2.756406e+03 	 2.777508e+03 	 2.811622e+03 	 1.045291e+03 	 3.474886e+02 	 1.702726e+02
5.715600e-01 	 3.922600e+05 	 2.764539e+03 	 2.746999e+03 	 2.740352e+03 	 2.751447e+03 	 2.770951e+03 	 2.805164e+03 	 1.011844e+03 	 3.220096e+02 	 1.317865e+02
5.718000e-01 	 3.925000e+05 	 2.750043e+03 	 2.725005e+03 	 2.718876e+03 	 2.727539e+03 	 2.747229e+03 	 2.779904e+03 	 1.019158e+03 	 3.170059e+02 	 1.353339e+02
5.722400e-01 	 3.929400e+05 	 2.763224e+03 	 2.748052e+03 	 2.740722e+03 	 2.755738e+03 	 2.774804e+03 	 2.807985e+03 	 9.795790e+02 	 3.017945e+02 	 1.328461e+02
5.743000e-01 	 3.950000e+05 	 2.755316e+03 	 2.743259e+03 	 2.738283e+03 	 2.753351e+03 	 2.774258e+03 	 2.802659e+03 	 9.250254e+02 	 2.151127e+02 	 6.599700e+01
5.768000e-01 	 3.975000e+05 	 2.412741e+03 	 2.386495e+03 	 2.375524e+03 	 2.381774e+03 	 2.398998e+03 	 2.425795e+03 	 1.166025e+03 	 2.978474e+02 	 1.180046e+02
5.793000e-01 	 4.000000e+05 	 2.564380e+03 	 2.555198e+03 	 2.554714e+03 	 2.568675e+03 	 2.588568e+03 	 2.619961e+03 	 9.473885e+02 	 1.763200e+02 	 5.378946e+01
5.818000e-01 	 4.025000e+05 	 2.418969e+03 	 2.405511e+03 	 2.399433e+03 	 2.411666e+03 	 2.430416e+03 	 2.456809e+03 	 1.026784e+03 	 2.166701e+02 	 8.387454e+01
5.843000e-01 	 4.050000e+05 	 2.606985e+03 	 2.595602e+03 	 2.591437e+03 	 2.605995e+03 	 2.625915e+03 	 2.656254e+03 	 9.508313e+02 	 2.225352e+02 	 6.738125e+01
5.855000e-01 	 4.062000e+05 	 2.890049e+03 	 2.878053e+03 	 2.873372e+03 	 2.891024e+03 	 2.915779e+03 	 2.950040e+03 	 8.920097e+02 	 2.209581e+02 	 6.001870e+01
5.855800e-01 	 4.062800e+05 	 3.107683e+03 	 3.091998e+03 	 3.086189e+03 	 3.102843e+03 	 3.132315e+03 	 3.173974e+03 	 8.551229e+02 	 2.661850e+02 	 7.353082e+01
5.856400e-01 	 4.063400e+05 	 3.361058e+03 	 3.338991e+03 	 3.336836e+03 	 3.353032e+03 	 3.382903e+03 	 3.429412e+03 	 8.627183e+02 	 2.678090e+02 	 7.652006e+01
5.857000e-01 	 4.064000e+05 	 2.800095e+03 	 2.790142e+03 	 2.789290e+03 	 2.803733e+03 	 2.826517e+03 	 2.855949e+03 	 9.034218e+02 	 2.215054e+02 	 6.220501e+01
5.857600e-01 	 4.064600e+05 	 2.951178e+03 	 2.938481e+03 	 2.938189e+03 	 2.956529e+03 	 2.980214e+03 	 3.011843e+03 	 8.810082e+02 	 2.165583e+02 	 5.943277e+01
5.868000e-01 	 4.075000e+05 	 2.673262e+03 	 2.663030e+03 	 2.663673e+03 	 2.677127e+03 	 2.699623e+03 	 2.728194e+03 	 8.903645e+02 	 2.100372e+02 	 6.220434e+01
5.893000e-01 	 4.100000e+05 	 2.569779e+03 	 2.559230e+03 	 2.555953e+03 	 2.569343e+03 	 2.583670e+03 	 2.614977e+03 	 9.754000e+02 	 2.820502e+02 	 1.064202e+02
5.918000e-01 	 4.125000e+05 	 2.609961e+03 	 2.596476e+03 	 2.595466e+03 	 2.608353e+03 	 2.627055e+03 	 2.656600e+03 	 9.694421e+02 	 2.907951e+02 	 1.041332e+02
5.943000e-01 	 4.150000e+05 	 2.875886e+03 	 2.866577e+03 	 2.869321e+03 	 2.881557e+03 	 2.905540e+03 	 2.937250e+03 	 8.541778e+02 	 1.987375e+02 	 4.892583e+01
5.944200e-01 	 4.151200e+05 	 2.908422e+03 	 2.900616e+03 	 2.902620e+03 	 2.919365e+03 	 2.941698e+03 	 2.974247e+03 	 8.543875e+02 	 1.975838e+02 	 5.013780e+01
5.945800e-01 	 4.152800e+05 	 2.976135e+03 	 2.967958e+03 	 2.966783e+03 	 2.983573e+03 	 3.008898e+03 	 3.040938e+03 	 8.344668e+02 	 1.859026e+02 	 4.726901e+01
5.949200e-01 	 4.156200e+05 	 3.044898e+03 	 3.036733e+03 	 3.036291e+03 	 3.052851e+03 	 3.077540e+03 	 3.111196e+03 	 8.391076e+02 	 2.239776e+02 	 5.266079e+01
5.952200e-01 	 4.159200e+05 	 3.006013e+03 	 2.996682e+03 	 3.002983e+03 	 3.018965e+03 	 3.043795e+03 	 3.076266e+03 	 8.225469e+02 	 1.685507e+02 	 4.819078e+01
5.954800e-01 	 4.161800e+05 	 2.876022e+03 	 2.865782e+03 	 2.875797e+03 	 2.883514e+03 	 2.912953e+03 	 2.941027e+03 	 8.565859e+02 	 2.091575e+02 	 4.453171e+01
5.968000e-01 	 4.175000e+05 	 2.607686e+03 	 2.604635e+03 	 2.605721e+03 	 2.618892e+03 	 2.639472e+03 	 2.667253e+03 	 8.564821e+02 	 1.566943e+02 	 4.615872e+01
5.993000e-01 	 4.200000e+05 	 2.619296e+03 	 2.609563e+03 	 2.613156e+03 	 2.628009e+03 	 2.649219e+03 	 2.679424e+03 	 8.689988e+02 	 1.556537e+02 	 4.493715e+01
6.018000e-01 	 4.225000e+05 	 2.612942e+03 	 2.608022e+03 	 2.610233e+03 	 2.623624e+03 	 2.647579e+03 	 2.672512e+03 	 8.424530e+02 	 1.203843e+02 	 3.845346e+01
6.043000e-01 	 4.250000e+05 	 2.683120e+03 	 2.675352e+03 	 2.681240e+03 	 2.697389e+03 	 2.720048e+03 	 2.743585e+03 	 8.209855e+02 	 1.017203e+02 	 3.494929e+01
6.068000e-01 	 4.275000e+05 	 2.550533e+03 	 2.531234e+03 	 2.518824e+03 	 2.525260e+03 	 2.540658e+03 	 2.568834e+03 	 1.064953e+03 	 2.958704e+02 	 1.190115e+02
6.093000e-01 	 4.300000e+05 	 2.449256e+03 	 2.416846e+03 	 2.396753e+03 	 2.398310e+03 	 2.403756e+03 	 2.428437e+03 	 1.240184e+03 	 4.214817e+02 	 2.450065e+02
6.111800e-01 	 4.318800e+05 	 2.617119e+03 	 2.584772e+03 	 2.564360e+03 	 2.566694e+03 	 2.577771e+03 	 2.607314e+03 	 1.192901e+03 	 4.125150e+02 	 2.302277e+02
6.113800e-01 	 4.320800e+05 	 3.158058e+03 	 3.104336e+03 	 3.065344e+03 	 3.064152e+03 	 3.081350e+03 	 3.127130e+03 	 1.086998e+03 	 4.053017e+02 	 2.468118e+02
6.115400e-01 	 4.322400e+05 	 3.300919e+03 	 3.220864e+03 	 3.173772e+03 	 3.180931e+03 	 3.195759e+03 	 3.254121e+03 	 1.011386e+03 	 3.917753e+02 	 2.381880e+02
6.116200e-01 	 4.323200e+05 	 3.164164e+03 	 3.105704e+03 	 3.063915e+03 	 3.070387e+03 	 3.081470e+03 	 3.122444e+03 	 1.073524e+03 	 4.100706e+02 	 2.491703e+02
6.118000e-01 	 4.325000e+05 	 2.903822e+03 	 2.858100e+03 	 2.830866e+03 	 2.831722e+03 	 2.842433e+03 	 2.878073e+03 	 1.164718e+03 	 4.262393e+02 	 2.539356e+02
6.118200e-01 	 4.325200e+05 	 2.755507e+03 	 2.710406e+03 	 2.682598e+03 	 2.686215e+03 	 2.694334e+03 	 2.725084e+03 	 1.215078e+03 	 4.393869e+02 	 2.537110e+02
6.120400e-01 	 4.327400e+05 	 2.645369e+03 	 2.606421e+03 	 2.584648e+03 	 2.590895e+03 	 2.600065e+03 	 2.629570e+03 	 1.194558e+03 	 4.287533e+02 	 2.644976e+02
6.126200e-01 	 4.333200e+05 	 2.621842e+03 	 2.586202e+03 	 2.562763e+03 	 2.567870e+03 	 2.574089e+03 	 2.601650e+03 	 1.207389e+03 	 4.344023e+02 	 2.671683e+02
6.143000e-01 	 4.350000e+05 	 2.403896e+03 	 2.373280e+03 	 2.350945e+03 	 2.353428e+03 	 2.360524e+03 	 2.384270e+03 	 1.247344e+03 	 4.271491e+02 	 2.474258e+02
6.162600e-01 	 4.369600e+05 	 2.557373e+03 	 2.523024e+03 	 2.498471e+03 	 2.503943e+03 	 2.511675e+03 	 2.539825e+03 	 1.215500e+03 	 4.048536e+02 	 2.277766e+02
6.166200e-01 	 4.373200e+05 	 2.620268e+03 	 2.581357e+03 	 2.556022e+03 	 2.558320e+03 	 2.565065e+03 	 2.592533e+03 	 1.213340e+03 	 4.017782e+02 	 2.236514e+02
6.168000e-01 	 4.375000e+05 	 2.658654e+03 	 2.619954e+03 	 2.592673e+03 	 2.596069e+03 	 2.606435e+03 	 2.633987e+03 	 1.195360e+03 	 3.894515e+02 	 2.201821e+02
6.176200e-01 	 4.383200e+05 	 2.744538e+03 	 2.705079e+03 	 2.677980e+03 	 2.681289e+03 	 2.691241e+03 	 2.721084e+03 	 1.174049e+03 	 3.866081e+02 	 2.057011e+02
6.186600e-01 	 4.393600e+05 	 2.661460e+03 	 2.628476e+03 	 2.608745e+03 	 2.614257e+03 	 2.623905e+03 	 2.653898e+03 	 1.146252e+03 	 3.730427e+02 	 1.945080e+02
6.192600e-01 	 4.399600e+05 	 2.605346e+03 	 2.574973e+03 	 2.557013e+03 	 2.560084e+03 	 2.568619e+03 	 2.595346e+03 	 1.157991e+03 	 3.827611e+02 	 1.924030e+02
6.193000e-01 	 4.400000e+05 	 2.594933e+03 	 2.565098e+03 	 2.544984e+03 	 2.553376e+03 	 2.562787e+03 	 2.592265e+03 	 1.150348e+03 	 3.780114e+02 	 1.908928e+02
6.218000e-01 	 4.425000e+05 	 2.445553e+03 	 2.421981e+03 	 2.407585e+03 	 2.415264e+03 	 2.428713e+03 	 2.453033e+03 	 1.133223e+03 	 3.542257e+02 	 1.700076e+02
6.227600e-01 	 4.434600e+05 	 2.657168e+03 	 2.629086e+03 	 2.611697e+03 	 2.620718e+03 	 2.634833e+03 	 2.663312e+03 	 1.098743e+03 	 3.500203e+02 	 1.647334e+02
6.233600e-01 	 4.440600e+05 	 2.752238e+03 	 2.724829e+03 	 2.708442e+03 	 2.714609e+03 	 2.730166e+03 	 2.762842e+03 	 1.087654e+03 	 3.476396e+02 	 1.669097e+02
6.243000e-01 	 4.450000e+05 	 2.819587e+03 	 2.789973e+03 	 2.771767e+03 	 2.780234e+03 	 2.795003e+03 	 2.823959e+03 	 1.066436e+03 	 3.573114e+02 	 1.775770e+02
6.250400e-01 	 4.457400e+05 	 2.864746e+03 	 2.838430e+03 	 2.821513e+03 	 2.830354e+03 	 2.843643e+03 	 2.878271e+03 	 1.063416e+03 	 3.576279e+02 	 1.665279e+02
6.268000e-01 	 4.475000e+05 	 2.832972e+03 	 2.800151e+03 	 2.778776e+03 	 2.785397e+03 	 2.796959e+03 	 2.825037e+03 	 1.128908e+03 	 4.208842e+02 	 2.306148e+02
6.273600e-01 	 4.480600e+05 	 2.742723e+03 	 2.707643e+03 	 2.687060e+03 	 2.688459e+03 	 2.696710e+03 	 2.729918e+03 	 1.200182e+03 	 4.447097e+02 	 2.484143e+02
6.279800e-01 	 4.486800e+05 	 2.659947e+03 	 2.632967e+03 	 2.615892e+03 	 2.620399e+03 	 2.631341e+03 	 2.662372e+03 	 1.147782e+03 	 4.081303e+02 	 2.060398e+02
6.293000e-01 	 4.500000e+05 	 2.569679e+03 	 2.548514e+03 	 2.538625e+03 	 2.544387e+03 	 2.556525e+03 	 2.581797e+03 	 1.011334e+03 	 3.134544e+02 	 1.278761e+02
6.318000e-01 	 4.525000e+05 	 2.748053e+03 	 2.727234e+03 	 2.723010e+03 	 2.731344e+03 	 2.753906e+03 	 2.784065e+03 	 9.844479e+02 	 2.764695e+02 	 8.873077e+01
6.384800e-01 	 4.591800e+05 	 2.666835e+03 	 2.654396e+03 	 2.650513e+03 	 2.659689e+03 	 2.677641e+03 	 2.703416e+03 	 9.586513e+02 	 2.628908e+02 	 7.277234e+01
