Time (Myr) 	 Time-t0 (yr) 	 5deg T_bol (K) 	 15 	 25 	 35 	 45 	 55 	 65 	 75 	 85
1.516000e-02   4.001000e+02    1.392919e+01 	 1.392941e+01 	 1.392940e+01 	 1.392940e+01 	 1.392932e+01 	 1.392933e+01 	 1.392906e+01 	 1.392933e+01 	 1.392922e+01
1.536000e-02 	 6.001000e+02 	 1.417344e+01 	 1.417394e+01 	 1.417361e+01 	 1.417372e+01 	 1.417378e+01 	 1.417387e+01 	 1.417346e+01 	 1.417344e+01 	 1.417365e+01
1.556000e-02 	 8.001000e+02 	 1.443219e+01 	 1.443210e+01 	 1.443186e+01 	 1.443183e+01 	 1.443174e+01 	 1.443203e+01 	 1.443166e+01 	 1.443182e+01 	 1.443196e+01
1.576000e-02 	 1.000100e+03 	 1.470075e+01 	 1.470149e+01 	 1.470139e+01 	 1.470131e+01 	 1.470127e+01 	 1.470135e+01 	 1.470130e+01 	 1.470114e+01 	 1.470154e+01
1.596000e-02 	 1.200100e+03 	 1.497236e+01 	 1.497295e+01 	 1.497281e+01 	 1.497273e+01 	 1.497251e+01 	 1.497269e+01 	 1.497264e+01 	 1.497206e+01 	 1.497266e+01
1.616000e-02 	 1.400100e+03 	 1.525115e+01 	 1.525117e+01 	 1.525066e+01 	 1.525066e+01 	 1.525067e+01 	 1.525047e+01 	 1.525011e+01 	 1.525004e+01 	 1.525027e+01
1.636000e-02 	 1.600100e+03 	 1.552947e+01 	 1.553076e+01 	 1.553015e+01 	 1.553039e+01 	 1.553032e+01 	 1.553022e+01 	 1.553014e+01 	 1.552995e+01 	 1.553012e+01
1.656000e-02 	 1.800000e+03 	 1.581341e+01 	 1.581417e+01 	 1.581368e+01 	 1.581379e+01 	 1.581369e+01 	 1.581352e+01 	 1.581343e+01 	 1.581313e+01 	 1.581364e+01
1.676000e-02 	 2.000000e+03 	 1.609845e+01 	 1.609852e+01 	 1.609851e+01 	 1.609842e+01 	 1.609810e+01 	 1.609805e+01 	 1.609744e+01 	 1.609738e+01 	 1.609713e+01
1.696000e-02 	 2.200100e+03 	 1.638482e+01 	 1.638579e+01 	 1.638544e+01 	 1.638545e+01 	 1.638526e+01 	 1.638496e+01 	 1.638424e+01 	 1.638397e+01 	 1.638381e+01
1.716000e-02 	 2.400000e+03 	 1.667571e+01 	 1.667640e+01 	 1.667528e+01 	 1.667534e+01 	 1.667511e+01 	 1.667469e+01 	 1.667441e+01 	 1.667363e+01 	 1.667297e+01
1.736000e-02 	 2.600000e+03 	 1.696613e+01 	 1.696637e+01 	 1.696574e+01 	 1.696598e+01 	 1.696566e+01 	 1.696525e+01 	 1.696480e+01 	 1.696436e+01 	 1.696379e+01
1.756000e-02 	 2.800100e+03 	 1.725535e+01 	 1.725523e+01 	 1.725546e+01 	 1.725512e+01 	 1.725460e+01 	 1.725418e+01 	 1.725246e+01 	 1.725350e+01 	 1.725289e+01
1.776000e-02 	 3.000000e+03 	 1.752903e+01 	 1.752887e+01 	 1.752830e+01 	 1.752862e+01 	 1.752731e+01 	 1.752710e+01 	 1.752594e+01 	 1.752608e+01 	 1.752552e+01
1.796000e-02 	 3.200000e+03 	 1.780777e+01 	 1.780724e+01 	 1.780715e+01 	 1.780700e+01 	 1.780536e+01 	 1.780514e+01 	 1.780404e+01 	 1.780389e+01 	 1.780326e+01
1.816000e-02 	 3.400100e+03 	 1.809608e+01 	 1.809599e+01 	 1.809503e+01 	 1.809471e+01 	 1.809325e+01 	 1.809268e+01 	 1.809130e+01 	 1.809143e+01 	 1.809058e+01
1.836000e-02 	 3.600000e+03 	 1.838509e+01 	 1.838518e+01 	 1.838372e+01 	 1.838343e+01 	 1.838172e+01 	 1.838083e+01 	 1.837932e+01 	 1.837802e+01 	 1.837810e+01
1.856000e-02 	 3.800000e+03 	 1.868644e+01 	 1.868685e+01 	 1.868525e+01 	 1.868481e+01 	 1.868258e+01 	 1.868165e+01 	 1.867938e+01 	 1.867842e+01 	 1.867837e+01
1.876000e-02 	 4.000100e+03 	 1.898751e+01 	 1.898708e+01 	 1.898544e+01 	 1.898454e+01 	 1.898194e+01 	 1.898108e+01 	 1.897986e+01 	 1.897752e+01 	 1.897681e+01
1.896000e-02 	 4.200000e+03 	 1.929758e+01 	 1.929722e+01 	 1.929552e+01 	 1.929410e+01 	 1.929143e+01 	 1.928988e+01 	 1.928795e+01 	 1.928533e+01 	 1.928463e+01
1.916000e-02 	 4.400000e+03 	 1.962496e+01 	 1.962333e+01 	 1.962116e+01 	 1.961928e+01 	 1.961576e+01 	 1.961398e+01 	 1.961245e+01 	 1.960913e+01 	 1.960822e+01
1.936000e-02 	 4.600000e+03 	 1.995607e+01 	 1.995514e+01 	 1.995273e+01 	 1.995030e+01 	 1.994629e+01 	 1.994456e+01 	 1.994212e+01 	 1.993745e+01 	 1.993691e+01
1.956000e-02 	 4.800000e+03 	 2.030923e+01 	 2.031026e+01 	 2.030655e+01 	 2.030363e+01 	 2.029900e+01 	 2.029659e+01 	 2.029239e+01 	 2.028812e+01 	 2.028832e+01
1.976000e-02 	 5.000000e+03 	 2.067844e+01 	 2.067817e+01 	 2.067360e+01 	 2.067046e+01 	 2.066485e+01 	 2.066183e+01 	 2.065681e+01 	 2.065166e+01 	 2.065157e+01
1.996000e-02 	 5.200100e+03 	 2.105627e+01 	 2.105466e+01 	 2.104999e+01 	 2.104647e+01 	 2.103996e+01 	 2.103616e+01 	 2.103039e+01 	 2.102417e+01 	 2.102468e+01
2.016000e-02 	 5.400000e+03 	 2.140937e+01 	 2.140879e+01 	 2.140297e+01 	 2.139858e+01 	 2.139085e+01 	 2.138634e+01 	 2.137984e+01 	 2.137322e+01 	 2.137252e+01
2.036000e-02 	 5.600000e+03 	 2.175923e+01 	 2.175839e+01 	 2.175200e+01 	 2.174691e+01 	 2.173748e+01 	 2.173267e+01 	 2.172486e+01 	 2.171733e+01 	 2.171742e+01
2.056000e-02 	 5.800100e+03 	 2.210087e+01 	 2.209699e+01 	 2.209059e+01 	 2.208463e+01 	 2.207412e+01 	 2.206829e+01 	 2.205943e+01 	 2.205052e+01 	 2.205051e+01
2.076000e-02 	 6.000000e+03 	 2.243045e+01 	 2.242919e+01 	 2.242104e+01 	 2.241485e+01 	 2.240223e+01 	 2.239536e+01 	 2.238444e+01 	 2.237666e+01 	 2.237407e+01
2.096000e-02 	 6.200000e+03 	 2.275450e+01 	 2.275211e+01 	 2.274276e+01 	 2.273539e+01 	 2.272134e+01 	 2.271381e+01 	 2.270149e+01 	 2.269204e+01 	 2.268966e+01
2.116000e-02 	 6.400100e+03 	 2.306575e+01 	 2.306149e+01 	 2.305153e+01 	 2.304302e+01 	 2.302776e+01 	 2.301878e+01 	 2.300382e+01 	 2.299483e+01 	 2.299118e+01
2.136000e-02 	 6.600000e+03 	 2.337200e+01 	 2.336797e+01 	 2.335634e+01 	 2.334689e+01 	 2.332973e+01 	 2.331991e+01 	 2.330228e+01 	 2.329208e+01 	 2.328854e+01
2.156000e-02 	 6.800000e+03 	 2.365759e+01 	 2.365188e+01 	 2.363847e+01 	 2.362808e+01 	 2.360874e+01 	 2.359743e+01 	 2.357787e+01 	 2.356625e+01 	 2.356138e+01
2.176000e-02 	 7.000000e+03 	 2.392739e+01 	 2.392207e+01 	 2.390676e+01 	 2.389601e+01 	 2.387292e+01 	 2.386036e+01 	 2.383914e+01 	 2.382763e+01 	 2.382156e+01
2.196000e-02 	 7.200000e+03 	 2.418896e+01 	 2.418258e+01 	 2.416585e+01 	 2.415321e+01 	 2.412832e+01 	 2.411391e+01 	 2.409050e+01 	 2.407685e+01 	 2.407035e+01
2.216000e-02 	 7.400000e+03 	 2.445560e+01 	 2.444647e+01 	 2.442697e+01 	 2.441363e+01 	 2.438510e+01 	 2.436961e+01 	 2.434326e+01 	 2.432828e+01 	 2.432172e+01
2.236000e-02 	 7.600000e+03 	 2.470443e+01 	 2.469482e+01 	 2.467328e+01 	 2.465857e+01 	 2.462729e+01 	 2.460982e+01 	 2.458081e+01 	 2.456289e+01 	 2.455571e+01
2.256000e-02 	 7.800000e+03 	 2.496783e+01 	 2.495516e+01 	 2.493052e+01 	 2.491454e+01 	 2.488059e+01 	 2.486274e+01 	 2.483264e+01 	 2.481528e+01 	 2.480624e+01
2.276000e-02 	 8.000000e+03 	 1.386353e+01 	 1.386351e+01 	 1.386349e+01 	 1.386350e+01 	 1.386353e+01 	 1.386356e+01 	 1.386352e+01 	 1.386351e+01 	 1.386347e+01
2.296000e-02 	 8.200100e+03 	 1.388696e+01 	 1.388696e+01 	 1.388695e+01 	 1.388699e+01 	 1.388700e+01 	 1.388703e+01 	 1.388701e+01 	 1.388701e+01 	 1.388695e+01
2.316000e-02 	 8.400000e+03 	 1.390880e+01 	 1.390880e+01 	 1.390878e+01 	 1.390881e+01 	 1.390884e+01 	 1.390890e+01 	 1.390894e+01 	 1.390900e+01 	 1.390869e+01
2.336000e-02 	 8.600000e+03 	 1.392922e+01 	 1.392923e+01 	 1.392925e+01 	 1.392928e+01 	 1.392933e+01 	 1.392943e+01 	 1.392949e+01 	 1.392959e+01 	 1.392934e+01
2.356000e-02 	 8.800000e+03 	 1.395270e+01 	 1.395272e+01 	 1.395274e+01 	 1.395275e+01 	 1.395282e+01 	 1.395293e+01 	 1.395301e+01 	 1.395314e+01 	 1.395303e+01
2.376000e-02 	 9.000000e+03 	 2.771680e+01 	 2.781725e+01 	 2.790425e+01 	 2.799221e+01 	 2.807127e+01 	 2.814762e+01 	 2.820231e+01 	 2.812349e+01 	 1.837087e+01
2.396000e-02 	 9.200000e+03 	 2.612199e+01 	 2.621958e+01 	 2.630406e+01 	 2.638810e+01 	 2.646434e+01 	 2.653576e+01 	 2.658796e+01 	 2.646353e+01 	 1.684248e+01
2.416000e-02 	 9.400000e+03 	 2.166702e+01 	 2.173882e+01 	 2.179966e+01 	 2.185617e+01 	 2.190597e+01 	 2.194930e+01 	 2.197797e+01 	 2.184450e+01 	 1.485621e+01
2.436000e-02 	 9.600000e+03 	 2.466414e+01 	 2.475435e+01 	 2.483211e+01 	 2.490729e+01 	 2.497663e+01 	 2.503946e+01 	 2.508689e+01 	 2.481931e+01 	 1.552829e+01
2.456000e-02 	 9.800000e+03 	 2.832393e+01 	 2.843280e+01 	 2.852967e+01 	 2.862686e+01 	 2.872103e+01 	 2.881112e+01 	 2.888543e+01 	 2.841959e+01 	 1.669769e+01
2.476000e-02 	 1.000010e+04 	 2.443075e+01 	 2.451940e+01 	 2.459625e+01 	 2.467002e+01 	 2.473888e+01 	 2.480130e+01 	 2.485137e+01 	 2.437962e+01 	 1.507986e+01
2.496000e-02 	 1.020010e+04 	 1.557493e+01 	 1.559111e+01 	 1.560497e+01 	 1.561749e+01 	 1.562829e+01 	 1.563758e+01 	 1.564426e+01 	 1.557581e+01 	 1.410187e+01
2.516000e-02 	 1.040000e+04 	 2.554158e+01 	 2.563663e+01 	 2.571905e+01 	 2.580016e+01 	 2.587721e+01 	 2.594809e+01 	 2.600727e+01 	 2.528461e+01 	 1.512993e+01
2.536000e-02 	 1.060000e+04 	 2.900982e+01 	 2.912265e+01 	 2.922351e+01 	 2.932651e+01 	 2.942752e+01 	 2.952547e+01 	 2.961206e+01 	 2.858490e+01 	 1.605817e+01
2.556000e-02 	 1.080000e+04 	 2.383131e+01 	 2.391506e+01 	 2.398825e+01 	 2.405822e+01 	 2.412360e+01 	 2.418302e+01 	 2.423060e+01 	 2.350231e+01 	 1.474064e+01
2.576000e-02 	 1.100000e+04 	 2.688979e+01 	 2.699046e+01 	 2.708016e+01 	 2.716887e+01 	 2.725491e+01 	 2.733625e+01 	 2.740601e+01 	 2.633174e+01 	 1.526791e+01
2.596000e-02 	 1.120000e+04 	 2.362708e+01 	 2.370764e+01 	 2.377945e+01 	 2.384739e+01 	 2.391075e+01 	 2.396837e+01 	 2.401545e+01 	 2.316856e+01 	 1.464736e+01
2.616000e-02 	 1.140000e+04 	 2.433204e+01 	 2.441626e+01 	 2.449184e+01 	 2.456490e+01 	 2.463253e+01 	 2.469600e+01 	 2.474809e+01 	 2.383497e+01 	 1.473696e+01
2.636000e-02 	 1.160000e+04 	 2.483848e+01 	 2.492657e+01 	 2.500559e+01 	 2.508225e+01 	 2.515437e+01 	 2.522175e+01 	 2.527730e+01 	 2.419888e+01 	 1.477538e+01
2.656000e-02 	 1.180010e+04 	 1.835358e+01 	 1.839361e+01 	 1.842899e+01 	 1.846100e+01 	 1.848897e+01 	 1.851302e+01 	 1.852995e+01 	 1.811725e+01 	 1.427787e+01
2.676000e-02 	 1.200000e+04 	 2.295842e+01 	 2.303211e+01 	 2.309949e+01 	 2.316292e+01 	 2.322127e+01 	 2.327471e+01 	 2.331704e+01 	 2.236000e+01 	 1.453120e+01
2.696000e-02 	 1.220000e+04 	 2.585480e+01 	 2.594712e+01 	 2.603165e+01 	 2.611580e+01 	 2.619487e+01 	 2.626983e+01 	 2.633333e+01 	 2.492168e+01 	 1.484389e+01
2.716000e-02 	 1.240000e+04 	 2.210118e+01 	 2.216834e+01 	 2.223036e+01 	 2.228943e+01 	 2.234239e+01 	 2.239088e+01 	 2.242858e+01 	 2.144030e+01 	 1.447225e+01
2.736000e-02 	 1.260000e+04 	 2.360593e+01 	 2.368167e+01 	 2.375259e+01 	 2.382126e+01 	 2.388444e+01 	 2.394371e+01 	 2.399106e+01 	 2.280256e+01 	 1.458644e+01
2.756000e-02 	 1.280000e+04 	 2.210067e+01 	 2.216472e+01 	 2.222705e+01 	 2.228535e+01 	 2.233762e+01 	 2.238570e+01 	 2.242436e+01 	 2.135435e+01 	 1.448270e+01
2.776000e-02 	 1.300000e+04 	 2.291914e+01 	 2.298642e+01 	 2.305396e+01 	 2.311817e+01 	 2.317464e+01 	 2.322851e+01 	 2.327412e+01 	 2.208520e+01 	 1.452436e+01
2.796000e-02 	 1.320000e+04 	 3.014528e+01 	 3.024692e+01 	 3.035743e+01 	 3.046859e+01 	 3.057415e+01 	 3.068309e+01 	 3.078672e+01 	 2.828944e+01 	 1.535939e+01
2.816000e-02 	 1.340010e+04 	 2.693224e+01 	 2.701938e+01 	 2.711364e+01 	 2.720438e+01 	 2.728827e+01 	 2.737093e+01 	 2.744651e+01 	 2.550023e+01 	 1.488084e+01
2.836000e-02 	 1.360000e+04 	 2.363416e+01 	 2.370682e+01 	 2.378141e+01 	 2.384990e+01 	 2.391121e+01 	 2.396980e+01 	 2.402051e+01 	 2.253286e+01 	 1.459349e+01
2.856000e-02 	 1.380000e+04 	 2.614844e+01 	 2.623517e+01 	 2.632705e+01 	 2.641318e+01 	 2.649084e+01 	 2.656848e+01 	 2.663761e+01 	 2.469286e+01 	 1.478592e+01
2.876000e-02 	 1.400000e+04 	 1.847774e+01 	 1.851689e+01 	 1.855292e+01 	 1.858480e+01 	 1.861207e+01 	 1.863652e+01 	 1.865598e+01 	 1.802172e+01 	 1.443651e+01
2.896000e-02 	 1.420000e+04 	 2.487725e+01 	 2.495916e+01 	 2.503769e+01 	 2.511320e+01 	 2.518190e+01 	 2.525128e+01 	 2.531189e+01 	 2.348135e+01 	 1.468317e+01
2.916000e-02 	 1.440000e+04 	 2.264697e+01 	 2.271470e+01 	 2.277669e+01 	 2.283819e+01 	 2.289051e+01 	 2.294323e+01 	 2.298886e+01 	 2.160626e+01 	 1.456484e+01
2.936000e-02 	 1.460000e+04 	 2.470885e+01 	 2.479258e+01 	 2.486477e+01 	 2.493961e+01 	 2.500892e+01 	 2.507620e+01 	 2.513880e+01 	 2.323995e+01 	 1.468509e+01
2.956000e-02 	 1.480000e+04 	 2.356051e+01 	 2.363910e+01 	 2.370317e+01 	 2.377202e+01 	 2.383293e+01 	 2.389417e+01 	 2.394775e+01 	 2.227756e+01 	 1.462955e+01
2.976000e-02 	 1.500010e+04 	 2.442406e+01 	 2.450787e+01 	 2.458186e+01 	 2.465462e+01 	 2.472210e+01 	 2.478977e+01 	 2.484985e+01 	 2.291056e+01 	 1.468130e+01
2.996000e-02 	 1.520000e+04 	 2.122763e+01 	 2.128725e+01 	 2.134139e+01 	 2.139199e+01 	 2.143858e+01 	 2.148284e+01 	 2.151944e+01 	 2.024722e+01 	 1.457636e+01
3.016000e-02 	 1.540010e+04 	 2.984880e+01 	 2.995814e+01 	 3.006388e+01 	 3.016947e+01 	 3.027440e+01 	 3.038416e+01 	 3.048596e+01 	 2.740606e+01 	 1.510098e+01
3.036000e-02 	 1.560010e+04 	 2.542717e+01 	 2.551255e+01 	 2.559631e+01 	 2.567514e+01 	 2.575138e+01 	 2.582267e+01 	 2.588886e+01 	 2.375224e+01 	 1.474959e+01
3.056000e-02 	 1.580000e+04 	 2.439511e+01 	 2.447028e+01 	 2.454392e+01 	 2.461723e+01 	 2.468209e+01 	 2.474468e+01 	 2.480314e+01 	 2.277350e+01 	 1.471284e+01
3.076000e-02 	 1.600000e+04 	 2.159567e+01 	 2.165406e+01 	 2.170830e+01 	 2.176104e+01 	 2.180755e+01 	 2.185299e+01 	 2.189293e+01 	 2.048563e+01 	 1.462790e+01
3.096000e-02 	 1.620010e+04 	 2.324718e+01 	 2.332360e+01 	 2.339062e+01 	 2.345516e+01 	 2.351413e+01 	 2.357165e+01 	 2.362047e+01 	 2.184502e+01 	 1.469039e+01
3.110000e-02 	 1.634010e+04 	 3.930684e+01 	 3.946336e+01 	 3.960137e+01 	 3.975987e+01 	 3.992847e+01 	 4.011776e+01 	 4.031740e+01 	 3.477530e+01 	 1.665915e+01
3.116000e-02 	 1.640000e+04 	 2.981376e+01 	 2.992613e+01 	 3.002436e+01 	 3.012822e+01 	 3.023402e+01 	 3.034024e+01 	 3.044500e+01 	 2.722440e+01 	 1.506639e+01
3.136000e-02 	 1.660000e+04 	 2.199456e+01 	 2.205085e+01 	 2.211010e+01 	 2.216575e+01 	 2.221429e+01 	 2.226133e+01 	 2.229983e+01 	 2.075006e+01 	 1.467461e+01
3.156000e-02 	 1.680000e+04 	 2.212504e+01 	 2.219395e+01 	 2.225140e+01 	 2.230629e+01 	 2.235604e+01 	 2.240586e+01 	 2.244755e+01 	 2.085897e+01 	 1.468962e+01
3.176000e-02 	 1.700000e+04 	 2.239402e+01 	 2.246133e+01 	 2.252113e+01 	 2.257915e+01 	 2.263110e+01 	 2.268042e+01 	 2.272406e+01 	 2.107808e+01 	 1.470937e+01
3.196000e-02 	 1.720000e+04 	 1.685964e+01 	 1.688119e+01 	 1.690093e+01 	 1.691949e+01 	 1.693564e+01 	 1.695065e+01 	 1.696357e+01 	 1.656972e+01 	 1.467511e+01
3.216000e-02 	 1.740000e+04 	 2.062138e+01 	 2.067416e+01 	 2.072403e+01 	 2.076936e+01 	 2.080971e+01 	 2.084789e+01 	 2.087944e+01 	 1.959787e+01 	 1.471109e+01
3.236000e-02 	 1.760000e+04 	 2.724058e+01 	 2.733090e+01 	 2.742110e+01 	 2.751063e+01 	 2.759430e+01 	 2.767969e+01 	 2.775886e+01 	 2.483497e+01 	 1.491646e+01
3.256000e-02 	 1.780000e+04 	 2.683253e+01 	 2.692392e+01 	 2.701274e+01 	 2.709872e+01 	 2.717988e+01 	 2.726130e+01 	 2.733581e+01 	 2.441226e+01 	 1.490261e+01
3.276000e-02 	 1.800000e+04 	 2.480324e+01 	 2.488059e+01 	 2.495566e+01 	 2.502904e+01 	 2.509587e+01 	 2.516157e+01 	 2.522130e+01 	 2.286097e+01 	 1.483385e+01
3.296000e-02 	 1.820000e+04 	 2.886622e+01 	 2.896374e+01 	 2.905898e+01 	 2.915740e+01 	 2.925115e+01 	 2.934883e+01 	 2.944329e+01 	 2.584403e+01 	 1.500186e+01
3.316000e-02 	 1.840010e+04 	 3.475054e+01 	 3.487065e+01 	 3.499428e+01 	 3.512787e+01 	 3.526211e+01 	 3.540927e+01 	 3.556271e+01 	 3.014602e+01 	 1.543606e+01
3.336000e-02 	 1.860000e+04 	 2.662385e+01 	 2.671013e+01 	 2.679603e+01 	 2.687951e+01 	 2.695772e+01 	 2.703686e+01 	 2.710917e+01 	 2.410581e+01 	 1.491403e+01
3.356000e-02 	 1.880000e+04 	 2.549111e+01 	 2.556914e+01 	 2.564505e+01 	 2.572231e+01 	 2.579178e+01 	 2.586008e+01 	 2.592265e+01 	 2.308236e+01 	 1.489257e+01
3.376000e-02 	 1.900000e+04 	 2.860644e+01 	 2.870571e+01 	 2.880083e+01 	 2.889615e+01 	 2.898576e+01 	 2.907886e+01 	 2.916778e+01 	 2.524749e+01 	 1.499813e+01
3.396000e-02 	 1.920010e+04 	 3.892530e+01 	 3.906204e+01 	 3.920218e+01 	 3.936122e+01 	 3.952408e+01 	 3.970469e+01 	 3.989674e+01 	 3.250568e+01 	 1.574690e+01
3.416000e-02 	 1.940000e+04 	 3.686236e+01 	 3.700633e+01 	 3.713032e+01 	 3.728071e+01 	 3.742759e+01 	 3.759349e+01 	 3.776140e+01 	 3.078386e+01 	 1.549757e+01
3.436000e-02 	 1.960000e+04 	 3.324431e+01 	 3.335680e+01 	 3.347495e+01 	 3.359706e+01 	 3.371685e+01 	 3.384149e+01 	 3.396649e+01 	 2.801418e+01 	 1.521139e+01
3.456000e-02 	 1.980010e+04 	 3.133709e+01 	 3.144379e+01 	 3.154333e+01 	 3.165354e+01 	 3.175812e+01 	 3.187129e+01 	 3.197922e+01 	 2.679705e+01 	 1.512040e+01
3.476000e-02 	 2.000000e+04 	 3.408986e+01 	 3.419888e+01 	 3.432038e+01 	 3.444607e+01 	 3.456247e+01 	 3.469550e+01 	 3.483066e+01 	 2.847769e+01 	 1.524516e+01
3.496000e-02 	 2.020000e+04 	 3.387175e+01 	 3.399257e+01 	 3.410982e+01 	 3.423356e+01 	 3.435644e+01 	 3.449147e+01 	 3.461520e+01 	 2.807040e+01 	 1.523988e+01
3.516000e-02 	 2.040000e+04 	 2.477864e+01 	 2.486195e+01 	 2.492963e+01 	 2.499198e+01 	 2.505335e+01 	 2.511279e+01 	 2.516231e+01 	 2.173822e+01 	 1.499309e+01
3.536000e-02 	 2.060000e+04 	 4.628957e+01 	 4.642641e+01 	 4.658982e+01 	 4.677217e+01 	 4.697728e+01 	 4.721336e+01 	 4.747323e+01 	 3.513170e+01 	 1.620877e+01
3.556000e-02 	 2.080000e+04 	 4.809358e+01 	 4.824660e+01 	 4.840617e+01 	 4.860176e+01 	 4.881294e+01 	 4.905936e+01 	 4.933777e+01 	 3.642577e+01 	 1.634786e+01
3.576000e-02 	 2.100000e+04 	 3.868856e+01 	 3.881288e+01 	 3.894715e+01 	 3.908930e+01 	 3.923522e+01 	 3.939577e+01 	 3.956347e+01 	 2.987206e+01 	 1.547809e+01
3.596000e-02 	 2.120000e+04 	 4.942936e+01 	 4.955940e+01 	 4.971475e+01 	 4.990057e+01 	 5.010645e+01 	 5.035392e+01 	 5.063412e+01 	 3.566525e+01 	 1.640793e+01
3.616000e-02 	 2.140000e+04 	 5.142332e+01 	 5.153226e+01 	 5.167758e+01 	 5.186917e+01 	 5.207785e+01 	 5.233405e+01 	 5.263340e+01 	 3.691361e+01 	 1.656554e+01
3.636000e-02 	 2.160010e+04 	 5.606239e+01 	 5.617071e+01 	 5.631423e+01 	 5.653050e+01 	 5.676766e+01 	 5.706043e+01 	 5.740882e+01 	 3.825955e+01 	 1.721474e+01
3.656000e-02 	 2.180000e+04 	 3.960633e+01 	 3.969931e+01 	 3.980764e+01 	 3.992594e+01 	 4.006245e+01 	 4.020661e+01 	 4.035824e+01 	 2.883508e+01 	 1.551567e+01
3.676000e-02 	 2.200010e+04 	 5.815371e+01 	 5.826364e+01 	 5.839958e+01 	 5.859213e+01 	 5.885122e+01 	 5.915697e+01 	 5.952975e+01 	 3.874803e+01 	 1.730617e+01
3.696000e-02 	 2.220000e+04 	 6.207527e+01 	 6.213155e+01 	 6.226456e+01 	 6.246912e+01 	 6.273593e+01 	 6.307214e+01 	 6.348285e+01 	 3.913999e+01 	 1.790550e+01
3.716000e-02 	 2.240000e+04 	 5.441334e+01 	 5.449371e+01 	 5.459845e+01 	 5.476777e+01 	 5.496624e+01 	 5.521777e+01 	 5.552879e+01 	 3.472922e+01 	 1.666100e+01
3.736000e-02 	 2.260000e+04 	 5.935503e+01 	 5.943881e+01 	 5.954073e+01 	 5.972387e+01 	 5.995016e+01 	 6.024510e+01 	 6.060554e+01 	 3.722985e+01 	 1.720105e+01
3.756000e-02 	 2.280000e+04 	 4.721238e+01 	 4.726155e+01 	 4.734587e+01 	 4.748488e+01 	 4.761817e+01 	 4.779873e+01 	 4.801212e+01 	 3.037022e+01 	 1.596576e+01
3.776000e-02 	 2.300000e+04 	 6.923919e+01 	 6.927049e+01 	 6.938294e+01 	 6.961231e+01 	 6.987848e+01 	 7.025913e+01 	 7.075032e+01 	 3.993527e+01 	 1.866075e+01
3.796000e-02 	 2.320000e+04 	 7.052439e+01 	 7.055046e+01 	 7.066831e+01 	 7.090394e+01 	 7.117217e+01 	 7.154774e+01 	 7.204396e+01 	 3.939501e+01 	 1.869362e+01
3.816000e-02 	 2.340000e+04 	 7.112325e+01 	 7.110956e+01 	 7.120660e+01 	 7.142567e+01 	 7.168576e+01 	 7.206546e+01 	 7.255628e+01 	 3.768948e+01 	 1.873379e+01
3.836000e-02 	 2.360000e+04 	 7.463678e+01 	 7.462563e+01 	 7.467460e+01 	 7.490938e+01 	 7.521830e+01 	 7.564495e+01 	 7.616346e+01 	 3.918037e+01 	 1.922414e+01
3.856000e-02 	 2.380000e+04 	 5.710394e+01 	 5.710602e+01 	 5.716996e+01 	 5.731214e+01 	 5.747522e+01 	 5.770833e+01 	 5.800484e+01 	 3.160973e+01 	 1.670157e+01
3.876000e-02 	 2.400000e+04 	 8.748856e+01 	 8.740304e+01 	 8.745232e+01 	 8.773400e+01 	 8.808496e+01 	 8.862904e+01 	 8.936258e+01 	 3.988100e+01 	 2.171248e+01
3.896000e-02 	 2.420000e+04 	 8.286372e+01 	 8.278203e+01 	 8.284557e+01 	 8.308567e+01 	 8.339541e+01 	 8.389162e+01 	 8.452638e+01 	 3.884027e+01 	 2.031252e+01
3.916000e-02 	 2.440000e+04 	 7.733471e+01 	 7.728840e+01 	 7.732003e+01 	 7.754359e+01 	 7.781750e+01 	 7.823644e+01 	 7.878960e+01 	 3.509703e+01 	 1.917439e+01
3.936000e-02 	 2.460000e+04 	 9.090391e+01 	 9.082963e+01 	 9.087014e+01 	 9.113700e+01 	 9.149004e+01 	 9.204795e+01 	 9.276603e+01 	 3.927512e+01 	 2.172171e+01
3.956000e-02 	 2.480000e+04 	 1.039000e+02 	 1.037362e+02 	 1.037608e+02 	 1.040629e+02 	 1.045045e+02 	 1.052005e+02 	 1.061599e+02 	 4.081831e+01 	 2.477079e+01
3.976000e-02 	 2.500000e+04 	 8.395244e+01 	 8.383278e+01 	 8.383325e+01 	 8.404614e+01 	 8.432923e+01 	 8.478913e+01 	 8.540154e+01 	 3.549498e+01 	 1.986339e+01
3.996000e-02 	 2.520000e+04 	 1.657662e+02 	 1.653987e+02 	 1.655390e+02 	 1.660541e+02 	 1.669533e+02 	 1.684535e+02 	 1.703657e+02 	 5.910361e+01 	 4.609397e+01
4.016000e-02 	 2.540000e+04 	 1.658439e+02 	 1.655551e+02 	 1.656559e+02 	 1.661979e+02 	 1.671996e+02 	 1.684492e+02 	 1.703108e+02 	 5.934231e+01 	 4.469187e+01
4.036000e-02 	 2.560000e+04 	 1.540590e+02 	 1.538245e+02 	 1.537789e+02 	 1.544143e+02 	 1.552128e+02 	 1.564837e+02 	 1.581940e+02 	 5.222062e+01 	 3.916681e+01
4.056000e-02 	 2.580000e+04 	 1.668538e+02 	 1.666833e+02 	 1.666807e+02 	 1.674004e+02 	 1.681799e+02 	 1.696790e+02 	 1.714069e+02 	 5.765953e+01 	 4.293724e+01
4.076000e-02 	 2.600000e+04 	 1.840945e+02 	 1.839770e+02 	 1.841755e+02 	 1.846438e+02 	 1.856176e+02 	 1.874454e+02 	 1.893886e+02 	 6.193932e+01 	 4.976652e+01
4.096000e-02 	 2.620000e+04 	 2.074724e+02 	 2.073123e+02 	 2.073304e+02 	 2.081619e+02 	 2.095145e+02 	 2.113573e+02 	 2.137394e+02 	 7.211611e+01 	 5.796803e+01
4.116000e-02 	 2.640000e+04 	 1.586196e+02 	 1.583063e+02 	 1.583798e+02 	 1.589437e+02 	 1.595981e+02 	 1.609315e+02 	 1.626156e+02 	 5.167364e+01 	 3.741557e+01
4.136000e-02 	 2.660000e+04 	 1.627330e+02 	 1.621996e+02 	 1.621776e+02 	 1.628802e+02 	 1.635612e+02 	 1.649701e+02 	 1.665742e+02 	 5.059205e+01 	 3.802782e+01
4.156000e-02 	 2.680000e+04 	 1.661553e+02 	 1.658433e+02 	 1.657286e+02 	 1.663020e+02 	 1.671329e+02 	 1.684714e+02 	 1.702021e+02 	 5.237775e+01 	 3.807606e+01
4.176000e-02 	 2.700000e+04 	 1.757330e+02 	 1.752775e+02 	 1.751423e+02 	 1.757275e+02 	 1.767543e+02 	 1.780147e+02 	 1.799912e+02 	 5.270634e+01 	 4.076669e+01
4.196000e-02 	 2.720000e+04 	 2.253963e+02 	 2.253370e+02 	 2.254529e+02 	 2.263012e+02 	 2.276690e+02 	 2.296118e+02 	 2.319857e+02 	 7.356913e+01 	 6.174926e+01
4.216000e-02 	 2.740000e+04 	 3.063264e+02 	 3.060914e+02 	 3.059704e+02 	 3.079377e+02 	 3.094854e+02 	 3.128566e+02 	 3.165880e+02 	 1.202191e+02 	 1.064514e+02
4.236000e-02 	 2.760000e+04 	 2.621953e+02 	 2.621406e+02 	 2.619685e+02 	 2.629969e+02 	 2.650054e+02 	 2.675149e+02 	 2.707353e+02 	 9.022433e+01 	 7.874750e+01
4.248000e-02 	 2.772000e+04 	 4.751055e+02 	 4.744260e+02 	 4.747978e+02 	 4.768805e+02 	 4.807977e+02 	 4.856463e+02 	 4.928012e+02 	 2.416207e+02 	 2.493113e+02
4.250000e-02 	 2.774000e+04 	 5.232545e+02 	 5.216577e+02 	 5.217091e+02 	 5.238950e+02 	 5.274668e+02 	 5.330977e+02 	 5.407209e+02 	 2.820855e+02 	 2.983987e+02
4.252000e-02 	 2.776000e+04 	 5.415398e+02 	 5.399631e+02 	 5.397304e+02 	 5.422638e+02 	 5.459796e+02 	 5.520869e+02 	 5.599662e+02 	 2.985493e+02 	 3.172889e+02
4.254000e-02 	 2.778000e+04 	 5.093117e+02 	 5.080984e+02 	 5.082129e+02 	 5.104898e+02 	 5.137717e+02 	 5.194065e+02 	 5.268601e+02 	 2.707378e+02 	 2.854674e+02
4.256000e-02 	 2.780000e+04 	 4.767858e+02 	 4.755945e+02 	 4.759067e+02 	 4.781516e+02 	 4.818336e+02 	 4.868802e+02 	 4.940276e+02 	 2.436999e+02 	 2.522875e+02
4.276000e-02 	 2.800000e+04 	 2.990338e+02 	 2.983183e+02 	 2.993398e+02 	 3.005861e+02 	 3.024228e+02 	 3.052420e+02 	 3.090679e+02 	 1.108093e+02 	 9.825957e+01
4.296000e-02 	 2.820000e+04 	 3.610356e+02 	 3.602886e+02 	 3.606104e+02 	 3.621455e+02 	 3.653701e+02 	 3.689027e+02 	 3.735098e+02 	 1.513335e+02 	 1.407294e+02
4.316000e-02 	 2.840000e+04 	 4.129809e+02 	 4.122610e+02 	 4.125141e+02 	 4.146088e+02 	 4.173368e+02 	 4.219014e+02 	 4.274683e+02 	 1.856108e+02 	 1.822427e+02
4.336000e-02 	 2.860000e+04 	 4.429166e+02 	 4.420134e+02 	 4.418390e+02 	 4.440940e+02 	 4.469568e+02 	 4.519351e+02 	 4.579854e+02 	 2.101219e+02 	 2.094352e+02
4.356000e-02 	 2.880000e+04 	 4.392162e+02 	 4.382536e+02 	 4.382156e+02 	 4.402934e+02 	 4.430514e+02 	 4.477261e+02 	 4.539373e+02 	 2.075921e+02 	 2.075849e+02
4.376000e-02 	 2.900000e+04 	 4.664153e+02 	 4.652896e+02 	 4.654166e+02 	 4.675739e+02 	 4.708080e+02 	 4.757849e+02 	 4.824600e+02 	 2.302515e+02 	 2.369770e+02
4.396000e-02 	 2.920000e+04 	 4.571986e+02 	 4.563391e+02 	 4.565967e+02 	 4.588451e+02 	 4.619128e+02 	 4.667269e+02 	 4.732441e+02 	 2.231669e+02 	 2.275984e+02
4.416000e-02 	 2.940000e+04 	 4.549028e+02 	 4.532429e+02 	 4.532177e+02 	 4.551961e+02 	 4.580779e+02 	 4.625939e+02 	 4.691315e+02 	 2.186218e+02 	 2.222560e+02
4.436000e-02 	 2.960010e+04 	 4.755148e+02 	 4.737738e+02 	 4.733570e+02 	 4.753659e+02 	 4.783199e+02 	 4.830629e+02 	 4.899843e+02 	 2.352444e+02 	 2.391379e+02
4.456000e-02 	 2.980000e+04 	 5.137007e+02 	 5.118704e+02 	 5.108707e+02 	 5.128079e+02 	 5.163457e+02 	 5.217321e+02 	 5.289716e+02 	 2.686246e+02 	 2.834740e+02
4.476000e-02 	 3.000000e+04 	 5.547186e+02 	 5.518485e+02 	 5.510261e+02 	 5.529172e+02 	 5.560331e+02 	 5.617900e+02 	 5.701810e+02 	 3.022007e+02 	 3.257191e+02
4.496000e-02 	 3.020000e+04 	 5.877754e+02 	 5.845754e+02 	 5.842236e+02 	 5.858072e+02 	 5.892785e+02 	 5.954707e+02 	 6.045821e+02 	 3.359149e+02 	 3.615589e+02
4.516000e-02 	 3.040000e+04 	 6.113507e+02 	 6.075833e+02 	 6.054956e+02 	 6.076246e+02 	 6.110926e+02 	 6.177042e+02 	 6.272713e+02 	 3.546218e+02 	 3.882797e+02
4.536000e-02 	 3.060010e+04 	 6.836779e+02 	 6.780085e+02 	 6.757749e+02 	 6.770794e+02 	 6.807214e+02 	 6.876967e+02 	 6.986062e+02 	 4.318943e+02 	 4.800998e+02
4.556000e-02 	 3.080000e+04 	 7.325259e+02 	 7.266864e+02 	 7.234085e+02 	 7.254689e+02 	 7.290074e+02 	 7.371100e+02 	 7.481806e+02 	 4.772882e+02 	 5.317776e+02
4.576000e-02 	 3.100000e+04 	 7.671540e+02 	 7.610861e+02 	 7.574176e+02 	 7.591414e+02 	 7.632186e+02 	 7.718089e+02 	 7.833473e+02 	 5.146109e+02 	 5.737740e+02
4.596000e-02 	 3.120000e+04 	 7.945078e+02 	 7.864898e+02 	 7.825445e+02 	 7.845234e+02 	 7.878752e+02 	 7.961660e+02 	 8.093982e+02 	 5.424883e+02 	 6.035957e+02
4.616000e-02 	 3.140000e+04 	 7.897124e+02 	 7.821551e+02 	 7.777286e+02 	 7.791121e+02 	 7.825827e+02 	 7.912799e+02 	 8.036263e+02 	 5.364051e+02 	 5.997845e+02
4.636000e-02 	 3.160000e+04 	 8.279424e+02 	 8.202921e+02 	 8.154962e+02 	 8.174985e+02 	 8.212653e+02 	 8.295384e+02 	 8.429004e+02 	 5.726936e+02 	 6.397374e+02
4.656000e-02 	 3.180000e+04 	 8.490025e+02 	 8.398946e+02 	 8.352153e+02 	 8.368564e+02 	 8.405085e+02 	 8.496317e+02 	 8.630657e+02 	 5.917526e+02 	 6.643559e+02
4.676000e-02 	 3.200000e+04 	 8.536384e+02 	 8.447658e+02 	 8.384115e+02 	 8.402957e+02 	 8.434316e+02 	 8.528833e+02 	 8.671112e+02 	 6.008987e+02 	 6.742574e+02
4.696000e-02 	 3.220000e+04 	 8.599848e+02 	 8.501270e+02 	 8.438606e+02 	 8.454666e+02 	 8.490246e+02 	 8.575786e+02 	 8.718121e+02 	 5.981602e+02 	 6.706442e+02
4.716000e-02 	 3.240000e+04 	 8.917977e+02 	 8.817228e+02 	 8.745424e+02 	 8.756407e+02 	 8.790807e+02 	 8.882019e+02 	 9.023152e+02 	 6.361806e+02 	 7.147296e+02
4.736000e-02 	 3.260000e+04 	 9.272391e+02 	 9.164561e+02 	 9.092203e+02 	 9.104206e+02 	 9.145853e+02 	 9.241377e+02 	 9.397708e+02 	 6.695167e+02 	 7.535107e+02
4.756000e-02 	 3.280000e+04 	 9.618072e+02 	 9.503789e+02 	 9.413348e+02 	 9.424845e+02 	 9.472526e+02 	 9.560669e+02 	 9.725723e+02 	 7.000109e+02 	 7.871617e+02
4.776000e-02 	 3.300000e+04 	 9.593370e+02 	 9.472061e+02 	 9.391352e+02 	 9.400301e+02 	 9.430598e+02 	 9.533580e+02 	 9.689670e+02 	 6.969433e+02 	 7.811146e+02
4.796000e-02 	 3.320000e+04 	 9.832085e+02 	 9.713302e+02 	 9.638126e+02 	 9.649351e+02 	 9.673269e+02 	 9.776109e+02 	 9.929462e+02 	 7.134791e+02 	 8.008702e+02
4.816000e-02 	 3.340010e+04 	 1.017412e+03 	 1.003840e+03 	 9.957124e+02 	 9.971209e+02 	 1.000834e+03 	 1.010642e+03 	 1.027940e+03 	 7.498660e+02 	 8.447592e+02
4.836000e-02 	 3.360000e+04 	 1.034468e+03 	 1.018953e+03 	 1.010865e+03 	 1.011721e+03 	 1.014468e+03 	 1.024776e+03 	 1.041136e+03 	 7.613640e+02 	 8.521270e+02
4.856000e-02 	 3.380000e+04 	 1.048233e+03 	 1.033789e+03 	 1.024066e+03 	 1.023802e+03 	 1.026598e+03 	 1.037528e+03 	 1.054512e+03 	 7.696496e+02 	 8.686844e+02
4.876000e-02 	 3.400000e+04 	 1.083143e+03 	 1.068590e+03 	 1.058371e+03 	 1.059003e+03 	 1.062623e+03 	 1.073212e+03 	 1.090599e+03 	 7.984075e+02 	 9.012636e+02
4.896000e-02 	 3.420000e+04 	 1.100807e+03 	 1.086644e+03 	 1.076468e+03 	 1.076964e+03 	 1.080750e+03 	 1.092013e+03 	 1.108546e+03 	 8.151676e+02 	 9.214709e+02
4.916000e-02 	 3.440000e+04 	 1.133535e+03 	 1.118085e+03 	 1.107960e+03 	 1.109054e+03 	 1.112362e+03 	 1.124548e+03 	 1.143729e+03 	 8.475130e+02 	 9.543198e+02
4.936000e-02 	 3.460000e+04 	 1.175607e+03 	 1.160899e+03 	 1.151738e+03 	 1.155144e+03 	 1.155990e+03 	 1.169891e+03 	 1.187389e+03 	 8.748804e+02 	 9.890466e+02
4.956000e-02 	 3.480000e+04 	 1.174949e+03 	 1.158589e+03 	 1.148229e+03 	 1.148947e+03 	 1.152793e+03 	 1.164788e+03 	 1.183251e+03 	 8.754257e+02 	 9.937265e+02
4.976000e-02 	 3.500010e+04 	 1.170638e+03 	 1.155678e+03 	 1.145256e+03 	 1.145395e+03 	 1.148634e+03 	 1.161175e+03 	 1.179946e+03 	 8.747117e+02 	 9.902795e+02
4.996000e-02 	 3.520000e+04 	 1.191601e+03 	 1.174415e+03 	 1.164039e+03 	 1.164309e+03 	 1.167184e+03 	 1.179472e+03 	 1.197806e+03 	 8.907107e+02 	 1.006469e+03
5.016000e-02 	 3.540000e+04 	 1.206819e+03 	 1.190158e+03 	 1.178266e+03 	 1.178734e+03 	 1.181395e+03 	 1.193247e+03 	 1.212394e+03 	 9.005985e+02 	 1.019016e+03
5.036000e-02 	 3.560000e+04 	 1.238560e+03 	 1.220005e+03 	 1.207463e+03 	 1.206476e+03 	 1.209326e+03 	 1.221111e+03 	 1.241196e+03 	 9.401055e+02 	 1.064235e+03
5.056000e-02 	 3.580000e+04 	 1.248241e+03 	 1.228436e+03 	 1.214944e+03 	 1.214310e+03 	 1.217753e+03 	 1.229048e+03 	 1.248425e+03 	 9.464497e+02 	 1.070987e+03
5.076000e-02 	 3.600000e+04 	 1.314587e+03 	 1.296079e+03 	 1.282693e+03 	 1.281981e+03 	 1.285550e+03 	 1.298448e+03 	 1.319147e+03 	 9.987096e+02 	 1.132731e+03
5.096000e-02 	 3.620000e+04 	 1.344543e+03 	 1.324850e+03 	 1.309491e+03 	 1.309854e+03 	 1.312374e+03 	 1.326005e+03 	 1.347388e+03 	 1.031109e+03 	 1.165942e+03
5.116000e-02 	 3.640000e+04 	 1.352008e+03 	 1.332036e+03 	 1.316626e+03 	 1.316657e+03 	 1.319438e+03 	 1.332237e+03 	 1.353930e+03 	 1.043155e+03 	 1.183237e+03
5.136000e-02 	 3.660000e+04 	 1.354151e+03 	 1.334555e+03 	 1.318837e+03 	 1.318275e+03 	 1.320876e+03 	 1.333367e+03 	 1.355620e+03 	 1.043162e+03 	 1.184663e+03
5.156000e-02 	 3.680010e+04 	 1.368172e+03 	 1.347919e+03 	 1.335291e+03 	 1.332589e+03 	 1.334353e+03 	 1.350552e+03 	 1.374129e+03 	 1.059772e+03 	 1.206144e+03
5.176000e-02 	 3.700000e+04 	 1.419015e+03 	 1.397111e+03 	 1.381227e+03 	 1.379561e+03 	 1.381669e+03 	 1.395268e+03 	 1.417328e+03 	 1.102502e+03 	 1.249387e+03
5.196000e-02 	 3.720000e+04 	 1.431151e+03 	 1.409973e+03 	 1.393015e+03 	 1.394298e+03 	 1.395696e+03 	 1.410574e+03 	 1.432297e+03 	 1.112558e+03 	 1.264961e+03
5.216000e-02 	 3.740000e+04 	 1.436207e+03 	 1.412770e+03 	 1.396625e+03 	 1.395572e+03 	 1.396208e+03 	 1.410268e+03 	 1.433407e+03 	 1.126458e+03 	 1.282149e+03
5.236000e-02 	 3.760000e+04 	 1.427213e+03 	 1.405050e+03 	 1.387247e+03 	 1.387688e+03 	 1.388748e+03 	 1.403665e+03 	 1.426555e+03 	 1.122142e+03 	 1.277872e+03
5.256000e-02 	 3.780000e+04 	 1.478063e+03 	 1.453898e+03 	 1.437613e+03 	 1.434267e+03 	 1.436242e+03 	 1.450241e+03 	 1.474309e+03 	 1.165580e+03 	 1.324822e+03
5.276000e-02 	 3.800000e+04 	 1.491507e+03 	 1.464223e+03 	 1.443833e+03 	 1.440611e+03 	 1.440984e+03 	 1.453621e+03 	 1.479165e+03 	 1.191701e+03 	 1.350401e+03
5.296000e-02 	 3.820000e+04 	 1.489627e+03 	 1.463542e+03 	 1.443345e+03 	 1.439244e+03 	 1.438093e+03 	 1.455462e+03 	 1.480217e+03 	 1.183066e+03 	 1.344277e+03
5.316000e-02 	 3.840000e+04 	 1.494933e+03 	 1.468779e+03 	 1.446928e+03 	 1.443333e+03 	 1.442605e+03 	 1.455270e+03 	 1.480235e+03 	 1.187061e+03 	 1.350796e+03
5.336000e-02 	 3.860000e+04 	 1.545728e+03 	 1.520704e+03 	 1.495633e+03 	 1.489785e+03 	 1.494053e+03 	 1.506478e+03 	 1.532517e+03 	 1.237430e+03 	 1.393680e+03
5.356000e-02 	 3.880000e+04 	 1.578860e+03 	 1.548125e+03 	 1.524205e+03 	 1.520563e+03 	 1.518171e+03 	 1.534225e+03 	 1.561661e+03 	 1.274830e+03 	 1.437495e+03
5.376000e-02 	 3.900000e+04 	 1.588764e+03 	 1.558289e+03 	 1.532440e+03 	 1.527643e+03 	 1.524495e+03 	 1.538781e+03 	 1.561995e+03 	 1.270528e+03 	 1.430558e+03
5.396000e-02 	 3.920010e+04 	 1.601018e+03 	 1.568826e+03 	 1.545641e+03 	 1.539894e+03 	 1.538467e+03 	 1.553470e+03 	 1.580768e+03 	 1.301642e+03 	 1.468502e+03
5.416000e-02 	 3.940000e+04 	 1.619909e+03 	 1.590910e+03 	 1.565362e+03 	 1.559514e+03 	 1.558034e+03 	 1.571751e+03 	 1.598039e+03 	 1.309615e+03 	 1.473604e+03
5.436000e-02 	 3.960000e+04 	 1.631630e+03 	 1.600112e+03 	 1.574034e+03 	 1.568151e+03 	 1.564979e+03 	 1.579103e+03 	 1.604493e+03 	 1.312419e+03 	 1.479983e+03
5.456000e-02 	 3.980000e+04 	 1.654994e+03 	 1.621725e+03 	 1.596325e+03 	 1.588293e+03 	 1.584780e+03 	 1.602386e+03 	 1.628043e+03 	 1.337474e+03 	 1.513415e+03
5.476000e-02 	 4.000000e+04 	 1.662346e+03 	 1.627551e+03 	 1.599680e+03 	 1.593247e+03 	 1.589093e+03 	 1.604068e+03 	 1.633135e+03 	 1.355262e+03 	 1.534993e+03
5.496000e-02 	 4.020000e+04 	 1.669465e+03 	 1.637244e+03 	 1.607973e+03 	 1.602536e+03 	 1.599200e+03 	 1.612606e+03 	 1.638632e+03 	 1.346935e+03 	 1.530813e+03
5.516000e-02 	 4.040000e+04 	 1.639365e+03 	 1.606403e+03 	 1.576498e+03 	 1.571467e+03 	 1.565287e+03 	 1.578703e+03 	 1.603750e+03 	 1.319648e+03 	 1.489909e+03
5.536000e-02 	 4.060000e+04 	 1.646628e+03 	 1.614297e+03 	 1.583665e+03 	 1.577800e+03 	 1.571925e+03 	 1.586378e+03 	 1.611759e+03 	 1.326697e+03 	 1.507811e+03
5.556000e-02 	 4.080000e+04 	 1.661024e+03 	 1.628812e+03 	 1.601259e+03 	 1.596852e+03 	 1.593579e+03 	 1.608227e+03 	 1.635431e+03 	 1.340874e+03 	 1.526385e+03
5.576000e-02 	 4.100000e+04 	 1.700490e+03 	 1.663943e+03 	 1.632539e+03 	 1.625528e+03 	 1.619991e+03 	 1.633847e+03 	 1.660961e+03 	 1.372190e+03 	 1.556188e+03
5.596000e-02 	 4.120000e+04 	 1.713192e+03 	 1.686514e+03 	 1.657517e+03 	 1.651027e+03 	 1.653567e+03 	 1.666955e+03 	 1.695176e+03 	 1.381180e+03 	 1.573099e+03
5.616000e-02 	 4.140000e+04 	 1.755537e+03 	 1.720427e+03 	 1.690283e+03 	 1.683825e+03 	 1.679254e+03 	 1.692540e+03 	 1.718033e+03 	 1.407380e+03 	 1.600906e+03
5.636000e-02 	 4.160000e+04 	 1.742389e+03 	 1.708504e+03 	 1.679618e+03 	 1.672785e+03 	 1.666495e+03 	 1.679913e+03 	 1.706569e+03 	 1.402159e+03 	 1.592147e+03
5.656000e-02 	 4.180000e+04 	 1.755638e+03 	 1.721946e+03 	 1.690895e+03 	 1.682697e+03 	 1.677619e+03 	 1.689650e+03 	 1.717582e+03 	 1.398707e+03 	 1.591827e+03
5.676000e-02 	 4.200000e+04 	 1.773771e+03 	 1.735616e+03 	 1.703954e+03 	 1.694892e+03 	 1.687332e+03 	 1.701146e+03 	 1.728900e+03 	 1.424114e+03 	 1.615793e+03
5.696000e-02 	 4.220000e+04 	 1.810692e+03 	 1.773164e+03 	 1.740224e+03 	 1.726796e+03 	 1.723991e+03 	 1.734519e+03 	 1.765218e+03 	 1.454984e+03 	 1.649796e+03
5.716000e-02 	 4.240000e+04 	 1.838512e+03 	 1.799105e+03 	 1.765645e+03 	 1.753726e+03 	 1.749270e+03 	 1.763829e+03 	 1.791580e+03 	 1.475073e+03 	 1.668621e+03
5.736000e-02 	 4.260000e+04 	 1.821977e+03 	 1.783075e+03 	 1.749967e+03 	 1.741270e+03 	 1.733927e+03 	 1.749374e+03 	 1.780497e+03 	 1.466146e+03 	 1.666760e+03
5.756000e-02 	 4.280000e+04 	 1.850077e+03 	 1.812389e+03 	 1.776776e+03 	 1.768318e+03 	 1.762617e+03 	 1.776248e+03 	 1.803998e+03 	 1.481624e+03 	 1.684924e+03
5.776000e-02 	 4.300000e+04 	 1.860637e+03 	 1.820108e+03 	 1.786064e+03 	 1.777654e+03 	 1.769610e+03 	 1.783132e+03 	 1.810671e+03 	 1.489421e+03 	 1.691760e+03
5.796000e-02 	 4.320010e+04 	 1.804105e+03 	 1.765944e+03 	 1.731427e+03 	 1.720811e+03 	 1.713624e+03 	 1.727037e+03 	 1.754294e+03 	 1.456778e+03 	 1.659788e+03
5.816000e-02 	 4.340000e+04 	 1.862740e+03 	 1.820643e+03 	 1.783670e+03 	 1.773360e+03 	 1.762779e+03 	 1.776257e+03 	 1.805835e+03 	 1.496766e+03 	 1.699741e+03
5.836000e-02 	 4.360000e+04 	 1.890575e+03 	 1.849057e+03 	 1.811279e+03 	 1.800911e+03 	 1.790547e+03 	 1.804628e+03 	 1.832392e+03 	 1.523341e+03 	 1.722670e+03
5.856000e-02 	 4.380000e+04 	 1.922373e+03 	 1.877942e+03 	 1.838525e+03 	 1.827885e+03 	 1.817394e+03 	 1.831953e+03 	 1.860386e+03 	 1.550560e+03 	 1.749107e+03
5.876000e-02 	 4.400000e+04 	 1.961773e+03 	 1.916660e+03 	 1.879444e+03 	 1.867706e+03 	 1.858575e+03 	 1.873624e+03 	 1.903163e+03 	 1.587097e+03 	 1.802030e+03
5.896000e-02 	 4.420000e+04 	 1.933223e+03 	 1.887668e+03 	 1.850697e+03 	 1.841872e+03 	 1.829134e+03 	 1.841407e+03 	 1.869145e+03 	 1.556261e+03 	 1.754209e+03
5.916000e-02 	 4.440000e+04 	 1.937616e+03 	 1.894610e+03 	 1.856828e+03 	 1.845399e+03 	 1.834984e+03 	 1.846816e+03 	 1.873979e+03 	 1.562511e+03 	 1.768012e+03
5.936000e-02 	 4.460000e+04 	 1.909377e+03 	 1.864955e+03 	 1.825606e+03 	 1.813102e+03 	 1.799748e+03 	 1.812738e+03 	 1.839530e+03 	 1.538302e+03 	 1.739021e+03
5.956000e-02 	 4.480000e+04 	 1.863329e+03 	 1.820143e+03 	 1.781115e+03 	 1.769575e+03 	 1.754576e+03 	 1.767216e+03 	 1.796284e+03 	 1.505690e+03 	 1.711177e+03
5.976000e-02 	 4.500010e+04 	 1.855725e+03 	 1.813869e+03 	 1.775266e+03 	 1.761638e+03 	 1.748598e+03 	 1.762587e+03 	 1.788373e+03 	 1.496690e+03 	 1.704899e+03
5.996000e-02 	 4.520000e+04 	 1.902510e+03 	 1.857978e+03 	 1.818446e+03 	 1.805529e+03 	 1.792486e+03 	 1.803946e+03 	 1.832065e+03 	 1.533224e+03 	 1.741487e+03
6.016000e-02 	 4.540000e+04 	 1.917342e+03 	 1.871589e+03 	 1.833882e+03 	 1.820020e+03 	 1.806070e+03 	 1.817251e+03 	 1.844702e+03 	 1.547092e+03 	 1.762019e+03
6.036000e-02 	 4.560000e+04 	 1.911414e+03 	 1.866630e+03 	 1.826973e+03 	 1.813461e+03 	 1.801949e+03 	 1.813616e+03 	 1.844319e+03 	 1.545739e+03 	 1.760614e+03
6.056000e-02 	 4.580000e+04 	 1.902612e+03 	 1.858630e+03 	 1.816114e+03 	 1.806894e+03 	 1.789048e+03 	 1.802498e+03 	 1.832612e+03 	 1.534213e+03 	 1.746783e+03
6.076000e-02 	 4.600010e+04 	 1.926831e+03 	 1.882361e+03 	 1.841393e+03 	 1.827269e+03 	 1.813279e+03 	 1.826479e+03 	 1.850885e+03 	 1.547221e+03 	 1.763339e+03
6.096000e-02 	 4.620000e+04 	 1.964857e+03 	 1.919253e+03 	 1.878356e+03 	 1.865444e+03 	 1.852303e+03 	 1.864630e+03 	 1.893996e+03 	 1.582914e+03 	 1.807138e+03
6.116000e-02 	 4.640000e+04 	 1.933063e+03 	 1.887474e+03 	 1.846608e+03 	 1.835627e+03 	 1.821693e+03 	 1.833254e+03 	 1.859922e+03 	 1.555999e+03 	 1.777256e+03
6.136000e-02 	 4.660000e+04 	 1.848732e+03 	 1.808471e+03 	 1.771022e+03 	 1.758662e+03 	 1.744453e+03 	 1.756728e+03 	 1.781231e+03 	 1.481282e+03 	 1.690680e+03
6.156000e-02 	 4.680010e+04 	 1.890369e+03 	 1.846345e+03 	 1.806653e+03 	 1.794506e+03 	 1.780083e+03 	 1.791252e+03 	 1.814005e+03 	 1.504976e+03 	 1.713898e+03
6.176000e-02 	 4.700000e+04 	 2.000987e+03 	 1.953859e+03 	 1.912657e+03 	 1.898309e+03 	 1.884071e+03 	 1.896111e+03 	 1.924199e+03 	 1.604342e+03 	 1.833838e+03
6.196000e-02 	 4.720000e+04 	 1.963223e+03 	 1.908770e+03 	 1.862957e+03 	 1.846099e+03 	 1.830231e+03 	 1.839157e+03 	 1.865243e+03 	 1.567298e+03 	 1.778294e+03
6.216000e-02 	 4.740000e+04 	 1.981075e+03 	 1.933680e+03 	 1.885576e+03 	 1.868817e+03 	 1.850620e+03 	 1.858469e+03 	 1.885750e+03 	 1.591406e+03 	 1.789912e+03
6.236000e-02 	 4.760010e+04 	 2.005663e+03 	 1.953943e+03 	 1.904502e+03 	 1.888136e+03 	 1.868331e+03 	 1.879886e+03 	 1.903562e+03 	 1.600755e+03 	 1.805835e+03
6.256000e-02 	 4.780000e+04 	 2.093822e+03 	 2.036656e+03 	 1.984961e+03 	 1.966226e+03 	 1.948063e+03 	 1.958144e+03 	 1.984918e+03 	 1.669470e+03 	 1.889069e+03
6.276000e-02 	 4.800000e+04 	 1.982790e+03 	 1.932302e+03 	 1.882778e+03 	 1.866442e+03 	 1.846773e+03 	 1.857273e+03 	 1.881341e+03 	 1.579528e+03 	 1.788637e+03
6.296000e-02 	 4.820000e+04 	 1.998357e+03 	 1.947041e+03 	 1.897855e+03 	 1.880414e+03 	 1.860453e+03 	 1.869099e+03 	 1.896397e+03 	 1.605304e+03 	 1.819909e+03
6.316000e-02 	 4.840000e+04 	 1.970012e+03 	 1.918520e+03 	 1.870336e+03 	 1.853541e+03 	 1.832802e+03 	 1.840099e+03 	 1.865444e+03 	 1.574199e+03 	 1.784358e+03
6.336000e-02 	 4.860000e+04 	 1.822136e+03 	 1.764722e+03 	 1.711098e+03 	 1.690856e+03 	 1.665857e+03 	 1.674764e+03 	 1.696248e+03 	 1.451139e+03 	 1.628957e+03
6.356000e-02 	 4.880000e+04 	 1.811058e+03 	 1.754068e+03 	 1.701116e+03 	 1.679628e+03 	 1.654909e+03 	 1.660038e+03 	 1.682628e+03 	 1.438471e+03 	 1.617558e+03
6.376000e-02 	 4.900000e+04 	 1.818241e+03 	 1.759689e+03 	 1.707084e+03 	 1.685459e+03 	 1.658490e+03 	 1.664788e+03 	 1.685516e+03 	 1.443023e+03 	 1.629081e+03
6.396000e-02 	 4.920000e+04 	 1.835631e+03 	 1.775328e+03 	 1.722563e+03 	 1.701281e+03 	 1.672709e+03 	 1.677019e+03 	 1.698243e+03 	 1.452938e+03 	 1.636039e+03
6.416000e-02 	 4.940000e+04 	 1.830652e+03 	 1.773152e+03 	 1.717523e+03 	 1.697285e+03 	 1.668124e+03 	 1.674338e+03 	 1.693940e+03 	 1.452686e+03 	 1.638684e+03
6.436000e-02 	 4.960010e+04 	 1.849278e+03 	 1.788706e+03 	 1.729976e+03 	 1.707066e+03 	 1.677654e+03 	 1.681799e+03 	 1.702277e+03 	 1.453860e+03 	 1.635849e+03
6.456000e-02 	 4.980000e+04 	 1.835308e+03 	 1.769894e+03 	 1.707886e+03 	 1.680370e+03 	 1.648161e+03 	 1.650669e+03 	 1.669286e+03 	 1.449277e+03 	 1.627353e+03
6.476000e-02 	 5.000000e+04 	 1.865758e+03 	 1.799702e+03 	 1.737247e+03 	 1.707413e+03 	 1.675229e+03 	 1.677725e+03 	 1.696173e+03 	 1.467991e+03 	 1.638617e+03
6.496000e-02 	 5.020000e+04 	 1.867859e+03 	 1.802103e+03 	 1.739242e+03 	 1.711457e+03 	 1.675668e+03 	 1.678004e+03 	 1.694973e+03 	 1.470670e+03 	 1.642545e+03
6.516000e-02 	 5.040000e+04 	 1.855515e+03 	 1.794430e+03 	 1.731958e+03 	 1.704705e+03 	 1.671586e+03 	 1.673348e+03 	 1.689160e+03 	 1.463694e+03 	 1.644559e+03
6.536000e-02 	 5.060000e+04 	 1.849787e+03 	 1.784708e+03 	 1.725060e+03 	 1.698693e+03 	 1.663925e+03 	 1.665746e+03 	 1.685258e+03 	 1.464086e+03 	 1.646452e+03
6.556000e-02 	 5.080000e+04 	 1.891219e+03 	 1.831383e+03 	 1.773909e+03 	 1.750989e+03 	 1.719114e+03 	 1.721997e+03 	 1.740328e+03 	 1.492515e+03 	 1.685013e+03
6.576000e-02 	 5.100000e+04 	 1.887458e+03 	 1.830797e+03 	 1.773642e+03 	 1.749896e+03 	 1.720904e+03 	 1.722982e+03 	 1.742109e+03 	 1.496131e+03 	 1.689838e+03
6.596000e-02 	 5.120000e+04 	 1.895824e+03 	 1.843392e+03 	 1.789086e+03 	 1.767436e+03 	 1.737870e+03 	 1.742593e+03 	 1.763159e+03 	 1.510391e+03 	 1.709027e+03
6.616000e-02 	 5.140000e+04 	 1.894267e+03 	 1.840083e+03 	 1.787343e+03 	 1.766373e+03 	 1.737319e+03 	 1.742011e+03 	 1.760356e+03 	 1.512493e+03 	 1.717833e+03
6.636000e-02 	 5.160000e+04 	 1.912665e+03 	 1.859185e+03 	 1.806587e+03 	 1.783339e+03 	 1.756441e+03 	 1.760455e+03 	 1.778487e+03 	 1.520167e+03 	 1.726386e+03
6.656000e-02 	 5.180000e+04 	 1.895233e+03 	 1.843048e+03 	 1.790696e+03 	 1.769145e+03 	 1.741049e+03 	 1.743758e+03 	 1.761571e+03 	 1.512611e+03 	 1.715053e+03
6.710000e-02 	 5.234010e+04 	 2.027111e+03 	 1.972735e+03 	 1.922481e+03 	 1.899782e+03 	 1.870435e+03 	 1.875345e+03 	 1.891542e+03 	 1.608833e+03 	 1.834654e+03
