Time (Myr)  Time-t0 (yr) Mstar (Msun)  Lstar (Lsun)  Rstar (Rsun)  Tstar (K)  Rdisk_in (AU)  Rdisk_out (AU)  Mdisk (Msun)  Renv_in (AU)  Renv_out (AU)  Menv (Msun)  Omega_0 (1/s)   c_s (cm/s)
 0.163580        0.0000    0.002599    0.0000e+00    1078.0000    0.0000e+00    0.000000        0.0000         0.0000         4.8721     16501.0684       1.2422     4.8000e-14      18799.999
 0.165080     1500.0000    0.017464    4.1602e-03    1078.0000    4.4632e+01    0.002220        0.0000         0.0000         4.8721     16501.0684       1.2274     4.8000e-14      18799.999
 0.166580     3000.0000    0.030040    6.4119e-03    1078.0000    4.9730e+01    0.002756        0.0000         0.0000         4.8721     16501.0684       1.2172     4.8000e-14      18799.999
 0.168080     4500.0000    0.040318    8.0664e-03    1078.0000    5.2667e+01    0.003091        0.0000         0.0000         4.8721     16501.0684       1.2056     4.8000e-14      18799.999
 0.169580     6000.0000    0.046948    1.0012e-09    1078.0000    9.8856e-01    0.000001       12.1240         0.0066        12.1240     16501.0684       1.1919     4.8000e-14      18799.999
 0.171080     7500.0000    0.052333    7.0742e-03    1077.9600    5.0968e+01    0.002895       31.2893         0.0119        31.2893     16501.0684       1.1802     4.8000e-14      18799.999
 0.172580     9000.0000    0.057240    6.5427e-03    1077.7700    4.9987e+01    0.002784       53.8156         0.0173        53.8156     16501.0684       1.1693     4.8000e-14      18799.999
 0.174080    10500.0000    0.062280    2.9911e-03    1076.9200    4.1119e+01    0.001882       64.0492         0.0218        64.0492     16501.0684       1.1592     4.8000e-14      18799.999
 0.175580    12000.0000    0.066915    6.4895e-03    1073.8800    4.9975e+01    0.002773       71.6345         0.0263        71.6345     16501.0684       1.1495     4.8000e-14      18799.999
 0.177080    13500.0000    0.070907    4.7897e-03    1064.6000    4.6522e+01    0.002382       75.0191         0.0308        75.0191     16501.0684       1.1406     4.8000e-14      18799.999
 0.178580    15000.0000    0.075905    8.2405e-03    1039.6000    5.3918e+01    0.003125       96.9229         0.0352        96.9229     16501.0684       1.1307     4.8000e-14      18799.999
 0.180080    16500.0000    0.081309    1.7778e-02     978.9620    6.7339e+01    0.004589      125.1405         0.0395       125.1405     16501.0684       1.1203     4.8000e-14      18799.999
 0.181580    18000.0000    0.086983    1.4508e-02     848.8250    6.8734e+01    0.004146      137.6027         0.0424       137.6027     16501.0684       1.1111     4.8000e-14      18799.999
 0.183080    19500.0000    0.091800    9.6699e-03     626.7830    7.2273e+01    0.003385      146.8426         0.0459       146.8426     16501.0684       1.1022     4.8000e-14      18799.999
 0.184580    21000.0000    0.095256    1.4293e-02     380.1330    1.0233e+02    0.004115      150.9718         0.0502       150.9718     16501.0684       1.0941     4.8000e-14      18799.999
 0.185920    22340.0000    0.100936    3.1444e-01     221.6020    2.9025e+02    0.019301      172.3694         0.0519       172.3694     16501.0684       1.0861     4.8000e-14      18799.999
 0.185940    22359.9961    0.101039    3.9811e-01     219.7820    3.0916e+02    0.021718      172.8093         0.0519       172.8093     16501.0684       1.0860     4.8000e-14      18799.999
 0.185960    22379.9941    0.101141    3.2918e-01     217.9700    2.9603e+02    0.019748      173.2493         0.0520       173.2493     16501.0684       1.0858     4.8000e-14      18799.999
 0.186000    22420.0039    0.101346    8.6328e-01     214.3990    3.7984e+02    0.031981      174.1296         0.0520       174.1296     16501.0684       1.0856     4.8000e-14      18799.999
 0.186020    22440.0020    0.101448    4.3670e-01     212.6320    3.2167e+02    0.022746      174.5696         0.0520       174.5696     16501.0684       1.0855     4.8000e-14      18799.999
 0.186080    22500.0000    0.101756    4.7906e-03     207.4250    1.0540e+02    0.002382      175.8894         0.0520       175.8894     16501.0684       1.0851     4.8000e-14      18799.999
 0.187580    24000.0000    0.109201    2.2481e-02     112.3360    2.1080e+02    0.005161      204.7402         0.0530       204.7402     16501.0684       1.0758     4.8000e-14      18799.999
 0.189080    25500.0000    0.112423    2.7619e-02      62.7614    2.9692e+02    0.005720      159.9019         0.0567       159.9019     16501.0684       1.0685     4.8000e-14      18799.999
 0.190580    27000.0000    0.115570    3.2583e-01      36.5815    7.2077e+02    0.019648      154.4004         0.0615       154.4004     16501.0684       1.0602     4.8000e-14      18799.999
 0.191600    28019.9941    0.117630    3.9744e+00      26.0309    1.5968e+03    0.068620      193.0889         0.0660       193.0889     16501.0684       1.0535     4.8000e-14      18799.999
 0.192080    28500.0000    0.118599    5.6175e-01      22.3568    1.0565e+03    0.025798      211.2959         0.0681       211.2959     16501.0684       1.0503     4.8000e-14      18799.999
 0.193580    30000.0000    0.120956    1.4191e+00      14.3903    1.6601e+03    0.041003      194.7837         0.0718       194.7837     16501.0684       1.0439     4.8000e-14      18799.999
 0.195080    31500.0000    0.123130    3.3205e+00       9.7995    2.4882e+03    0.062721      153.5884         0.0746       153.5884     16501.0684       1.0388     4.8000e-14      18799.999
 0.196580    33000.0000    0.126702    2.6931e+00       7.0839    2.7772e+03    0.056486      180.9680         0.0801       180.9680     16501.0684       1.0293     4.8000e-14      18799.999
 0.198080    34500.0000    0.131483    1.5827e+00       5.4388    2.7751e+03    0.043302      216.3081         0.0843       216.3081     16501.0684       1.0197     4.8000e-14      18799.999
 0.198940    35359.9922    0.135325    2.4597e+01       4.7973    5.8668e+03    0.170708      243.8081         0.0856       243.8081     16501.0684       1.0142     4.8000e-14      18799.999
 0.199580    36000.0000    0.138183    3.1256e+00       4.4200    3.6492e+03    0.060852      264.2739         0.0866       264.2739     16501.0684       1.0100     4.8000e-14      18799.999
 0.201080    37500.0000    0.141972    1.9882e+00       3.7765    3.5257e+03    0.048533      267.0950         0.0911       267.0950     16501.0684       1.0013     4.8000e-14      18799.999
 0.202100    38519.9922    0.143779    3.8403e+01       3.4760    7.7043e+03    0.213303      257.0753         0.0948       257.0753     16501.0684       0.9957     4.8000e-14      18799.999
 0.202580    39000.0000    0.144685    2.5241e+00       3.3623    3.9663e+03    0.054685      251.7764         0.0964       251.7764     16501.0684       0.9930     4.8000e-14      18799.999
 0.203900    40319.9922    0.147948    3.5195e+01       3.1181    7.9588e+03    0.204198      229.1819         0.0993       229.1819     16501.0684       0.9865     4.8000e-14      18799.999
 0.204080    40500.0000    0.148393    4.9441e+00       3.0912    4.8937e+03    0.076535      226.1008         0.0997       226.1008     16501.0684       0.9856     4.8000e-14      18799.999
 0.205580    42000.0000    0.152061    6.7584e+00       2.9109    5.4528e+03    0.089481      234.4434         0.1038       234.4434     16501.0684       0.9774     4.8000e-14      18799.999
 0.207080    43500.0000    0.155663    2.0660e+00       2.7893    4.1420e+03    0.049474      296.7480         0.1092       296.7480     16501.0684       0.9680     4.8000e-14      18799.999
 0.208580    45000.0000    0.157702    2.0201e+00       2.7061    4.1816e+03    0.048921      279.6997         0.1131       279.6997     16501.0684       0.9618     4.8000e-14      18799.999
 0.210080    46500.0000    0.159387    1.9817e+00       2.6485    4.2066e+03    0.048454      235.4653         0.1163       235.4653     16501.0684       0.9568     4.8000e-14      18799.999
 0.211580    48000.0000    0.165570    1.0289e+01       2.6081    6.3990e+03    0.110409      256.4148         0.1166       256.4148     16501.0684       0.9496     4.8000e-14      18799.999
 0.213080    49500.0000    0.170221    8.0648e+00       2.5795    6.0543e+03    0.097749      272.2241         0.1200       272.2241     16501.0684       0.9411     4.8000e-14      18799.999
 0.214580    51000.0000    0.172440    1.8185e+00       2.5589    4.1887e+03    0.046417      279.8795         0.1281       279.8795     16501.0684       0.9305     4.8000e-14      18799.999
 0.216080    52500.0000    0.184228    4.1036e+00       2.5441    5.1487e+03    0.069726      300.1750         0.1219       300.1750     16501.0684       0.9236     4.8000e-14      18799.999
 0.216540    52959.9922    0.188985    4.5023e+01       2.5404    9.3774e+03    0.230957      307.9065         0.1183       307.9065     16501.0684       0.9219     4.8000e-14      18799.999
 0.216660    53079.9922    0.190226    6.5471e+01       2.5395    1.0299e+04    0.278507      309.9236         0.1174       309.9236     16501.0684       0.9214     4.8000e-14      18799.999
 0.216720    53140.0000    0.190846    9.3541e+01       2.5391    1.1261e+04    0.332900      310.9321         0.1169       310.9321     16501.0684       0.9212     4.8000e-14      18799.999
 0.216760    53179.9961    0.191260    6.9857e+01       2.5388    1.0469e+04    0.287686      311.6042         0.1166       311.6042     16501.0684       0.9211     4.8000e-14      18799.999
 0.216820    53240.0039    0.191880    6.7418e+01       2.5383    1.0378e+04    0.282618      312.6128         0.1161       312.6128     16501.0684       0.9209     4.8000e-14      18799.999
 0.217140    53560.0039    0.195189    7.0606e+01       2.5361    1.0503e+04    0.289223      317.9912         0.1136       317.9912     16501.0684       0.9197     4.8000e-14      18799.999
 0.217160    53580.0000    0.195396    1.1182e+02       2.5360    1.1782e+04    0.363973      318.3274         0.1135       318.3274     16501.0684       0.9196     4.8000e-14      18799.999
 0.217200    53619.9961    0.195810    1.4927e+02       2.5357    1.2665e+04    0.420532      318.9998         0.1131       318.9998     16501.0684       0.9195     4.8000e-14      18799.999
 0.217220    53639.9922    0.196016    9.5987e+01       2.5356    1.1342e+04    0.337224      319.3357         0.1130       319.3357     16501.0684       0.9194     4.8000e-14      18799.999
 0.217240    53660.0078    0.196223    5.2282e+01       2.5354    9.7440e+03    0.248879      319.6721         0.1128       319.6721     16501.0684       0.9193     4.8000e-14      18799.999
 0.217260    53680.0039    0.196430    8.5637e+01       2.5353    1.1024e+04    0.318526      320.0083         0.1127       320.0083     16501.0684       0.9193     4.8000e-14      18799.999
 0.217580    54000.0000    0.199045    2.5187e+00       2.5333    4.5670e+03    0.054626      330.9297         0.1110       330.9297     16501.0684       0.9180     4.8000e-14      18799.999
 0.219080    55500.0000    0.201542    6.5238e+00       2.5253    5.8029e+03    0.087915      460.0332         0.1155       460.0332     16501.0684       0.9107     4.8000e-14      18799.999
 0.220580    57000.0000    0.203383    1.8435e+00       2.5194    4.2358e+03    0.046734      545.1436         0.1202       545.1436     16501.0684       0.9040     4.8000e-14      18799.999
 0.222080    58500.0000    0.204185    2.6869e+00       2.5149    4.6583e+03    0.056421      560.4736         0.1252       560.4736     16501.0684       0.8981     4.8000e-14      18799.999
 0.223580    60000.0000    0.206597    5.0107e+00       2.5116    5.4472e+03    0.077048      502.7627         0.1276       502.7627     16501.0684       0.8930     4.8000e-14      18799.999
 0.225080    61500.0000    0.209630    1.6276e+00       2.5091    4.1144e+03    0.043913      415.7402         0.1290       415.7402     16501.0684       0.8882     4.8000e-14      18799.999
 0.226580    63000.0000    0.212569    4.1513e+00       2.5071    5.2016e+03    0.070130      312.5566         0.1324       312.5566     16501.0684       0.8816     4.8000e-14      18799.999
 0.227420    63840.0039    0.214214    8.2934e+01       2.5062    1.0999e+04    0.313458      254.7734         0.1342       254.7734     16501.0684       0.8779     4.8000e-14      18799.999
 0.227440    63860.0000    0.214253    1.9523e+01       2.5062    7.6613e+03    0.152085      253.3975         0.1343       253.3975     16501.0684       0.8779     4.8000e-14      18799.999
 0.227460    63879.9961    0.214293    6.2427e+01       2.5062    1.0245e+04    0.271956      252.0215         0.1343       252.0215     16501.0684       0.8778     4.8000e-14      18799.999
 0.228080    64500.0000    0.216934    1.7194e+01       2.5056    7.4227e+03    0.142725      250.1684         0.1321       250.1684     16501.0684       0.8771     4.8000e-14      18799.999
 0.229580    66000.0000    0.223561    2.1219e+00       2.5045    4.4005e+03    0.050138      252.4946         0.1260       252.4946     16501.0684       0.8758     4.8000e-14      18799.999
 0.231080    67500.0000    0.229082    1.0136e+01       2.5036    6.5068e+03    0.109585      265.6208         0.1226       265.6208     16501.0684       0.8730     4.8000e-14      18799.999
 0.232580    69000.0000    0.234140    3.9091e+00       2.5029    5.1283e+03    0.068053      284.3735         0.1212       284.3735     16501.0684       0.8688     4.8000e-14      18799.999
 0.234080    70500.0000    0.238636    2.4123e+00       2.5023    4.5458e+03    0.053460      328.4458         0.1358       328.4458     16501.0684       0.8493     4.8000e-14      18799.999
 0.234400    70820.0078    0.239595    5.2357e+01       2.5022    9.8120e+03    0.249057      337.8481         0.1389       337.8481     16501.0684       0.8451     4.8000e-14      18799.999
 0.235580    72000.0000    0.242323    4.7986e+00       2.5019    5.3991e+03    0.075400      381.8828         0.1496       381.8828     16501.0684       0.8313     4.8000e-14      18799.999
 0.237080    73500.0000    0.244727    3.7857e+00       2.5015    5.0888e+03    0.066971      450.1729         0.1622       450.1729     16501.0684       0.8160     4.8000e-14      18799.999
 0.238580    75000.0000    0.248633    1.3153e+01       2.5013    6.9479e+03    0.124832      485.5574         0.1710       485.5574     16501.0684       0.8029     4.8000e-14      18799.999
 0.240080    76500.0000    0.253253    1.7119e+01       2.5010    7.4215e+03    0.142416      501.0879         0.1778       501.0879     16501.0684       0.7910     4.8000e-14      18799.999
 0.241580    78000.0000    0.260191    2.3883e+01       2.5008    8.0660e+03    0.168212      391.3496         0.1745       391.3496     16501.0684       0.7866     4.8000e-14      18799.999
 0.243080    79500.0000    0.266120    1.0136e+01       2.5007    6.5104e+03    0.109582      318.4595         0.1712       318.4595     16501.0684       0.7833     4.8000e-14      18799.999
 0.244580    81000.0000    0.270450    7.7139e+00       2.5006    6.0810e+03    0.095598      304.0217         0.1680       304.0217     16501.0684       0.7817     4.8000e-14      18799.999
 0.246080    82500.0000    0.272915    7.2318e+00       2.5005    5.9838e+03    0.092563      308.2302         0.1672       308.2302     16501.0684       0.7797     4.8000e-14      18799.999
 0.247580    84000.0000    0.274709    2.2205e+00       2.5004    4.4543e+03    0.051290      317.2231         0.1672       317.2231     16501.0684       0.7778     4.8000e-14      18799.999
 0.249080    85500.0000    0.277463    5.3414e+00       2.5003    5.5474e+03    0.079550      282.4238         0.1651       282.4238     16501.0684       0.7767     4.8000e-14      18799.999
 0.250580    87000.0000    0.281292    1.4903e+01       2.5003    7.1696e+03    0.132875      271.1870         0.1670       271.1870     16501.0684       0.7706     4.8000e-14      18799.999
 0.252080    88500.0000    0.286825    1.2633e+01       2.5002    6.8796e+03    0.122340      297.3252         0.1752       297.3252     16501.0684       0.7563     4.8000e-14      18799.999
 0.253580    90000.0000    0.291365    6.9614e+00       2.5002    5.9274e+03    0.090816      324.2524         0.1799       324.2524     16501.0684       0.7466     4.8000e-14      18799.999
 0.255080    91500.0000    0.295538    1.1359e+01       2.5002    6.6993e+03    0.116006      357.7617         0.1841       357.7617     16501.0684       0.7377     4.8000e-14      18799.999
 0.256580    93000.0000    0.300055    2.3261e+00       2.5001    4.5066e+03    0.052496      502.6562         0.2049       502.6562     16501.0684       0.7119     4.8000e-14      18799.999
 0.258080    94500.0000    0.304231    2.4700e+00       2.5001    4.5748e+03    0.054095      604.8398         0.2190       604.8398     16501.0684       0.6931     4.8000e-14      18799.999
 0.258740    95160.0078    0.305832    5.9155e+01       2.5001    1.0120e+04    0.264734      619.9897         0.2206       619.9897     16501.0684       0.6897     4.8000e-14      18799.999
 0.259580    96000.0000    0.307869    6.2041e+00       2.5001    5.7593e+03    0.085734      639.2710         0.2227       639.2710     16501.0684       0.6854     4.8000e-14      18799.999
 0.261080    97500.0000    0.311464    1.0376e+01       2.5001    6.5495e+03    0.110876      827.9180         0.2138       827.9180     16501.0684       0.6903     4.8000e-14      18799.999
 0.262580    99000.0000    0.314967    5.7649e+00       2.5001    5.6546e+03    0.082644     1073.4863         0.2008      1073.4863     16501.0684       0.6994     4.8000e-14      18799.999
 0.264080   100500.0000    0.317130    6.3920e+00       2.5001    5.8024e+03    0.087022     1264.8496         0.2014      1264.8496     16501.0684       0.6964     4.8000e-14      18799.999
 0.265580   102000.0000    0.319051    5.2270e+00       2.5001    5.5178e+03    0.078694     1221.6797         0.1754      1221.6797     16501.0684       0.7203     4.8000e-14      18799.999
 0.267080   103500.0000    0.320591    5.1204e+00       2.5000    5.4895e+03    0.077887      806.4844         0.1073       806.4844     16501.0684       0.7867     4.8000e-14      18799.999
 0.268580   105000.0000    0.321601    3.7801e+00       2.5000    5.0884e+03    0.066921     1168.2734         0.1495      1168.2734     16501.0684       0.7433     4.8000e-14      18799.999
 0.270080   106500.0000    0.322392    2.2350e+00       2.5000    4.4619e+03    0.051458     1766.3438         0.2262      1766.3438     16501.0684       0.6657     4.8000e-14      18799.999
 0.271580   108000.0000    0.322960    2.4764e+00       2.5000    4.5778e+03    0.054166     1194.3750         0.1514      1194.3750     16501.0684       0.7399     4.8000e-14      18799.999
 0.273080   109500.0000    0.323899    8.9839e+00       2.5000    6.3179e+03    0.103168      859.2607         0.1078       859.2607     16501.0684       0.7825     4.8000e-14      18799.999
 0.274580   111000.0000    0.325426    2.3810e+00       2.5000    4.5331e+03    0.053112      899.8599         0.1136       899.8599     16501.0684       0.7750     4.8000e-14      18799.999
 0.276080   112500.0000    0.327408    8.6975e+00       2.5000    6.2669e+03    0.101510      923.5669         0.1167       923.5669     16501.0684       0.7697     4.8000e-14      18799.999
 0.277580   114000.0000    0.329587    6.9937e+00       2.5000    5.9345e+03    0.091026      939.3293         0.1191       939.3293     16501.0684       0.7649     4.8000e-14      18799.999
 0.279080   115500.0000    0.332117    8.8822e+00       2.5000    6.2999e+03    0.102583      930.6941         0.1243       930.6941     16501.0684       0.7568     4.8000e-14      18799.999
 0.280580   117000.0000    0.334627    2.2788e+00       2.5000    4.4837e+03    0.051960      906.4121         0.1310       906.4121     16501.0684       0.7474     4.8000e-14      18799.999
 0.282080   118500.0000    0.337106    6.4081e+00       2.5000    5.8061e+03    0.087132      857.3125         0.1398       857.3125     16501.0684       0.7358     4.8000e-14      18799.999
 0.283580   120000.0000    0.339134    6.7125e+00       2.5000    5.8739e+03    0.089177     1304.8047         0.2080      1304.8047     16501.0684       0.6653     4.8000e-14      18799.999
 0.285080   121500.0000    0.341091    7.0611e+00       2.5000    5.9487e+03    0.091464     1911.2500         0.2948      1911.2500     16501.0684       0.5764     4.8000e-14      18799.999
 0.286580   123000.0000    0.344871    1.1939e+01       2.5000    6.7835e+03    0.118933     1911.2500         0.2997      1911.2500     16501.0684       0.5673     4.8000e-14      18799.999
 0.288080   124500.0000    0.347441    4.2513e+00       2.5000    5.2401e+03    0.070970     1607.2031         0.2676      1607.2031     16501.0684       0.5965     4.8000e-14      18799.999
 0.289580   126000.0000    0.348089    1.8227e+00       2.5000    4.2402e+03    0.046470      820.8906         0.1768       820.8906     16501.0684       0.6866     4.8000e-14      18799.999
 0.291080   127500.0000    0.348317    1.9926e+00       2.5000    4.3357e+03    0.048587      986.2266         0.1987       986.2266     16501.0684       0.6644     4.8000e-14      18799.999
 0.292580   129000.0000    0.348387    1.8982e+00       2.5000    4.2834e+03    0.047422     1484.4062         0.2619      1484.4062     16501.0684       0.6012     4.8000e-14      18799.999
 0.294080   130500.0000    0.348557    2.0747e+00       2.5000    4.3797e+03    0.049579     1321.5684         0.2792      1321.5684     16501.0684       0.5837     4.8000e-14      18799.999
 0.295580   132000.0000    0.348719    1.8145e+00       2.5000    4.2354e+03    0.046365     1122.2500         0.2845      1122.2500     16501.0684       0.5782     4.8000e-14      18799.999
 0.297080   133500.0000    0.348865    2.3773e+00       2.5000    4.5313e+03    0.053070      865.0742         0.2706       865.0742     16501.0684       0.5919     4.8000e-14      18799.999
 0.298580   135000.0000    0.349615    1.8019e+00       2.5000    4.2280e+03    0.046203      647.0391         0.2792       647.0391     16501.0684       0.5825     4.8000e-14      18799.999
 0.300080   136500.0000    0.351058    2.0756e+00       2.5000    4.3802e+03    0.049589      452.7598         0.2947       452.7598     16501.0684       0.5654     4.8000e-14      18799.999
 0.301580   138000.0000    0.360631    1.7846e+00       2.5000    4.2179e+03    0.045982      410.1348         0.2786       410.1348     16501.0684       0.5709     4.8000e-14      18799.999
 0.302080   138500.0156    0.363822    3.4206e+02       2.5000    1.5694e+04    0.636595      395.9268         0.2733       395.9268     16501.0684       0.5727     4.8000e-14      18799.999
 0.302140   138560.0000    0.364205    5.4453e+02       2.5000    1.7628e+04    0.803201      394.2217         0.2726       394.2217     16501.0684       0.5729     4.8000e-14      18799.999
 0.302160   138579.9844    0.364332    2.8064e+02       2.5000    1.4936e+04    0.576619      393.6533         0.2724       393.6533     16501.0684       0.5730     4.8000e-14      18799.999
 0.302180   138599.9844    0.364460    2.6243e+02       2.5000    1.4688e+04    0.557601      393.0850         0.2722       393.0850     16501.0684       0.5730     4.8000e-14      18799.999
 0.302200   138619.9844    0.364587    1.0888e+02       2.5000    1.1788e+04    0.359152      392.5166         0.2720       392.5166     16501.0684       0.5731     4.8000e-14      18799.999
 0.302220   138639.9844    0.364715    7.3661e+01       2.5000    1.0691e+04    0.295414      391.9482         0.2717       391.9482     16501.0684       0.5732     4.8000e-14      18799.999
 0.302240   138660.0156    0.364843    5.6382e+01       2.5000    9.9998e+03    0.258454      391.3799         0.2715       391.3799     16501.0684       0.5733     4.8000e-14      18799.999
 0.302280   138700.0156    0.365098    4.2022e+01       2.5000    9.2913e+03    0.223126      390.2432         0.2711       390.2432     16501.0684       0.5734     4.8000e-14      18799.999
 0.303080   139500.0000    0.367605    6.5077e+00       2.5000    5.8286e+03    0.087806      490.6094         0.2751       490.6094     16501.0684       0.5666     4.8000e-14      18799.999
 0.304580   141000.0000    0.370456    8.4386e+00       2.5000    6.2198e+03    0.099988      766.3555         0.2917       766.3555     16501.0684       0.5469     4.8000e-14      18799.999
 0.306080   142500.0000    0.372527    7.4029e+00       2.5000    6.0194e+03    0.093651      945.6211         0.3011       945.6211     16501.0684       0.5352     4.8000e-14      18799.999
 0.307580   144000.0000    0.374299    5.0491e+00       2.5000    5.4703e+03    0.077343     1084.3516         0.3069      1084.3516     16501.0684       0.5274     4.8000e-14      18799.999
 0.309080   145500.0000    0.376181    7.1421e+00       2.5000    5.9657e+03    0.091987     1169.4785         0.2983      1169.4785     16501.0684       0.5339     4.8000e-14      18799.999
 0.310580   147000.0000    0.377988    6.0349e+00       2.5000    5.7197e+03    0.084557     1249.1865         0.3014      1249.1865     16501.0684       0.5288     4.8000e-14      18799.999
 0.312080   148500.0000    0.379678    6.4581e+00       2.5000    5.8175e+03    0.087471     1320.2988         0.3229      1320.2988     16501.0684       0.5054     4.8000e-14      18799.999
 0.313580   150000.0000    0.380786    4.4451e+00       2.5000    5.2988e+03    0.072570     1349.2173         0.3316      1349.2173     16501.0684       0.4955     4.8000e-14      18799.999
 0.315080   151500.0000    0.381683    5.2973e+00       2.5000    5.5363e+03    0.079221     1358.4531         0.3330      1358.4531     16501.0684       0.4931     4.8000e-14      18799.999
 0.316580   153000.0000    0.382862    5.4942e+00       2.5000    5.5871e+03    0.080680     1309.5645         0.2964      1309.5645     16501.0684       0.5284     4.8000e-14      18799.999
 0.318080   154500.0000    0.385103    5.4386e+00       2.5000    5.5729e+03    0.080271     1245.1035         0.2673      1245.1035     16501.0684       0.5550     4.8000e-14      18799.999
 0.319580   156000.0000    0.389029    8.0189e+00       2.5000    6.1409e+03    0.097470     1155.9453         0.2503      1155.9453     16501.0684       0.5677     4.8000e-14      18799.999
 0.319840   156260.0156    0.389709    8.3819e+01       2.5000    1.1042e+04    0.315125     1140.4902         0.2473      1140.4902     16501.0684       0.5699     4.8000e-14      18799.999
 0.319860   156280.0156    0.389762    3.9332e+02       2.5000    1.6251e+04    0.682628     1139.3008         0.2471      1139.3008     16501.0684       0.5700     4.8000e-14      18799.999
 0.321080   157500.0000    0.391414    5.3692e+00       2.5000    5.5550e+03    0.079757     1108.8745         0.2939      1108.8745     16501.0684       0.5213     4.8000e-14      18799.999
 0.322580   159000.0000    0.393214    7.3981e+00       2.5000    6.0185e+03    0.093621     1073.0957         0.3569      1073.0957     16501.0684       0.4564     4.8000e-14      18799.999
 0.324080   160500.0000    0.395237    8.0850e+00       2.5000    6.1536e+03    0.097871      947.2148         0.3431       947.2148     16501.0684       0.4679     4.8000e-14      18799.999
 0.325580   162000.0000    0.396669    3.8114e+00       2.5000    5.0989e+03    0.067198      841.1406         0.3405       841.1406     16501.0684       0.4689     4.8000e-14      18799.999
 0.327080   163500.0000    0.397164    3.1470e+00       2.5000    4.8605e+03    0.061060      766.4941         0.3557       766.4941     16501.0684       0.4532     4.8000e-14      18799.999
 0.328520   164940.0000    0.402690    9.0303e+01       2.5000    1.1249e+04    0.327087      690.2988         0.3548       690.2988     16501.0684       0.4479     4.8000e-14      18799.999
 0.328560   164979.9844    0.402901    3.2460e+02       2.5047    1.5475e+04    0.620133      688.1309         0.3546       688.1309     16501.0684       0.4479     4.8000e-14      18799.999
 0.328580   164999.9844    0.403007    1.5296e+02       2.5105    1.2807e+04    0.425701      687.0469         0.3545       687.0469     16501.0684       0.4479     4.8000e-14      18799.999
 0.328580   165000.0000    0.403007    1.5296e+02       2.5105    1.2807e+04    0.425701      687.0469         0.3545       687.0469     16501.0684       0.4479     4.8000e-14      18799.999
 0.328680   165100.0156    0.403535    6.8051e+01       2.5207    1.0438e+04    0.283942      681.6250         0.3540       681.6250     16501.0684       0.4478     4.8000e-14      18799.999
 0.328780   165200.0000    0.404063    4.9440e+01       2.5268    9.6253e+03    0.242020      676.2051         0.3535       676.2051     16501.0684       0.4477     4.8000e-14      18799.999
 0.328940   165360.0000    0.404908    3.6602e+01       2.5341    8.9154e+03    0.208242      667.5312         0.3527       667.5312     16501.0684       0.4476     4.8000e-14      18799.999
 0.329160   165580.0000    0.406070    5.7352e+01       2.5366    9.9698e+03    0.260667      655.6055         0.3516       655.6055     16501.0684       0.4474     4.8000e-14      18799.999
 0.329180   165600.0000    0.406175    5.2017e+01       2.5378    9.7271e+03    0.248248      654.5215         0.3515       654.5215     16501.0684       0.4474     4.8000e-14      18799.999
 0.329200   165620.0000    0.406281    3.8495e+01       2.5389    9.0200e+03    0.213557      653.4375         0.3513       653.4375     16501.0684       0.4474     4.8000e-14      18799.999
 0.330080   166500.0000    0.410682    2.5957e+00       2.5442    4.5916e+03    0.055455      624.5664         0.3468       624.5664     16501.0684       0.4471     4.8000e-14      18799.999
 0.331580   168000.0000    0.413992    3.2372e+00       2.5461    4.8504e+03    0.061929      896.4961         0.3368       896.4961     16501.0684       0.4534     4.8000e-14      18799.999
 0.331660   168080.0000    0.414168    5.3077e+01       2.5467    9.7592e+03    0.250764      910.9961         0.3362       910.9961     16501.0684       0.4537     4.8000e-14      18799.999
 0.331880   168300.0000    0.414653    6.0395e+01       2.5494    1.0074e+04    0.267493      950.8789         0.3348       950.8789     16501.0684       0.4547     4.8000e-14      18799.999
 0.331920   168340.0000    0.414742    9.7111e+01       2.5529    1.1337e+04    0.339193      958.1328         0.3345       958.1328     16501.0684       0.4548     4.8000e-14      18799.999
 0.331980   168399.9844    0.414874    7.6974e+01       2.5588    1.0684e+04    0.301985      969.0078         0.3341       969.0078     16501.0684       0.4551     4.8000e-14      18799.999
 0.332000   168419.9844    0.414918    6.0555e+01       2.5603    1.0059e+04    0.267847      972.6328         0.3340       972.6328     16501.0684       0.4552     4.8000e-14      18799.999
 0.332020   168440.0156    0.414962    4.7132e+01       2.5615    9.4462e+03    0.236304      976.2617         0.3338       976.2617     16501.0684       0.4553     4.8000e-14      18799.999
 0.332820   169240.0000    0.416367    3.7206e+01       2.5680    8.8927e+03    0.209952     1055.1328         0.3195      1055.1328     16501.0684       0.4680     4.8000e-14      18799.999
 0.332840   169260.0000    0.416389    3.8692e+01       2.5688    8.9788e+03    0.214104     1054.6240         0.3188      1054.6240     16501.0684       0.4687     4.8000e-14      18799.999
 0.332860   169279.9844    0.416410    3.8345e+01       2.5696    8.9572e+03    0.213141     1054.1143         0.3182      1054.1143     16501.0684       0.4693     4.8000e-14      18799.999
 0.333080   169500.0000    0.416648    6.4341e+00       2.5729    5.7291e+03    0.087308     1048.5127         0.3105      1048.5127     16501.0684       0.4767     4.8000e-14      18799.999
 0.334580   171000.0000    0.418270    2.7859e+00       2.5771    4.6436e+03    0.057451     1010.3213         0.2584      1010.3213     16501.0684       0.5270     4.8000e-14      18799.999
 0.336080   172500.0000    0.419148    2.4480e+00       2.5806    4.4928e+03    0.053854      624.9844         0.2109       624.9844     16501.0684       0.5736     4.8000e-14      18799.999
 0.337580   174000.0000    0.419745    4.1015e+00       2.5822    5.1100e+03    0.069708      132.3362         0.1676       132.3362     16501.0684       0.6162     4.8000e-14      18799.999
 0.339080   175500.0000    0.420480    3.6736e+00       2.5853    4.9682e+03    0.065972      131.1199         0.1694       131.1199     16501.0684       0.6136     4.8000e-14      18799.999
 0.340580   177000.0000    0.421264    3.1044e+00       2.5882    4.7607e+03    0.060645      129.0057         0.1719       129.0057     16501.0684       0.6102     4.8000e-14      18799.999
 0.342080   178500.0000    0.422126    8.2247e+00       2.5920    6.0693e+03    0.098712      125.4669         0.1758       125.4669     16501.0684       0.6054     4.8000e-14      18799.999
 0.343580   180000.0000    0.423452    3.4224e+00       2.5964    4.8705e+03    0.063676      180.0625         0.1811       180.0625     16501.0684       0.5986     4.8000e-14      18799.999
 0.344520   180940.0000    0.424397    3.3309e+01       2.6009    8.5951e+03    0.198652      228.4414         0.1848       228.4414     16501.0684       0.5938     4.8000e-14      18799.999
 0.344540   180960.0000    0.424417    4.0987e+01       2.6017    9.0513e+03    0.220361      229.4707         0.1849       229.4707     16501.0684       0.5937     4.8000e-14      18799.999
 0.344560   180980.0000    0.424437    3.7028e+01       2.6025    8.8229e+03    0.209449      230.5000         0.1850       230.5000     16501.0684       0.5936     4.8000e-14      18799.999
 0.345080   181500.0000    0.425052    3.6817e+00       2.6037    4.9533e+03    0.066045      249.2832         0.1862       249.2832     16501.0684       0.5916     4.8000e-14      18799.999
 0.345800   182220.0156    0.426607    3.4145e+01       2.6053    8.6412e+03    0.201129      214.5078         0.1821       214.5078     16501.0684       0.5941     4.8000e-14      18799.999
 0.346260   182680.0156    0.427600    3.9857e+01       2.6088    8.9760e+03    0.217301      192.2891         0.1794       192.2891     16501.0684       0.5956     4.8000e-14      18799.999
 0.346300   182720.0156    0.427687    1.5501e+01       2.6103    7.0863e+03    0.135516      190.3574         0.1792       190.3574     16501.0684       0.5958     4.8000e-14      18799.999
 0.346320   182740.0000    0.427730    2.5629e+01       2.6107    8.0349e+03    0.174252      189.3926         0.1791       189.3926     16501.0684       0.5958     4.8000e-14      18799.999
 0.346340   182760.0000    0.427773    5.5815e+01       2.6112    9.7598e+03    0.257151      188.4258         0.1790       188.4258     16501.0684       0.5959     4.8000e-14      18799.999
 0.346360   182780.0000    0.427816    3.5516e+01       2.6123    8.7151e+03    0.205129      187.4609         0.1789       187.4609     16501.0684       0.5960     4.8000e-14      18799.999
 0.346580   183000.0000    0.428291    3.9589e+01       2.6139    8.9522e+03    0.216572      176.8359         0.1776       176.8359     16501.0684       0.5967     4.8000e-14      18799.999
 0.346580   183000.0000    0.428291    3.9589e+01       2.6139    8.9522e+03    0.216572      176.8359         0.1776       176.8359     16501.0684       0.5967     4.8000e-14      18799.999
 0.346600   183020.0000    0.428334    5.5255e+01       2.6150    9.7283e+03    0.255858      175.8691         0.1775       175.8691     16501.0684       0.5968     4.8000e-14      18799.999
 0.346620   183039.9844    0.428378    5.2574e+01       2.6162    9.6059e+03    0.249574      174.9043         0.1774       174.9043     16501.0684       0.5968     4.8000e-14      18799.999
 0.346640   183059.9844    0.428421    4.5553e+01       2.6173    9.2658e+03    0.232312      173.9375         0.1772       173.9375     16501.0684       0.5969     4.8000e-14      18799.999
 0.346660   183079.9844    0.428464    6.4515e+01       2.6183    1.0106e+04    0.276468      172.9727         0.1771       172.9727     16501.0684       0.5970     4.8000e-14      18799.999
 0.348080   184500.0000    0.430501    2.5383e+00       2.6267    4.4937e+03    0.054838      128.0085         0.1730       128.0085     16501.0684       0.5988     4.8000e-14      18799.999
 0.349580   186000.0000    0.431078    2.8781e+00       2.6297    4.6345e+03    0.058394      116.6489         0.1750       116.6489     16501.0684       0.5962     4.8000e-14      18799.999
 0.351080   187500.0000    0.431871    4.2432e+00       2.6324    5.1041e+03    0.070902      128.1714         0.1776       128.1714     16501.0684       0.5927     4.8000e-14      18799.999
 0.352540   188959.9844    0.432735    3.3478e+01       2.6373    8.5465e+03    0.199155      147.6159         0.1803       147.6159     16501.0684       0.5890     4.8000e-14      18799.999
 0.352560   188980.0156    0.432751    4.0279e+01       2.6380    8.9496e+03    0.218450      147.6719         0.1803       147.6719     16501.0684       0.5890     4.8000e-14      18799.999
 0.352580   189000.0000    0.432767    5.0094e+01       2.6390    9.4494e+03    0.243616      147.7278         0.1803       147.7278     16501.0684       0.5890     4.8000e-14      18799.999
 0.352580   189000.0156    0.432767    5.0094e+01       2.6390    9.4494e+03    0.243616      147.7278         0.1803       147.7278     16501.0684       0.5890     4.8000e-14      18799.999
 0.354080   190500.0000    0.433965    2.6066e+00       2.6444    4.5085e+03    0.055571      151.9218         0.1800       151.9218     16501.0684       0.5880     4.8000e-14      18799.999
 0.355580   192000.0000    0.434830    2.6685e+00       2.6447    4.5348e+03    0.056227      173.0205         0.1811       173.0205     16501.0684       0.5859     4.8000e-14      18799.999
 0.357080   193500.0000    0.435166    2.7554e+00       2.6461    4.5700e+03    0.057136      220.9336         0.1848       220.9336     16501.0684       0.5819     4.8000e-14      18799.999
 0.358580   195000.0000    0.435688    2.7213e+00       2.6481    4.5541e+03    0.056781      199.8506         0.1824       199.8506     16501.0684       0.5837     4.8000e-14      18799.999
 0.360080   196500.0000    0.436429    4.1967e+00       2.6511    5.0721e+03    0.070513      153.7222         0.1776       153.7222     16501.0684       0.5876     4.8000e-14      18799.999
 0.361140   197560.0156    0.438788    3.6536e+01       2.6540    8.7077e+03    0.208052      143.4954         0.1739       143.4954     16501.0684       0.5887     4.8000e-14      18799.999
 0.361160   197580.0156    0.438833    6.8245e+01       2.6549    1.0178e+04    0.284347      143.3022         0.1738       143.3022     16501.0684       0.5887     4.8000e-14      18799.999
 0.361200   197620.0000    0.438922    1.2586e+02       2.6578    1.1855e+04    0.386157      142.9165         0.1737       142.9165     16501.0684       0.5887     4.8000e-14      18799.999
 0.361220   197640.0000    0.438966    3.0327e+02       2.6628    1.4756e+04    0.599411      142.7236         0.1736       142.7236     16501.0684       0.5887     4.8000e-14      18799.999
 0.361240   197660.0000    0.439011    1.7553e+02       2.6680    1.2858e+04    0.456026      142.5305         0.1735       142.5305     16501.0684       0.5888     4.8000e-14      18799.999
 0.361260   197680.0000    0.439055    1.0902e+02       2.6711    1.1408e+04    0.359382      142.3376         0.1735       142.3376     16501.0684       0.5888     4.8000e-14      18799.999
 0.361580   198000.0000    0.439767    6.0560e+00       2.6730    5.5364e+03    0.084705      139.2502         0.1724       139.2502     16501.0684       0.5891     4.8000e-14      18799.999
 0.363080   199500.0000    0.441998    2.7999e+00       2.6743    4.5641e+03    0.057595      140.0581         0.1719       140.0581     16501.0684       0.5858     4.8000e-14      18799.999
 0.364180   200600.0000    0.442346    4.0119e+01       2.6760    8.8771e+03    0.218015      158.4253         0.1772       158.4253     16501.0684       0.5780     4.8000e-14      18799.999
 0.364580   201000.0000    0.442472    2.9237e+00       2.6775    4.6110e+03    0.058855      165.1040         0.1792       165.1040     16501.0684       0.5752     4.8000e-14      18799.999
 0.366080   202500.0000    0.443088    2.6360e+00       2.6804    4.4907e+03    0.055884      168.7532         0.1827       168.7532     16501.0684       0.5679     4.8000e-14      18799.999
 0.367580   204000.0000    0.443805    2.6237e+00       2.6822    4.4840e+03    0.055753      163.1167         0.1847       163.1167     16501.0684       0.5621     4.8000e-14      18799.999
 0.368360   204780.0156    0.444619    2.9145e+01       2.6854    8.1811e+03    0.185822      151.2856         0.1854       151.2856     16501.0684       0.5597     4.8000e-14      18799.999
 0.368380   204800.0156    0.444640    3.2495e+01       2.6860    8.4057e+03    0.196209      150.9824         0.1854       150.9824     16501.0684       0.5596     4.8000e-14      18799.999
 0.368400   204820.0156    0.444661    3.4120e+01       2.6867    8.5079e+03    0.201056      150.6792         0.1854       150.6792     16501.0684       0.5596     4.8000e-14      18799.999
 0.368420   204840.0000    0.444682    4.0887e+01       2.6875    8.9003e+03    0.220093      150.3755         0.1854       150.3755     16501.0684       0.5595     4.8000e-14      18799.999
 0.368440   204860.0000    0.444703    2.8944e+01       2.6881    8.1629e+03    0.185180      150.0723         0.1854       150.0723     16501.0684       0.5594     4.8000e-14      18799.999
 0.369080   205500.0000    0.445370    1.6230e+01       2.6896    7.0617e+03    0.138665      140.3652         0.1860       140.3652     16501.0684       0.5575     4.8000e-14      18799.999
 0.369140   205560.0000    0.445433    2.8457e+01       2.6908    8.1243e+03    0.183616      139.4551         0.1860       139.4551     16501.0684       0.5573     4.8000e-14      18799.999
 0.370580   207000.0000    0.448635    2.6708e+00       2.6930    4.4948e+03    0.056251      131.3042         0.1863       131.3042     16501.0684       0.5520     4.8000e-14      18799.999
 0.372080   208500.0000    0.454595    2.7578e+00       2.6939    4.5303e+03    0.057160      143.9602         0.1852       143.9602     16501.0684       0.5453     4.8000e-14      18799.999
 0.372300   208720.0000    0.455469    6.4580e+01       2.6957    9.9624e+03    0.276606      145.8164         0.1850       145.8164     16501.0684       0.5443     4.8000e-14      18799.999
 0.372460   208880.0156    0.456105    6.8640e+02       2.7138    1.7928e+04    0.901784      147.1663         0.1849       147.1663     16501.0684       0.5436     4.8000e-14      18799.999
 0.372500   208920.0000    0.456264    2.0208e+02       2.7344    1.3156e+04    0.489300      147.5040         0.1849       147.5040     16501.0684       0.5434     4.8000e-14      18799.999
 0.372520   208940.0000    0.456499    8.4211e+01       2.7378    1.0564e+04    0.315861      147.0781         0.1842       147.0781     16501.0684       0.5438     4.8000e-14      18799.999
 0.372580   208999.9844    0.457202    2.7739e+01       2.7411    7.9981e+03    0.181284      145.8013         0.1819       145.8013     16501.0684       0.5453     4.8000e-14      18799.999
 0.372600   209019.9844    0.457437    1.7834e+02       2.7426    1.2732e+04    0.459665      145.3755         0.1812       145.3755     16501.0684       0.5457     4.8000e-14      18799.999
 0.372620   209039.9844    0.457671    7.3269e+01       2.7454    1.0188e+04    0.294626      144.9497         0.1805       144.9497     16501.0684       0.5462     4.8000e-14      18799.999
 0.372640   209060.0156    0.457906    1.9463e+01       2.7463    7.3132e+03    0.151850      144.5234         0.1797       144.5234     16501.0684       0.5467     4.8000e-14      18799.999
 0.372660   209080.0156    0.458141    4.1374e+01       2.7467    8.8299e+03    0.221399      144.0981         0.1790       144.0981     16501.0684       0.5471     4.8000e-14      18799.999
 0.372960   209380.0000    0.461659    8.4633e+01       2.7489    1.0556e+04    0.316653      137.7119         0.1679       137.7119     16501.0684       0.5542     4.8000e-14      18799.999
 0.372980   209400.0000    0.461894    3.2199e+02       2.7518    1.4734e+04    0.617642      137.2861         0.1672       137.2861     16501.0684       0.5547     4.8000e-14      18799.999
 0.373020   209439.9844    0.462363    1.6880e+02       2.7622    1.2514e+04    0.447195      136.4351         0.1657       136.4351     16501.0684       0.5556     4.8000e-14      18799.999
 0.373080   209499.9844    0.463067    9.4912e+01       2.7737    1.0814e+04    0.335331      135.1577         0.1635       135.1577     16501.0684       0.5570     4.8000e-14      18799.999
 0.373120   209540.0156    0.463536    1.3437e+01       2.7761    6.6302e+03    0.126171      134.3062         0.1620       134.3062     16501.0684       0.5579     4.8000e-14      18799.999
 0.373180   209600.0000    0.464240    4.2440e+02       2.7884    1.5683e+04    0.709089      133.0288         0.1598       133.0288     16501.0684       0.5593     4.8000e-14      18799.999
 0.373200   209620.0000    0.464474    1.8117e+02       2.7950    1.2662e+04    0.463291      132.6030         0.1591       132.6030     16501.0684       0.5598     4.8000e-14      18799.999
 0.373220   209640.0000    0.464708    2.1806e+01       2.7975    7.4548e+03    0.160730      132.1777         0.1584       132.1777     16501.0684       0.5603     4.8000e-14      18799.999
 0.373300   209719.9844    0.465647    3.1376e+02       2.8019    1.4508e+04    0.609698      130.4746         0.1554       130.4746     16501.0684       0.5622     4.8000e-14      18799.999
 0.373320   209740.0156    0.465881    7.8334e+01       2.8072    1.0245e+04    0.304641      130.0483         0.1547       130.0483     16501.0684       0.5626     4.8000e-14      18799.999
 0.373340   209760.0156    0.466116    3.0245e+01       2.8086    8.0741e+03    0.189296      129.6226         0.1539       129.6226     16501.0684       0.5631     4.8000e-14      18799.999
 0.373360   209780.0156    0.466351    2.1955e+01       2.8096    7.4514e+03    0.161279      129.1973         0.1532       129.1973     16501.0684       0.5636     4.8000e-14      18799.999
 0.373380   209800.0156    0.466585    3.2243e+01       2.8100    8.2023e+03    0.195449      128.7715         0.1525       128.7715     16501.0684       0.5640     4.8000e-14      18799.999
 0.373520   209939.9844    0.468227    3.8057e+01       2.8112    8.5475e+03    0.212339      125.7915         0.1473       125.7915     16501.0684       0.5673     4.8000e-14      18799.999
 0.373540   209960.0156    0.468462    2.8272e+01       2.8119    7.9345e+03    0.183018      125.3652         0.1466       125.3652     16501.0684       0.5678     4.8000e-14      18799.999
 0.373580   210000.0000    0.468931    5.6736e+00       2.8127    5.3098e+03    0.081986      124.5142         0.1451       124.5142     16501.0684       0.5687     4.8000e-14      18799.999
 0.373760   210180.0156    0.471042    1.0289e+02       2.8155    1.0952e+04    0.349145      120.6821         0.1385       120.6821     16501.0684       0.5730     4.8000e-14      18799.999
 0.373820   210240.0156    0.471745    4.3718e+01       2.8196    8.8359e+03    0.227585      119.4053         0.1362       119.4053     16501.0684       0.5744     4.8000e-14      18799.999
 0.373900   210320.0000    0.472684    1.9217e+01       2.8218    7.1917e+03    0.150888      117.7021         0.1333       117.7021     16501.0684       0.5763     4.8000e-14      18799.999
 0.374060   210480.0000    0.474560    1.2288e+02       2.8257    1.1428e+04    0.381550      114.2964         0.1274       114.2964     16501.0684       0.5800     4.8000e-14      18799.999
 0.374080   210500.0000    0.474795    4.6444e+01       2.8267    8.9592e+03    0.234573      113.8706         0.1267       113.8706     16501.0684       0.5805     4.8000e-14      18799.999
 0.374120   210540.0000    0.475264    5.4704e+01       2.8285    9.3306e+03    0.254580      113.0190         0.1252       113.0190     16501.0684       0.5814     4.8000e-14      18799.999
 0.374420   210839.9844    0.478783    2.7972e+01       2.8334    7.8832e+03    0.182042      106.6333         0.1141       106.6333     16501.0684       0.5885     4.8000e-14      18799.999
 0.374500   210920.0156    0.479721    8.0757e+01       2.8356    1.0272e+04    0.309316      104.9302         0.1112       104.9302     16501.0684       0.5903     4.8000e-14      18799.999
 0.374540   210960.0000    0.480190    1.3135e+02       2.8397    1.1592e+04    0.394477      104.0786         0.1097       104.0786     16501.0684       0.5913     4.8000e-14      18799.999
 0.374600   211019.9844    0.480894    8.5574e+01       2.8432    1.0408e+04    0.318408      102.8018         0.1075       102.8018     16501.0684       0.5927     4.8000e-14      18799.999
 0.374700   211120.0156    0.482067    2.8487e+01       2.8491    7.8973e+03    0.183711      100.6724         0.1038       100.6724     16501.0684       0.5950     4.8000e-14      18799.999
 0.374900   211320.0156    0.484412    3.0974e+01       2.8514    8.0612e+03    0.191563       96.4150         0.0965        96.4150     16501.0684       0.5997     4.8000e-14      18799.999
 0.374940   211360.0156    0.484881    5.5057e+01       2.8527    9.3058e+03    0.255398       95.5635         0.0950        95.5635     16501.0684       0.6007     4.8000e-14      18799.999
 0.375080   211499.9844    0.485836    1.0158e+02       2.8595    1.0832e+04    0.346906      108.7891         0.0924       108.7891     16501.0684       0.6022     4.8000e-14      18799.999
 0.375080   211500.0000    0.485836    1.0158e+02       2.8595    1.0832e+04    0.346906      108.7891         0.0924       108.7891     16501.0684       0.6022     4.8000e-14      18799.999
 0.375100   211519.9844    0.485898    4.2399e+01       2.8615    8.7040e+03    0.224126      112.4141         0.0923       112.4141     16501.0684       0.6022     4.8000e-14      18799.999
 0.375180   211600.0156    0.486149    3.5252e+01       2.8662    8.3047e+03    0.204365      126.9297         0.0919       126.9297     16501.0684       0.6022     4.8000e-14      18799.999
 0.375340   211760.0156    0.486650    2.9326e+01       2.8691    7.9271e+03    0.186396      155.9375         0.0911       155.9375     16501.0684       0.6024     4.8000e-14      18799.999
 0.375480   211900.0000    0.487089    2.8287e+01       2.8721    7.8519e+03    0.183064      181.3203         0.0905       181.3203     16501.0684       0.6025     4.8000e-14      18799.999
 0.375500   211919.9844    0.487152    2.4786e+01       2.8725    7.5962e+03    0.171362      184.9453         0.0904       184.9453     16501.0684       0.6025     4.8000e-14      18799.999
 0.375540   211959.9844    0.487277    4.3537e+01       2.8729    8.7444e+03    0.227114      192.2031         0.0902       192.2031     16501.0684       0.6025     4.8000e-14      18799.999
 0.375560   211979.9844    0.487340    4.8771e+01       2.8742    8.9941e+03    0.240376      195.8281         0.0901       195.8281     16501.0684       0.6025     4.8000e-14      18799.999
 0.375600   212020.0156    0.487465    3.5669e+01       2.8766    8.3140e+03    0.205569      203.0859         0.0899       203.0859     16501.0684       0.6026     4.8000e-14      18799.999
 0.376580   213000.0000    0.490536    6.4794e+00       2.8862    5.4187e+03    0.087616      380.7812         0.0852       380.7812     16501.0684       0.6033     4.8000e-14      18799.999
 0.378080   214500.0000    0.493746    5.2159e+00       2.8907    5.1287e+03    0.078610      449.8828         0.0766       449.8828     16501.0684       0.6077     4.8000e-14      18799.999
 0.379580   216000.0000    0.494590    6.0636e+00       2.8936    5.3228e+03    0.084757      197.1719         0.0658       197.1719     16501.0684       0.6169     4.8000e-14      18799.999
 0.381080   217500.0000    0.495691    6.5154e+00       2.8992    5.4140e+03    0.087859      127.2603         0.0630       127.2603     16501.0684       0.6180     4.8000e-14      18799.999
 0.382580   219000.0000    0.496894    4.4630e+00       2.9035    4.9218e+03    0.072715      133.2930         0.0640       133.2930     16501.0684       0.6151     4.8000e-14      18799.999
 0.384080   220500.0000    0.498122    7.4747e+00       2.9082    5.5946e+03    0.094104      225.4805         0.0771       225.4805     16501.0684       0.6002     4.8000e-14      18799.999
 0.385580   222000.0000    0.499496    7.9474e+00       2.9144    5.6749e+03    0.097034      272.6665         0.0832       272.6665     16501.0684       0.5921     4.8000e-14      18799.999
 0.387080   223500.0000    0.501100    6.9363e+00       2.9218    5.4782e+03    0.090652      248.4688         0.0784       248.4688     16501.0684       0.5947     4.8000e-14      18799.999
 0.388580   225000.0000    0.502057    5.0921e+00       2.9253    5.0677e+03    0.077671      238.5204         0.0787       238.5204     16501.0684       0.5930     4.8000e-14      18799.999
 0.390080   226500.0000    0.502756    5.7020e+00       2.9282    5.2105e+03    0.082192      236.4482         0.0810       236.4482     16501.0684       0.5894     4.8000e-14      18799.999
 0.391580   228000.0000    0.503353    4.3500e+00       2.9312    4.8672e+03    0.071789      275.8262         0.0870       275.8262     16501.0684       0.5825     4.8000e-14      18799.999
 0.393080   229500.0000    0.503876    4.4098e+00       2.9328    4.8825e+03    0.072281      314.1357         0.0939       314.1357     16501.0684       0.5746     4.8000e-14      18799.999
 0.394580   231000.0000    0.504279    4.2622e+00       2.9345    4.8397e+03    0.071060      350.7529         0.1024       350.7529     16501.0684       0.5653     4.8000e-14      18799.999
 0.396080   232500.0000    0.504829    4.6222e+00       2.9364    4.9372e+03    0.074001      321.3750         0.1003       321.3750     16501.0684       0.5664     4.8000e-14      18799.999
 0.397580   234000.0000    0.505446    5.6419e+00       2.9394    5.1869e+03    0.081757      274.3359         0.0951       274.3359     16501.0684       0.5707     4.8000e-14      18799.999
 0.399080   235500.0000    0.506247    4.9779e+00       2.9436    5.0234e+03    0.076795      369.4551         0.1078       369.4551     16501.0684       0.5568     4.8000e-14      18799.999
 0.400580   237000.0000    0.506952    4.2067e+00       2.9453    4.8150e+03    0.070596      439.1147         0.1165       439.1147     16501.0684       0.5469     4.8000e-14      18799.999
 0.402080   238500.0000    0.507504    5.1236e+00       2.9477    5.0563e+03    0.077911      468.3945         0.1189       468.3945     16501.0684       0.5436     4.8000e-14      18799.999
 0.403580   240000.0000    0.507992    4.2226e+00       2.9505    4.8153e+03    0.070730      388.8320         0.1070       388.8320     16501.0684       0.5545     4.8000e-14      18799.999
 0.405080   241500.0000    0.508509    4.8344e+00       2.9519    4.9798e+03    0.075680      272.6775         0.0905       272.6775     16501.0684       0.5698     4.8000e-14      18799.999
 0.406580   243000.0000    0.510015    7.0034e+00       2.9568    5.4587e+03    0.091089      258.1682         0.0938       258.1682     16501.0684       0.5641     4.8000e-14      18799.999
 0.408080   244500.0000    0.511501    8.3306e+00       2.9656    5.6923e+03    0.099346      241.7700         0.0911       241.7700     16501.0684       0.5644     4.8000e-14      18799.999
 0.409580   246000.0000    0.512954    5.5566e+00       2.9714    5.1392e+03    0.081136      222.3765         0.0789       222.3765     16501.0684       0.5742     4.8000e-14      18799.999
 0.411080   247500.0000    0.513887    5.1987e+00       2.9745    5.0517e+03    0.078480      232.5845         0.0833       232.5845     16501.0684       0.5678     4.8000e-14      18799.999
 0.412580   249000.0000    0.514656    4.7411e+00       2.9775    4.9342e+03    0.074946      254.6450         0.0938       254.6450     16501.0684       0.5555     4.8000e-14      18799.999
 0.414080   250500.0000    0.516091    8.1677e+00       2.9829    5.6479e+03    0.098370      282.7441         0.0987       282.7441     16501.0684       0.5481     4.8000e-14      18799.999
 0.415580   252000.0000    0.517989    1.7048e+01       2.9919    6.7783e+03    0.142120      289.1138         0.1005       289.1138     16501.0684       0.5432     4.8000e-14      18799.999
 0.415640   252060.0000    0.518094    2.1757e+01       2.9929    7.2033e+03    0.160552      287.9897         0.1004       287.9897     16501.0684       0.5431     4.8000e-14      18799.999
 0.417080   253500.0000    0.520620    5.4987e+00       3.0038    5.0981e+03    0.080713      261.0142         0.0975       261.0142     16501.0684       0.5422     4.8000e-14      18799.999
 0.418580   255000.0000    0.522171    6.4473e+00       3.0097    5.2998e+03    0.087398      295.0010         0.1133       295.0010     16501.0684       0.5237     4.8000e-14      18799.999
 0.420080   256500.0000    0.523300    5.8982e+00       3.0137    5.1797e+03    0.083594      351.7041         0.1354       351.7041     16501.0684       0.4995     4.8000e-14      18799.999
 0.421580   258000.0000    0.524398    4.5645e+00       3.0200    4.8531e+03    0.073537      382.9941         0.1384       382.9941     16501.0684       0.4943     4.8000e-14      18799.999
 0.423080   259500.0000    0.525299    4.3468e+00       3.0220    4.7926e+03    0.071763      435.9199         0.1411       435.9199     16501.0684       0.4896     4.8000e-14      18799.999
 0.424580   261000.0000    0.525889    4.1666e+00       3.0247    4.7401e+03    0.070259      523.1699         0.1435       523.1699     16501.0684       0.4857     4.8000e-14      18799.999
 0.426080   262500.0000    0.526340    4.9891e+00       3.0268    4.9567e+03    0.076882      407.6992         0.1269       407.6992     16501.0684       0.5010     4.8000e-14      18799.999
 0.427580   264000.0000    0.526760    3.3079e+00       3.0280    4.4718e+03    0.062602      225.8936         0.1042       225.8936     16501.0684       0.5223     4.8000e-14      18799.999
 0.428080   264500.0000    0.527027    2.9560e+01       3.0284    7.7312e+03    0.187140      239.3164         0.1050       239.3164     16501.0684       0.5210     4.8000e-14      18799.999
 0.429080   265500.0000    0.527561    6.2204e+00       3.0320    5.2332e+03    0.085846      266.1631         0.1065       266.1631     16501.0684       0.5183     4.8000e-14      18799.999
 0.430580   267000.0000    0.528637    8.8846e+00       3.0355    5.7177e+03    0.102597      273.7148         0.1045       273.7148     16501.0684       0.5184     4.8000e-14      18799.999
 0.432080   268500.0000    0.530151    6.1997e+00       3.0428    5.2196e+03    0.085703      229.3643         0.0954       229.3643     16501.0684       0.5249     4.8000e-14      18799.999
 0.433580   270000.0000    0.530965    4.3653e+00       3.0462    4.7786e+03    0.071915      216.9460         0.0936       216.9460     16501.0684       0.5249     4.8000e-14      18799.999
 0.435080   271500.0000    0.531490    3.7130e+00       3.0479    4.5879e+03    0.066325      216.6321         0.0945       216.6321     16501.0684       0.5223     4.8000e-14      18799.999
 0.436580   273000.0000    0.531741    3.5455e+00       3.0490    4.5344e+03    0.064812      210.7437         0.0937       210.7437     16501.0684       0.5212     4.8000e-14      18799.999
 0.438080   274500.0000    0.531979    3.4577e+00       3.0499    4.5054e+03    0.064004      208.6382         0.0941       208.6382     16501.0684       0.5188     4.8000e-14      18799.999
 0.439580   276000.0000    0.532198    3.5172e+00       3.0508    4.5240e+03    0.064552      212.5334         0.0963       212.5334     16501.0684       0.5146     4.8000e-14      18799.999
 0.441080   277500.0000    0.532481    3.6420e+00       3.0519    4.5628e+03    0.065688      221.0264         0.0980       221.0264     16501.0684       0.5109     4.8000e-14      18799.999
 0.442580   279000.0000    0.532796    3.8779e+00       3.0533    4.6338e+03    0.067782      230.3169         0.0993       230.3169     16501.0684       0.5076     4.8000e-14      18799.999
 0.444080   280500.0000    0.533240    4.0770e+00       3.0551    4.6908e+03    0.069500      222.0291         0.0973       222.0291     16501.0684       0.5076     4.8000e-14      18799.999
 0.445580   282000.0000    0.533691    4.0803e+00       3.0571    4.6903e+03    0.069528      224.4453         0.0979       224.4453     16501.0684       0.5050     4.8000e-14      18799.999
 0.447080   283500.0000    0.534150    3.9958e+00       3.0590    4.6643e+03    0.068804      243.8389         0.1026       243.8389     16501.0684       0.4983     4.8000e-14      18799.999
 0.448580   285000.0000    0.534494    3.5216e+00       3.0605    4.5182e+03    0.064593      244.3973         0.1048       244.3973     16501.0684       0.4944     4.8000e-14      18799.999
 0.450080   286500.0000    0.534787    3.3535e+00       3.0616    4.4625e+03    0.063032      244.5000         0.1071       244.5000     16501.0684       0.4905     4.8000e-14      18799.999
 0.451580   288000.0000    0.534978    3.2428e+00       3.0624    4.4246e+03    0.061983      366.4219         0.1284       366.4219     16501.0684       0.4677     4.8000e-14      18799.999
 0.453080   289500.0000    0.535209    3.4003e+00       3.0633    4.4768e+03    0.063470      401.3125         0.1346       401.3125     16501.0684       0.4599     4.8000e-14      18799.999
 0.454580   291000.0000    0.535505    3.6584e+00       3.0645    4.5585e+03    0.065835      298.1484         0.1168       298.1484     16501.0684       0.4761     4.8000e-14      18799.999
 0.456080   292500.0000    0.535779    3.5207e+00       3.0661    4.5138e+03    0.064585      265.7286         0.1128       265.7286     16501.0684       0.4786     4.8000e-14      18799.999
 0.457580   294000.0000    0.536043    3.1454e+00       3.0668    4.3878e+03    0.061045      259.2529         0.1135       259.2529     16501.0684       0.4763     4.8000e-14      18799.999
 0.459080   295500.0000    0.536278    3.0593e+00       3.0681    4.3566e+03    0.060204      224.9805         0.1035       224.9805     16501.0684       0.4848     4.8000e-14      18799.999
 0.460580   297000.0000    0.536567    3.5301e+00       3.0689    4.5148e+03    0.064670      209.3579         0.1000       209.3579     16501.0684       0.4867     4.8000e-14      18799.999
 0.462080   298500.0000    0.536940    3.7365e+00       3.0706    4.5781e+03    0.066534      223.3174         0.1069       223.3174     16501.0684       0.4781     4.8000e-14      18799.999
 0.463580   300000.0000    0.537223    3.1359e+00       3.0719    4.3809e+03    0.060952      231.8770         0.1099       231.8770     16501.0684       0.4735     4.8000e-14      18799.999
 0.465080   301500.0000    0.537469    3.1519e+00       3.0728    4.3859e+03    0.061108      237.7605         0.1111       237.7605     16501.0684       0.4707     4.8000e-14      18799.999
 0.466580   303000.0000    0.537679    3.0172e+00       3.0738    4.3375e+03    0.059788      233.4207         0.1089       233.4207     16501.0684       0.4714     4.8000e-14      18799.999
 0.468080   304500.0000    0.537900    3.1684e+00       3.0745    4.3903e+03    0.061268      232.4371         0.1078       232.4371     16501.0684       0.4709     4.8000e-14      18799.999
 0.469580   306000.0000    0.538139    3.2369e+00       3.0756    4.4131e+03    0.061926      236.7769         0.1086       236.7769     16501.0684       0.4685     4.8000e-14      18799.999
 0.471080   307500.0000    0.538390    3.2134e+00       3.0766    4.4043e+03    0.061702      337.9180         0.1331       337.9180     16501.0684       0.4423     4.8000e-14      18799.999
 0.472580   309000.0000    0.538645    3.2507e+00       3.0777    4.4163e+03    0.062058      464.6465         0.1641       464.6465     16501.0684       0.4096     4.8000e-14      18799.999
 0.474080   310500.0000    0.538915    3.2584e+00       3.0788    4.4181e+03    0.062132      377.4941         0.1468       377.4941     16501.0684       0.4251     4.8000e-14      18799.999
 0.475580   312000.0000    0.539171    3.2104e+00       3.0799    4.4009e+03    0.061672      352.8164         0.1429       352.8164     16501.0684       0.4272     4.8000e-14      18799.999
 0.477080   313500.0000    0.539407    3.0779e+00       3.0809    4.3541e+03    0.060386      427.2285         0.1601       427.2285     16501.0684       0.4080     4.8000e-14      18799.999
 0.478580   315000.0000    0.539689    3.8999e+00       3.0819    4.6188e+03    0.067973      457.2358         0.1702       457.2358     16501.0684       0.3958     4.8000e-14      18799.999
 0.480080   316500.0000    0.539985    2.8020e+00       3.0832    4.2515e+03    0.057617      464.0254         0.1762       464.0254     16501.0684       0.3875     4.8000e-14      18799.999
 0.481580   318000.0000    0.540207    3.2400e+00       3.0840    4.4082e+03    0.061956      365.2363         0.1616       365.2363     16501.0684       0.3998     4.8000e-14      18799.999
 0.483080   319500.0000    0.540455    3.4581e+00       3.0854    4.4795e+03    0.064008      290.0391         0.1470       290.0391     16501.0684       0.4121     4.8000e-14      18799.999
 0.484580   321000.0000    0.540745    2.7881e+00       3.0866    4.2439e+03    0.057474      252.2695         0.1322       252.2695     16501.0684       0.4245     4.8000e-14      18799.999
 0.486080   322500.0000    0.541053    2.7660e+00       3.0869    4.2353e+03    0.057245      215.1602         0.1219       215.1602     16501.0684       0.4323     4.8000e-14      18799.999
 0.487580   324000.0000    0.541368    3.7589e+00       3.0890    4.5712e+03    0.066733      182.2383         0.1143       182.2383     16501.0684       0.4375     4.8000e-14      18799.999
 0.489080   325500.0000    0.541670    2.9024e+00       3.0908    4.2838e+03    0.058640      219.0918         0.1232       219.0918     16501.0684       0.4263     4.8000e-14      18799.999
 0.490580   327000.0000    0.541960    2.7098e+00       3.0911    4.2107e+03    0.056660      336.1719         0.1421       336.1719     16501.0684       0.4050     4.8000e-14      18799.999
 0.492080   328500.0000    0.542233    3.6498e+00       3.0924    4.5352e+03    0.065758      580.5000         0.1772       580.5000     16501.0684       0.3677     4.8000e-14      18799.999
 0.493580   330000.0000    0.542549    3.1193e+00       3.0941    4.3594e+03    0.060791      580.9219         0.1837       580.9219     16501.0684       0.3588     4.8000e-14      18799.999
 0.495080   331500.0000    0.542882    3.3759e+00       3.0953    4.4455e+03    0.063242      484.5547         0.1784       484.5547     16501.0684       0.3618     4.8000e-14      18799.999
 0.496580   333000.0000    0.543217    3.5067e+00       3.0968    4.4869e+03    0.064456      353.7070         0.1591       353.7070     16501.0684       0.3789     4.8000e-14      18799.999
 0.498080   334500.0000    0.543558    3.2201e+00       3.0982    4.3913e+03    0.061765      360.5547         0.1642       360.5547     16501.0684       0.3716     4.8000e-14      18799.999
 0.499580   336000.0000    0.543906    3.2454e+00       3.0996    4.3989e+03    0.062008      585.8359         0.2080       585.8359     16501.0684       0.3256     4.8000e-14      18799.999
 0.501080   337500.0000    0.544240    2.7431e+00       3.1013    4.2166e+03    0.057007      644.6194         0.2159       644.6194     16501.0684       0.3155     4.8000e-14      18799.999
 0.502580   339000.0000    0.544569    3.2649e+00       3.1024    4.4035e+03    0.062194      638.6619         0.2103       638.6619     16501.0684       0.3189     4.8000e-14      18799.999
 0.504080   340500.0000    0.544883    3.0488e+00       3.1038    4.3277e+03    0.060101      632.7908         0.2115       632.7908     16501.0684       0.3156     4.8000e-14      18799.999
 0.505580   342000.0000    0.545213    3.0561e+00       3.1049    4.3296e+03    0.060172      579.4492         0.2025       579.4492     16501.0684       0.3226     4.8000e-14      18799.999
 0.507080   343500.0000    0.545567    3.4099e+00       3.1064    4.4487e+03    0.063560      450.8125         0.1773       450.8125     16501.0684       0.3457     4.8000e-14      18799.999
 0.508580   345000.0000    0.545971    3.3582e+00       3.1081    4.4305e+03    0.063076      406.6853         0.1667       406.6853     16501.0684       0.3543     4.8000e-14      18799.999
 0.510080   346500.0000    0.546391    3.3914e+00       3.1100    4.4401e+03    0.063387      391.3301         0.1612       391.3301     16501.0684       0.3577     4.8000e-14      18799.999
 0.511580   348000.0000    0.546736    3.1275e+00       3.1114    4.3501e+03    0.060871      303.2754         0.1468       303.2754     16501.0684       0.3702     4.8000e-14      18799.999
 0.513080   349500.0000    0.547052    2.9878e+00       3.1128    4.2997e+03    0.059496      249.2690         0.1382       249.2690     16501.0684       0.3770     4.8000e-14      18799.999
 0.514580   351000.0000    0.547324    2.8375e+00       3.1139    4.2438e+03    0.057980      249.2690         0.1385       249.2690     16501.0684       0.3749     4.8000e-14      18799.999
 0.516080   352500.0000    0.547576    2.8931e+00       3.1149    4.2638e+03    0.058545      267.2373         0.1413       267.2373     16501.0684       0.3704     4.8000e-14      18799.999
 0.517580   354000.0000    0.547826    3.0753e+00       3.1159    4.3287e+03    0.060361      289.1709         0.1445       289.1709     16501.0684       0.3656     4.8000e-14      18799.999
 0.519080   355500.0000    0.548179    3.1265e+00       3.1174    4.3455e+03    0.060862      257.4482         0.1372       257.4482     16501.0684       0.3711     4.8000e-14      18799.999
 0.520580   357000.0000    0.548524    3.0670e+00       3.1188    4.3237e+03    0.060279      289.9883         0.1432       289.9883     16501.0684       0.3635     4.8000e-14      18799.999
 0.522080   358500.0000    0.548857    3.0721e+00       3.1202    4.3246e+03    0.060330      424.4570         0.1699       424.4570     16501.0684       0.3351     4.8000e-14      18799.999
 0.523580   360000.0000    0.549159    2.9595e+00       3.1216    4.2835e+03    0.059214      388.1289         0.1646       388.1289     16501.0684       0.3389     4.8000e-14      18799.999
 0.525080   361500.0000    0.549449    2.8713e+00       3.1227    4.2504e+03    0.058325      298.2891         0.1497       298.2891     16501.0684       0.3524     4.8000e-14      18799.999
 0.526580   363000.0000    0.549734    2.9937e+00       3.1238    4.2943e+03    0.059555      437.4648         0.1840       437.4648     16501.0684       0.3165     4.8000e-14      18799.999
 0.528080   364500.0000    0.550033    2.9093e+00       3.1251    4.2628e+03    0.058710      466.9609         0.1909       466.9609     16501.0684       0.3082     4.8000e-14      18799.999
 0.529580   366000.0000    0.550355    3.1201e+00       3.1264    4.3371e+03    0.060799      322.4766         0.1543       322.4766     16501.0684       0.3434     4.8000e-14      18799.999
 0.531080   367500.0000    0.550720    3.1073e+00       3.1280    4.3315e+03    0.060675      266.2241         0.1410       266.2241     16501.0684       0.3552     4.8000e-14      18799.999
 0.532580   369000.0000    0.551100    3.1124e+00       3.1296    4.3322e+03    0.060724      250.4688         0.1385       250.4688     16501.0684       0.3563     4.8000e-14      18799.999
 0.534080   370500.0000    0.551463    3.0908e+00       3.1311    4.3236e+03    0.060513      344.5078         0.1629       344.5078     16501.0684       0.3305     4.8000e-14      18799.999
 0.535580   372000.0000    0.551811    3.0359e+00       3.1326    4.3033e+03    0.059973      397.9651         0.1786       397.9651     16501.0684       0.3135     4.8000e-14      18799.999
 0.537080   373500.0000    0.552134    2.9092e+00       3.1339    4.2567e+03    0.058709      387.0481         0.1802       387.0481     16501.0684       0.3106     4.8000e-14      18799.999
 0.538580   375000.0000    0.552411    2.7894e+00       3.1351    4.2115e+03    0.057487      355.9502         0.1718       355.9502     16501.0684       0.3177     4.8000e-14      18799.999
 0.540080   376500.0000    0.552674    2.7637e+00       3.1361    4.2010e+03    0.057221      318.3208         0.1600       318.3208     16501.0684       0.3284     4.8000e-14      18799.999
 0.541580   378000.0000    0.552971    2.9234e+00       3.1372    4.2597e+03    0.058851      304.1050         0.1565       304.1050     16501.0684       0.3307     4.8000e-14      18799.999
 0.543080   379500.0000    0.553293    3.0293e+00       3.1387    4.2967e+03    0.059907      339.1445         0.1626       339.1445     16501.0684       0.3235     4.8000e-14      18799.999
 0.544580   381000.0000    0.553654    2.9845e+00       3.1402    4.2797e+03    0.059463      452.3164         0.1838       452.3164     16501.0684       0.3010     4.8000e-14      18799.999
 0.546080   382500.0000    0.554021    3.1101e+00       3.1419    4.3229e+03    0.060701      396.7500         0.1766       396.7500     16501.0684       0.3070     4.8000e-14      18799.999
 0.547580   384000.0000    0.554384    2.8289e+00       3.1433    4.2207e+03    0.057892      280.7324         0.1589       280.7324     16501.0684       0.3235     4.8000e-14      18799.999
 0.549080   385500.0000    0.554621    2.6665e+00       3.1442    4.1582e+03    0.056206      256.5352         0.1489       256.5352     16501.0684       0.3326     4.8000e-14      18799.999
 0.550580   387000.0000    0.554863    2.8798e+00       3.1454    4.2382e+03    0.058411      289.5742         0.1521       289.5742     16501.0684       0.3284     4.8000e-14      18799.999
 0.552080   388500.0000    0.555115    2.4601e+00       3.1465    4.0738e+03    0.053987      413.3906         0.1763       413.3906     16501.0684       0.3032     4.8000e-14      18799.999
 0.553580   390000.0000    0.555414    2.7566e+00       3.1471    4.1910e+03    0.057148      392.3438         0.1761       392.3438     16501.0684       0.3024     4.8000e-14      18799.999
 0.555080   391500.0000    0.555727    3.0483e+00       3.1489    4.2965e+03    0.060095      323.4277         0.1678       323.4277     16501.0684       0.3097     4.8000e-14      18799.999
 0.556580   393000.0000    0.555989    2.5788e+00       3.1502    4.1197e+03    0.055274      405.0020         0.1842       405.0020     16501.0684       0.2923     4.8000e-14      18799.999
 0.558080   394500.0000    0.556269    2.7599e+00       3.1510    4.1896e+03    0.057182      447.1934         0.1919       447.1934     16501.0684       0.2837     4.8000e-14      18799.999
 0.559580   396000.0000    0.556581    2.8647e+00       3.1524    4.2279e+03    0.058258      426.9194         0.1858       426.9194     16501.0684       0.2889     4.8000e-14      18799.999
 0.561080   397500.0000    0.556929    2.8847e+00       3.1538    4.2343e+03    0.058461      410.3501         0.1837       410.3501     16501.0684       0.2900     4.8000e-14      18799.999
 0.562580   399000.0000    0.557288    3.1786e+00       3.1554    4.3372e+03    0.061366      396.2240         0.1834       396.2240     16501.0684       0.2893     4.8000e-14      18799.999
 0.564080   400500.0000    0.557591    2.7605e+00       3.1565    4.1862e+03    0.057188      399.9194         0.1860       399.9194     16501.0684       0.2859     4.8000e-14      18799.999
 0.565580   402000.0000    0.557885    2.8395e+00       3.1580    4.2149e+03    0.058001      417.7549         0.1905       417.7549     16501.0684       0.2805     4.8000e-14      18799.999
 0.567080   403500.0000    0.558166    2.5973e+00       3.1591    4.1212e+03    0.055472      458.0205         0.1981       458.0205     16501.0684       0.2720     4.8000e-14      18799.999
 0.568580   405000.0000    0.558436    2.6835e+00       3.1601    4.1543e+03    0.056385      404.4023         0.1854       404.4023     16501.0684       0.2839     4.8000e-14      18799.999
 0.570080   406500.0000    0.558705    2.7086e+00       3.1613    4.1632e+03    0.056648      321.1562         0.1665       321.1562     16501.0684       0.3021     4.8000e-14      18799.999
 0.571580   408000.0000    0.559002    2.7350e+00       3.1625    4.1726e+03    0.056923      360.1035         0.1774       360.1035     16501.0684       0.2904     4.8000e-14      18799.999
 0.573080   409500.0000    0.559308    2.8158e+00       3.1638    4.2021e+03    0.057758      377.3755         0.1830       377.3755     16501.0684       0.2840     4.8000e-14      18799.999
 0.574580   411000.0000    0.559626    2.7260e+00       3.1651    4.1674e+03    0.056830      360.2671         0.1801       360.2671     16501.0684       0.2861     4.8000e-14      18799.999
 0.576080   412500.0000    0.559912    2.6692e+00       3.1663    4.1447e+03    0.056234      333.5156         0.1727       333.5156     16501.0684       0.2928     4.8000e-14      18799.999
 0.577580   414000.0000    0.560185    2.6409e+00       3.1674    4.1330e+03    0.055936      312.6914         0.1660       312.6914     16501.0684       0.2988     4.8000e-14      18799.999
 0.579080   415500.0000    0.560463    2.6597e+00       3.1685    4.1396e+03    0.056135      463.5742         0.2048       463.5742     16501.0684       0.2592     4.8000e-14      18799.999
 0.580580   417000.0000    0.560763    2.7504e+00       3.1698    4.1736e+03    0.057083      501.1250         0.2172       501.1250     16501.0684       0.2461     4.8000e-14      18799.999
 0.582080   418500.0000    0.561097    2.8116e+00       3.1712    4.1957e+03    0.057715      358.8984         0.1876       358.8984     16501.0684       0.2750     4.8000e-14      18799.999
 0.583580   420000.0000    0.561442    2.9132e+00       3.1728    4.2320e+03    0.058748      308.8438         0.1728       308.8438     16501.0684       0.2890     4.8000e-14      18799.999
 0.585080   421500.0000    0.561786    2.2914e+00       3.1741    3.9847e+03    0.052104      295.8340         0.1644       295.8340     16501.0684       0.2967     4.8000e-14      18799.999
 0.586580   423000.0000    0.562040    2.6797e+00       3.1751    4.1431e+03    0.056345      304.2314         0.1652       304.2314     16501.0684       0.2953     4.8000e-14      18799.999
 0.588080   424500.0000    0.562371    5.2441e+00       3.1762    4.8994e+03    0.078822      313.9521         0.1667       313.9521     16501.0684       0.2931     4.8000e-14      18799.999
 0.588500   424920.0312    0.562498    7.6898e+00       3.1772    5.3905e+03    0.095448      317.2617         0.1675       317.2617     16501.0684       0.2921     4.8000e-14      18799.999
 0.588520   424940.0000    0.562504    8.8216e+00       3.1774    5.5786e+03    0.102232      317.4189         0.1675       317.4189     16501.0684       0.2920     4.8000e-14      18799.999
 0.588540   424960.0312    0.562510    8.9023e+00       3.1775    5.5913e+03    0.102698      317.5767         0.1675       317.5767     16501.0684       0.2920     4.8000e-14      18799.999
 0.588560   424980.0000    0.562516    5.0665e+00       3.1775    4.8563e+03    0.077476      317.7339         0.1676       317.7339     16501.0684       0.2919     4.8000e-14      18799.999
 0.588580   425000.0000    0.562522    6.7514e+00       3.1777    5.2176e+03    0.089436      317.8921         0.1676       317.8921     16501.0684       0.2919     4.8000e-14      18799.999
 0.589580   426000.0000    0.562823    2.6742e+00       3.1787    4.1386e+03    0.056287      325.7715         0.1694       325.7715     16501.0684       0.2895     4.8000e-14      18799.999
 0.591080   427500.0000    0.563258    3.4385e+00       3.1799    4.4062e+03    0.063826      329.0810         0.1734       329.0810     16501.0684       0.2847     4.8000e-14      18799.999
 0.592580   429000.0000    0.563678    2.7503e+00       3.1820    4.1655e+03    0.057083      332.6699         0.1789       332.6699     16501.0684       0.2785     4.8000e-14      18799.999
 0.594080   430500.0000    0.563939    2.5286e+00       3.1830    4.0783e+03    0.054734      399.9395         0.1992       399.9395     16501.0684       0.2575     4.8000e-14      18799.999
 0.595580   432000.0000    0.564305    3.0661e+00       3.1845    4.2786e+03    0.060271      433.6030         0.2093       433.6030     16501.0684       0.2468     4.8000e-14      18799.999
 0.597080   433500.0000    0.564839    3.5336e+00       3.1867    4.4316e+03    0.064703      413.9458         0.2029       413.9458     16501.0684       0.2523     4.8000e-14      18799.999
 0.598580   435000.0000    0.565377    3.2941e+00       3.1892    4.3528e+03    0.062471      416.8013         0.2024       416.8013     16501.0684       0.2519     4.8000e-14      18799.999
 0.600080   436500.0000    0.565914    3.2147e+00       3.1913    4.3249e+03    0.061714      427.7940         0.2042       427.7940     16501.0684       0.2492     4.8000e-14      18799.999
 0.601580   438000.0000    0.566417    3.2050e+00       3.1934    4.3202e+03    0.061621      427.7940         0.2056       427.7940     16501.0684       0.2469     4.8000e-14      18799.999
 0.603080   439500.0000    0.566900    3.0432e+00       3.1954    4.2633e+03    0.060045      419.0176         0.2038       419.0176     16501.0684       0.2479     4.8000e-14      18799.999
 0.604580   441000.0000    0.567348    3.0548e+00       3.1973    4.2661e+03    0.060159      396.3184         0.1969       396.3184     16501.0684       0.2541     4.8000e-14      18799.999
 0.606080   442500.0000    0.567814    3.1405e+00       3.1992    4.2945e+03    0.060998      395.2434         0.1958       395.2434     16501.0684       0.2545     4.8000e-14      18799.999
 0.607580   444000.0000    0.568286    2.8433e+00       3.2012    4.1877e+03    0.058039      400.3457         0.1964       400.3457     16501.0684       0.2531     4.8000e-14      18799.999
 0.609080   445500.0000    0.568752    3.0151e+00       3.2031    4.2483e+03    0.059767      365.8379         0.1879       365.8379     16501.0684       0.2608     4.8000e-14      18799.999
 0.610580   447000.0000    0.569210    2.7922e+00       3.2051    4.1663e+03    0.057516      341.0564         0.1810       341.0564     16501.0684       0.2669     4.8000e-14      18799.999
 0.612080   448500.0000    0.569655    3.0496e+00       3.2069    4.2579e+03    0.060108      331.7009         0.1766       331.7009     16501.0684       0.2707     4.8000e-14      18799.999
 0.613580   450000.0000    0.570132    3.0552e+00       3.2086    4.2587e+03    0.060163      392.8047         0.1912       392.8047     16501.0684       0.2552     4.8000e-14      18799.999
 0.615080   451500.0000    0.570615    3.3134e+00       3.2109    4.3444e+03    0.062654      475.9028         0.2120       475.9028     16501.0684       0.2337     4.8000e-14      18799.999
 0.616580   453000.0000    0.571000    2.8041e+00       3.2127    4.1658e+03    0.057639      462.9663         0.2098       462.9663     16501.0684       0.2353     4.8000e-14      18799.999
 0.618080   454500.0000    0.571328    2.2653e+00       3.2137    3.9487e+03    0.051806      453.4154         0.2090       453.4154     16501.0684       0.2355     4.8000e-14      18799.999
 0.619580   456000.0000    0.571565    2.5261e+00       3.2148    4.0570e+03    0.054706      449.2347         0.2104       449.2347     16501.0684       0.2336     4.8000e-14      18799.999
 0.621080   457500.0000    0.571817    2.5201e+00       3.2159    4.0540e+03    0.054642      436.4775         0.2091       436.4775     16501.0684       0.2344     4.8000e-14      18799.999
 0.622580   459000.0000    0.572077    2.3817e+00       3.2170    3.9965e+03    0.053120      418.7930         0.2061       418.7930     16501.0684       0.2369     4.8000e-14      18799.999
 0.624080   460500.0000    0.572371    2.6378e+00       3.2180    4.0992e+03    0.055903      372.8516         0.1926       372.8516     16501.0684       0.2500     4.8000e-14      18799.999
 0.625580   462000.0000    0.572682    2.7351e+00       3.2196    4.1354e+03    0.056925      355.1807         0.1857       355.1807     16501.0684       0.2563     4.8000e-14      18799.999
 0.627080   463500.0000    0.573017    2.5961e+00       3.2209    4.0810e+03    0.055460      382.3545         0.1895       382.3545     16501.0684       0.2520     4.8000e-14      18799.999
 0.628580   465000.0000    0.573370    2.7410e+00       3.2223    4.1359e+03    0.056985      379.8789         0.1911       379.8789     16501.0684       0.2499     4.8000e-14      18799.999
 0.630080   466500.0000    0.573727    2.7154e+00       3.2239    4.1252e+03    0.056719      366.0898         0.1914       366.0898     16501.0684       0.2490     4.8000e-14      18799.999
 0.631580   468000.0000    0.574045    2.5723e+00       3.2253    4.0689e+03    0.055205      356.1382         0.1853       356.1382     16501.0684       0.2545     4.8000e-14      18799.999
 0.633080   469500.0000    0.574375    2.6180e+00       3.2265    4.0860e+03    0.055692      342.8525         0.1796       342.8525     16501.0684       0.2598     4.8000e-14      18799.999
 0.634580   471000.0000    0.574723    2.7930e+00       3.2280    4.1518e+03    0.057524      324.2793         0.1742       324.2793     16501.0684       0.2646     4.8000e-14      18799.999
 0.636080   472500.0000    0.575081    2.7349e+00       3.2296    4.1289e+03    0.056922      332.4521         0.1777       332.4521     16501.0684       0.2605     4.8000e-14      18799.999
 0.637580   474000.0000    0.575438    2.6018e+00       3.2310    4.0769e+03    0.055520      350.3850         0.1844       350.3850     16501.0684       0.2534     4.8000e-14      18799.999
 0.639080   475500.0000    0.575711    2.4566e+00       3.2322    4.0180e+03    0.053949      356.9683         0.1848       356.9683     16501.0684       0.2525     4.8000e-14      18799.999
 0.640580   477000.0000    0.575997    2.4843e+00       3.2333    4.0286e+03    0.054252      382.8203         0.1910       382.8203     16501.0684       0.2459     4.8000e-14      18799.999
 0.642080   478500.0000    0.576302    2.6251e+00       3.2345    4.0837e+03    0.055768      439.2363         0.2064       439.2363     16501.0684       0.2300     4.8000e-14      18799.999
 0.643580   480000.0000    0.576644    2.6699e+00       3.2360    4.1001e+03    0.056242      416.8359         0.2012       416.8359     16501.0684       0.2347     4.8000e-14      18799.999
 0.645080   481500.0000    0.577003    2.7142e+00       3.2375    4.1161e+03    0.056707      365.4189         0.1883       365.4189     16501.0684       0.2470     4.8000e-14      18799.999
 0.646580   483000.0000    0.577385    2.7497e+00       3.2391    4.1285e+03    0.057076      342.8955         0.1834       342.8955     16501.0684       0.2515     4.8000e-14      18799.999
 0.648080   484500.0000    0.577785    2.8523e+00       3.2407    4.1654e+03    0.058132      325.6267         0.1790       325.6267     16501.0684       0.2553     4.8000e-14      18799.999
 0.649580   486000.0000    0.578216    3.0373e+00       3.2425    4.2301e+03    0.059986      316.6938         0.1755       316.6938     16501.0684       0.2582     4.8000e-14      18799.999
 0.651080   487500.0000    0.578582    2.4601e+00       3.2443    4.0119e+03    0.053987      312.1145         0.1710       312.1145     16501.0684       0.2621     4.8000e-14      18799.999
 0.652580   489000.0000    0.578920    2.5686e+00       3.2455    4.0547e+03    0.055165      310.1763         0.1667       310.1763     16501.0684       0.2659     4.8000e-14      18799.999
 0.654080   490500.0000    0.579197    2.6501e+00       3.2470    4.0856e+03    0.056033      325.0659         0.1722       325.0659     16501.0684       0.2601     4.8000e-14      18799.999
 0.655580   492000.0000    0.579453    2.1594e+00       3.2477    3.8813e+03    0.050580      336.6294         0.1775       336.6294     16501.0684       0.2544     4.8000e-14      18799.999
 0.657080   493500.0000    0.579675    2.4250e+00       3.2486    3.9949e+03    0.053601      342.9143         0.1825       342.9143     16501.0684       0.2490     4.8000e-14      18799.999
 0.661000   497420.0000    0.580143    2.1417e+00       3.2505    3.8716e+03    0.050372      462.4365         0.2151       462.4365     16501.0684       0.2156     4.8000e-14      18799.999
