Time (Myr)  Time-t0 (yr) Mstar (Msun)  Lstar (Lsun)  Rstar (Rsun)  Tstar (K)  Rdisk_in (AU)  Rdisk_out (AU)  Mdisk (Msun)  Renv_in (AU)  Renv_out (AU)  Menv (Msun)  Omega_0 (1/s)   c_s (cm/s)
 0.030960        0.0000    0.001514    0.0000e+00    1078.0000    0.0000e+00    0.000000        0.0000         0.0000         4.8658      3093.9504       0.2289     2.6000e-13      18799.999
 0.031100      139.9000    0.002692    7.1500e-04    1078.0000    2.8737e+01    0.000920        0.0000         0.0000         4.8658      3093.9504       0.2281     2.6000e-13      18799.999
 0.031240      280.0000    0.003871    9.6359e-04    1078.0000    3.0963e+01    0.001068        0.0000         0.0000         4.8658      3093.9504       0.2272     2.6000e-13      18799.999
 0.031380      420.0000    0.005049    1.1864e-03    1078.0000    3.2615e+01    0.001186        0.0000         0.0000         4.8658      3093.9504       0.2264     2.6000e-13      18799.999
 0.031520      560.0000    0.006227    1.3959e-03    1078.0000    3.3969e+01    0.001286        0.0000         0.0000         4.8658      3093.9504       0.2255     2.6000e-13      18799.999
 0.031660      700.0000    0.007405    1.5963e-03    1078.0000    3.5128e+01    0.001375        0.0000         0.0000         4.8658      3093.9504       0.2247     2.6000e-13      18799.999
 0.031800      839.9000    0.008583    1.7897e-03    1078.0000    3.6146e+01    0.001456        0.0000         0.0000         4.8658      3093.9504       0.2238     2.6000e-13      18799.999
 0.031940      980.0000    0.009762    1.9778e-03    1078.0000    3.7061e+01    0.001531        0.0000         0.0000         4.8658      3093.9504       0.2230     2.6000e-13      18799.999
 0.032080     1120.0000    0.010940    2.1611e-03    1078.0000    3.7891e+01    0.001600        0.0000         0.0000         4.8658      3093.9504       0.2222     2.6000e-13      18799.999
 0.032220     1259.9000    0.012118    2.3403e-03    1078.0000    3.8653e+01    0.001665        0.0000         0.0000         4.8658      3093.9504       0.2213     2.6000e-13      18799.999
 0.032360     1399.9000    0.013296    2.5162e-03    1078.0000    3.9360e+01    0.001727        0.0000         0.0000         4.8658      3093.9504       0.2205     2.6000e-13      18799.999
 0.032500     1540.0000    0.014474    2.6892e-03    1078.0000    4.0020e+01    0.001785        0.0000         0.0000         4.8658      3093.9504       0.2196     2.6000e-13      18799.999
 0.032640     1679.9000    0.015039    2.7474e-03    1078.0000    4.0234e+01    0.001804        0.0000         0.0000         4.8658      3093.9504       0.2189     2.6000e-13      18799.999
 0.032780     1819.9000    0.015604    2.8067e-03    1078.0000    4.0450e+01    0.001824        0.0000         0.0000         4.8658      3093.9504       0.2181     2.6000e-13      18799.999
 0.032920     1960.0000    0.016169    2.8670e-03    1078.0000    4.0665e+01    0.001843        0.0000         0.0000         4.8658      3093.9504       0.2173     2.6000e-13      18799.999
 0.033060     2100.0000    0.016734    2.9279e-03    1078.0000    4.0879e+01    0.001862        0.0000         0.0000         4.8658      3093.9504       0.2166     2.6000e-13      18799.999
 0.033200     2239.8999    0.017298    2.9893e-03    1078.0000    4.1092e+01    0.001882        0.0000         0.0000         4.8658      3093.9504       0.2158     2.6000e-13      18799.999
 0.033340     2380.0000    0.017864    3.0514e-03    1078.0000    4.1304e+01    0.001901        0.0000         0.0000         4.8658      3093.9504       0.2150     2.6000e-13      18799.999
 0.033480     2520.0000    0.018429    3.1138e-03    1078.0000    4.1513e+01    0.001921        0.0000         0.0000         4.8658      3093.9504       0.2143     2.6000e-13      18799.999
 0.033620     2659.8999    0.018993    3.1765e-03    1078.0000    4.1721e+01    0.001940        0.0000         0.0000         4.8658      3093.9504       0.2135     2.6000e-13      18799.999
 0.033760     2799.8999    0.019558    3.2396e-03    1078.0000    4.1927e+01    0.001959        0.0000         0.0000         4.8658      3093.9504       0.2127     2.6000e-13      18799.999
 0.033900     2940.0000    0.020123    3.3030e-03    1078.0000    4.2130e+01    0.001978        0.0000         0.0000         4.8658      3093.9504       0.2120     2.6000e-13      18799.999
 0.034040     3079.8999    0.020688    3.3666e-03    1078.0000    4.2332e+01    0.001997        0.0000         0.0000         4.8658      3093.9504       0.2112     2.6000e-13      18799.999
 0.034180     3220.0000    0.021253    3.4305e-03    1078.0000    4.2531e+01    0.002016        0.0000         0.0000         4.8658      3093.9504       0.2104     2.6000e-13      18799.999
 0.034320     3360.0000    0.021818    3.4946e-03    1078.0000    4.2728e+01    0.002035        0.0000         0.0000         4.8658      3093.9504       0.2097     2.6000e-13      18799.999
 0.034460     3499.8999    0.022382    3.5588e-03    1078.0000    4.2923e+01    0.002053        0.0000         0.0000         4.8658      3093.9504       0.2089     2.6000e-13      18799.999
 0.034600     3640.0000    0.022947    3.6233e-03    1078.0000    4.3117e+01    0.002072        0.0000         0.0000         4.8658      3093.9504       0.2081     2.6000e-13      18799.999
 0.034740     3779.8999    0.023512    3.6880e-03    1078.0000    4.3308e+01    0.002090        0.0000         0.0000         4.8658      3093.9504       0.2074     2.6000e-13      18799.999
 0.034880     3920.0000    0.024077    3.7529e-03    1078.0000    4.3497e+01    0.002109        0.0000         0.0000         4.8658      3093.9504       0.2066     2.6000e-13      18799.999
 0.035020     4060.0000    0.024724    3.8307e-03    1078.0000    4.3721e+01    0.002130        0.0000         0.0000         4.8658      3093.9504       0.2058     2.6000e-13      18799.999
 0.035160     4199.8999    0.025861    3.9839e-03    1078.0000    4.4151e+01    0.002173        0.0000         0.0000         4.8658      3093.9504       0.2048     2.6000e-13      18799.999
 0.035300     4339.8999    0.026998    4.1364e-03    1078.0000    4.4568e+01    0.002214        0.0000         0.0000         4.8658      3093.9504       0.2038     2.6000e-13      18799.999
 0.035440     4479.8999    0.028135    4.2883e-03    1078.0000    4.4972e+01    0.002254        0.0000         0.0000         4.8658      3093.9504       0.2029     2.6000e-13      18799.999
 0.035580     4619.8999    0.029272    4.4396e-03    1078.0000    4.5363e+01    0.002293        0.0000         0.0000         4.8658      3093.9504       0.2019     2.6000e-13      18799.999
 0.035720     4760.0000    0.030410    4.5905e-03    1078.0000    4.5744e+01    0.002332        0.0000         0.0000         4.8658      3093.9504       0.2009     2.6000e-13      18799.999
 0.035860     4899.8999    0.031546    4.7407e-03    1078.0000    4.6114e+01    0.002370        0.0000         0.0000         4.8658      3093.9504       0.1999     2.6000e-13      18799.999
 0.036000     5039.8999    0.032683    4.8907e-03    1078.0000    4.6474e+01    0.002407        0.0000         0.0000         4.8658      3093.9504       0.1989     2.6000e-13      18799.999
 0.036140     5179.8999    0.033820    5.0403e-03    1078.0000    4.6825e+01    0.002444        0.0000         0.0000         4.8658      3093.9504       0.1979     2.6000e-13      18799.999
 0.036280     5319.8999    0.034957    5.1897e-03    1078.0000    4.7169e+01    0.002480        0.0000         0.0000         4.8658      3093.9504       0.1970     2.6000e-13      18799.999
 0.036420     5459.8999    0.036094    5.3389e-03    1078.0000    4.7504e+01    0.002515        0.0000         0.0000         4.8658      3093.9504       0.1960     2.6000e-13      18799.999
 0.036560     5599.8999    0.037231    5.4880e-03    1078.0000    4.7832e+01    0.002550        0.0000         0.0000         4.8658      3093.9504       0.1950     2.6000e-13      18799.999
 0.036700     5739.8999    0.038368    5.6371e-03    1078.0000    4.8154e+01    0.002584        0.0000         0.0000         4.8658      3093.9504       0.1940     2.6000e-13      18799.999
 0.036840     5879.8999    0.039505    5.7862e-03    1078.0000    4.8469e+01    0.002618        0.0000         0.0000         4.8658      3093.9504       0.1930     2.6000e-13      18799.999
 0.036980     6020.0000    0.040643    5.9356e-03    1078.0000    4.8779e+01    0.002652        0.0000         0.0000         4.8658      3093.9504       0.1920     2.6000e-13      18799.999
 0.037120     6159.8999    0.041780    6.0851e-03    1078.0000    4.9083e+01    0.002685        0.0000         0.0000         4.8658      3093.9504       0.1911     2.6000e-13      18799.999
 0.037260     6299.8999    0.042917    6.2351e-03    1077.9900    4.9383e+01    0.002718        0.0000         0.0000         4.8658      3093.9504       0.1901     2.6000e-13      18799.999
 0.037400     6439.8999    0.044054    6.3857e-03    1077.9900    4.9679e+01    0.002751        0.0000         0.0000         4.8658      3093.9504       0.1891     2.6000e-13      18799.999
 0.037540     6579.8999    0.044946    6.5017e-03    1077.9900    4.9903e+01    0.002775        0.0000         0.0000         4.8658      3093.9504       0.1881     2.6000e-13      18799.999
 0.037680     6720.0000    0.045224    6.5308e-03    1077.9900    4.9959e+01    0.002782        0.0000         0.0000         4.8658      3093.9504       0.1872     2.6000e-13      18799.999
 0.037820     6859.8999    0.045502    6.5624e-03    1077.9900    5.0019e+01    0.002788        0.0000         0.0000         4.8658      3093.9504       0.1863     2.6000e-13      18799.999
 0.037960     6999.8999    0.045781    6.5989e-03    1077.9800    5.0089e+01    0.002796        0.0000         0.0000         4.8658      3093.9504       0.1853     2.6000e-13      18799.999
 0.038100     7139.8999    0.046059    6.6474e-03    1077.9800    5.0180e+01    0.002806        0.0000         0.0000         4.8658      3093.9504       0.1844     2.6000e-13      18799.999
 0.038240     7279.8999    0.046337    2.4492e-04    1077.9700    2.1985e+01    0.000539        0.0000         0.0000         4.8658      3093.9504       0.1835     2.6000e-13      18799.999
 0.038380     7420.0000    0.046616    9.2102e-11    1077.9700    5.4443e-01    0.000000        0.0000         0.0000         4.8658      3093.9504       0.1825     2.6000e-13      18799.999
 0.038520     7559.8999    0.046894    8.7208e-10    1077.9600    9.5502e-01    0.000001        0.0000         0.0000         4.8658      3093.9504       0.1816     2.6000e-13      18799.999
 0.038660     7700.0000    0.047173    9.1819e-18    1077.9500    9.6741e-03    0.000000        0.0000         0.0000         4.8658      3093.9504       0.1807     2.6000e-13      18799.999
 0.038800     7839.8999    0.047451    9.2361e-18    1077.9400    9.6884e-03    0.000000        0.0000         0.0000         4.8658      3093.9504       0.1797     2.6000e-13      18799.999
 0.038940     7979.8999    0.047729    9.2904e-18    1077.9300    9.7026e-03    0.000000        0.0000         0.0000         4.8658      3093.9504       0.1788     2.6000e-13      18799.999
 0.039080     8120.0000    0.048008    3.6437e-03    1077.9200    4.3179e+01    0.002078       15.4082         0.0056        15.4082      3093.9504       0.1779     2.6000e-13      18799.999
 0.039220     8260.0000    0.048286    1.7848e-03    1077.9100    3.6123e+01    0.001454       16.7734         0.0061        16.7734      3093.9504       0.1769     2.6000e-13      18799.999
 0.039360     8399.9004    0.048564    2.1182e-03    1077.8900    3.7703e+01    0.001584       18.1377         0.0066        18.1377      3093.9504       0.1760     2.6000e-13      18799.999
 0.039500     8539.9004    0.048843    6.6155e-03    1077.8700    5.0123e+01    0.002800       19.5029         0.0071        19.5029      3093.9504       0.1751     2.6000e-13      18799.999
 0.039640     8679.9004    0.049121    3.0687e-03    1077.8400    4.1365e+01    0.001907       20.8681         0.0076        20.8681      3093.9504       0.1741     2.6000e-13      18799.999
 0.039780     8820.0000    0.049400    1.3446e-03    1077.8200    3.3655e+01    0.001262       22.2343         0.0081        22.2343      3093.9504       0.1732     2.6000e-13      18799.999
 0.039920     8959.9004    0.049678    1.4532e-02    1077.7900    6.1023e+01    0.004149       23.5985         0.0086        23.5985      3093.9504       0.1723     2.6000e-13      18799.999
 0.040060     9099.9004    0.049988    5.5321e-03    1077.7500    4.7934e+01    0.002560       25.1786         0.0090        25.1786      3093.9504       0.1714     2.6000e-13      18799.999
 0.040200     9239.9004    0.050341    5.5900e-03    1077.7100    4.8059e+01    0.002573       27.0454         0.0093        27.0454      3093.9504       0.1706     2.6000e-13      18799.999
 0.040340     9379.9004    0.050694    5.7786e-03    1077.6600    4.8461e+01    0.002617       28.9122         0.0097        28.9122      3093.9504       0.1698     2.6000e-13      18799.999
 0.040480     9519.9004    0.051047    1.3845e-03    1077.6100    3.3906e+01    0.001281       30.7790         0.0101        30.7790      3093.9504       0.1690     2.6000e-13      18799.999
 0.040620     9659.9004    0.051400    7.0767e-03    1077.5400    5.0982e+01    0.002896       32.6458         0.0104        32.6458      3093.9504       0.1682     2.6000e-13      18799.999
 0.040760     9799.9004    0.051753    1.3759e-03    1077.4700    3.3855e+01    0.001277       34.5125         0.0108        34.5125      3093.9504       0.1675     2.6000e-13      18799.999
 0.040900     9939.9004    0.052106    4.5143e-03    1077.3900    4.5566e+01    0.002313       36.3793         0.0111        36.3793      3093.9504       0.1667     2.6000e-13      18799.999
 0.041040    10079.9004    0.052459    4.5383e-03    1077.3000    4.5628e+01    0.002319       38.2461         0.0115        38.2461      3093.9504       0.1659     2.6000e-13      18799.999
 0.041180    10219.9004    0.052812    6.3569e-03    1077.2000    4.9641e+01    0.002744       40.1129         0.0119        40.1129      3093.9504       0.1651     2.6000e-13      18799.999
 0.041320    10359.9004    0.053166    4.1288e-03    1077.0800    4.4567e+01    0.002212       41.9796         0.0122        41.9796      3093.9504       0.1643     2.6000e-13      18799.999
 0.041460    10499.9004    0.053519    4.5039e-03    1076.9500    4.5549e+01    0.002310       43.8464         0.0126        43.8464      3093.9504       0.1635     2.6000e-13      18799.999
 0.041600    10639.9004    0.053872    4.3958e-03    1076.8000    4.5276e+01    0.002282       45.7132         0.0129        45.7132      3093.9504       0.1627     2.6000e-13      18799.999
 0.041740    10779.9004    0.054225    8.3006e-03    1076.6300    5.3079e+01    0.003136       47.5800         0.0133        47.5800      3093.9504       0.1619     2.6000e-13      18799.999
 0.041880    10919.9004    0.054578    3.8722e-03    1076.4400    4.3870e+01    0.002142       49.4468         0.0137        49.4468      3093.9504       0.1612     2.6000e-13      18799.999
 0.042020    11059.9004    0.054931    4.7932e-03    1076.2300    4.6279e+01    0.002383       51.3135         0.0140        51.3135      3093.9504       0.1604     2.6000e-13      18799.999
 0.042160    11199.9004    0.055284    3.2455e-03    1075.9900    4.1985e+01    0.001961       53.1803         0.0144        53.1803      3093.9504       0.1596     2.6000e-13      18799.999
 0.042300    11339.9004    0.055637    4.8077e-03    1075.7200    4.6325e+01    0.002387       55.0471         0.0147        55.0471      3093.9504       0.1588     2.6000e-13      18799.999
 0.042440    11479.9004    0.055990    7.4322e-03    1075.4200    5.1661e+01    0.002967       56.9139         0.0151        56.9139      3093.9504       0.1580     2.6000e-13      18799.999
 0.042580    11619.9004    0.056375    4.7764e-03    1075.0900    4.6263e+01    0.002379       58.1929         0.0155        58.1929      3093.9504       0.1572     2.6000e-13      18799.999
 0.042720    11759.9004    0.056785    6.1333e-03    1074.7200    4.9255e+01    0.002696       59.0312         0.0159        59.0312      3093.9504       0.1564     2.6000e-13      18799.999
 0.042860    11900.0000    0.057196    4.6977e-03    1074.3000    4.6088e+01    0.002359       59.8701         0.0163        59.8701      3093.9504       0.1556     2.6000e-13      18799.999
 0.043000    12039.9004    0.057605    6.7230e-03    1073.8400    5.0419e+01    0.002822       60.7079         0.0167        60.7079      3093.9504       0.1548     2.6000e-13      18799.999
 0.043140    12179.9004    0.058015    4.2850e-03    1073.3300    4.5061e+01    0.002253       61.5462         0.0170        61.5462      3093.9504       0.1540     2.6000e-13      18799.999
 0.043280    12320.0000    0.058425    1.5852e-03    1072.7600    3.5152e+01    0.001370       62.3851         0.0174        62.3851      3093.9504       0.1532     2.6000e-13      18799.999
 0.043420    12460.0000    0.058835    4.0021e-03    1072.1400    4.4322e+01    0.002177       63.2234         0.0178        63.2234      3093.9504       0.1523     2.6000e-13      18799.999
 0.043560    12599.9004    0.059245    4.4912e-03    1071.4400    4.5633e+01    0.002307       64.0611         0.0182        64.0611      3093.9504       0.1515     2.6000e-13      18799.999
 0.043700    12739.9004    0.059655    4.8668e-03    1070.6700    4.6576e+01    0.002401       64.8994         0.0186        64.8994      3093.9504       0.1507     2.6000e-13      18799.999
 0.043840    12879.9004    0.060065    5.5454e-03    1069.8200    4.8140e+01    0.002563       65.7377         0.0190        65.7377      3093.9504       0.1499     2.6000e-13      18799.999
 0.043980    13019.9004    0.060475    4.1486e-03    1068.8900    4.4790e+01    0.002217       66.5760         0.0194        66.5760      3093.9504       0.1491     2.6000e-13      18799.999
 0.044120    13159.9004    0.060885    1.0942e-02    1067.8600    5.7107e+01    0.003600       67.4143         0.0198        67.4143      3093.9504       0.1483     2.6000e-13      18799.999
 0.044260    13300.0000    0.061295    6.4005e-03    1066.7200    4.9970e+01    0.002754       68.2532         0.0202        68.2532      3093.9504       0.1475     2.6000e-13      18799.999
 0.044400    13439.9004    0.061705    8.2206e-03    1065.4700    5.3227e+01    0.003121       69.0909         0.0206        69.0909      3093.9504       0.1467     2.6000e-13      18799.999
 0.044540    13579.9004    0.062115    5.1902e-03    1064.1000    4.7477e+01    0.002480       69.9292         0.0209        69.9292      3093.9504       0.1459     2.6000e-13      18799.999
 0.044680    13719.9004    0.062525    4.7544e-03    1062.6000    4.6480e+01    0.002373       70.7675         0.0213        70.7675      3093.9504       0.1450     2.6000e-13      18799.999
 0.044820    13859.9004    0.062935    5.1235e-03    1060.9500    4.7394e+01    0.002464       71.6059         0.0217        71.6059      3093.9504       0.1442     2.6000e-13      18799.999
 0.044960    13999.9004    0.063345    4.4534e-03    1059.1400    4.5801e+01    0.002297       72.4442         0.0221        72.4442      3093.9504       0.1434     2.6000e-13      18799.999
 0.045100    14140.0000    0.063730    9.9740e-03    1057.1600    5.6082e+01    0.003438       73.7636         0.0225        73.7636      3093.9504       0.1426     2.6000e-13      18799.999
 0.045240    14280.0000    0.064106    7.1389e-03    1055.0000    5.1637e+01    0.002908       75.2739         0.0230        75.2739      3093.9504       0.1418     2.6000e-13      18799.999
 0.045380    14419.9004    0.064481    1.4144e-03    1052.6400    3.4489e+01    0.001295       76.7832         0.0234        76.7832      3093.9504       0.1409     2.6000e-13      18799.999
 0.045520    14559.9004    0.064856    1.4406e-02    1050.0600    6.1689e+01    0.004131       78.2935         0.0238        78.2935      3093.9504       0.1401     2.6000e-13      18799.999
 0.045660    14700.0000    0.065232    5.2622e-03    1047.2500    4.8022e+01    0.002497       79.8049         0.0242        79.8049      3093.9504       0.1392     2.6000e-13      18799.999
 0.045800    14839.9004    0.065607    3.3205e-03    1044.1900    4.2864e+01    0.001983       81.3142         0.0246        81.3142      3093.9504       0.1384     2.6000e-13      18799.999
 0.045940    14979.9004    0.065982    4.4236e-03    1040.8600    4.6124e+01    0.002289       82.8245         0.0251        82.8245      3093.9504       0.1376     2.6000e-13      18799.999
 0.046080    15119.9004    0.066357    5.7890e-03    1037.2400    4.9418e+01    0.002619       84.3348         0.0255        84.3348      3093.9504       0.1367     2.6000e-13      18799.999
 0.046220    15259.9004    0.066733    3.8972e-03    1033.3100    4.4849e+01    0.002149       85.8452         0.0259        85.8452      3093.9504       0.1359     2.6000e-13      18799.999
 0.046360    15399.9004    0.067108    4.9166e-03    1029.0400    4.7630e+01    0.002413       87.3555         0.0263        87.3555      3093.9504       0.1350     2.6000e-13      18799.999
 0.046500    15539.9004    0.067483    6.4969e-03    1024.4100    5.1182e+01    0.002774       88.8658         0.0267        88.8658      3093.9504       0.1342     2.6000e-13      18799.999
 0.046640    15679.9004    0.067859    4.7329e-03    1019.3900    4.7401e+01    0.002368       90.3762         0.0272        90.3762      3093.9504       0.1334     2.6000e-13      18799.999
 0.046780    15819.9004    0.068234    4.6114e-03    1013.9600    4.7220e+01    0.002337       91.8865         0.0276        91.8865      3093.9504       0.1325     2.6000e-13      18799.999
 0.046920    15959.9004    0.068609    9.4139e-03    1008.0900    5.6607e+01    0.003340       93.3969         0.0280        93.3969      3093.9504       0.1317     2.6000e-13      18799.999
 0.047060    16099.9004    0.068984    4.9445e-03    1001.7400    4.8343e+01    0.002420       94.9072         0.0284        94.9072      3093.9504       0.1309     2.6000e-13      18799.999
 0.047200    16239.9004    0.069360    6.6631e-03     994.8960    5.2265e+01    0.002810       96.4175         0.0289        96.4175      3093.9504       0.1300     2.6000e-13      18799.999
 0.047340    16379.9004    0.069735    5.1264e-03     987.5150    4.9131e+01    0.002464       97.9278         0.0293        97.9278      3093.9504       0.1292     2.6000e-13      18799.999
 0.047480    16519.9004    0.070110    2.7143e-03     979.5670    4.2080e+01    0.001793       99.4382         0.0297        99.4382      3093.9504       0.1283     2.6000e-13      18799.999
 0.047620    16659.9004    0.070538    5.3998e-03     971.0140    5.0195e+01    0.002529       99.4272         0.0300        99.4272      3093.9504       0.1276     2.6000e-13      18799.999
 0.047760    16799.9004    0.070974    1.2238e-02     961.8280    6.1881e+01    0.003808       99.1627         0.0302        99.1627      3093.9504       0.1269     2.6000e-13      18799.999
 0.047900    16939.9004    0.071410    6.4005e-03     951.9710    5.2895e+01    0.002754       98.8983         0.0305        98.8983      3093.9504       0.1261     2.6000e-13      18799.999
 0.048040    17080.0000    0.071847    6.7488e-03     941.4080    5.3901e+01    0.002828       98.6336         0.0307        98.6336      3093.9504       0.1254     2.6000e-13      18799.999
 0.048180    17219.9004    0.072283    6.7947e-03     930.1130    5.4319e+01    0.002837       98.3693         0.0310        98.3693      3093.9504       0.1246     2.6000e-13      18799.999
 0.048220    17259.9004    0.072408    3.4600e-02     926.7480    8.1746e+01    0.006402       98.2937         0.0311        98.2937      3093.9504       0.1244     2.6000e-13      18799.999
 0.048320    17359.9004    0.072719    1.7559e-02     918.0490    6.9322e+01    0.004561       98.1048         0.0312        98.1048      3093.9504       0.1239     2.6000e-13      18799.999
 0.048460    17499.9004    0.073155    7.1149e-03     905.1850    5.5699e+01    0.002903       97.8404         0.0315        97.8404      3093.9504       0.1232     2.6000e-13      18799.999
 0.048600    17639.9004    0.073592    3.2370e-03     891.4980    4.6095e+01    0.001958       97.5759         0.0317        97.5759      3093.9504       0.1224     2.6000e-13      18799.999
 0.048740    17779.9004    0.074028    3.4170e-03     876.9620    4.7108e+01    0.002012       97.3114         0.0320        97.3114      3093.9504       0.1217     2.6000e-13      18799.999
 0.048880    17919.9004    0.074464    1.4489e-02     861.5600    6.8201e+01    0.004143       97.0469         0.0322        97.0469      3093.9504       0.1210     2.6000e-13      18799.999
 0.049020    18059.9004    0.074900    6.7316e-03     845.2850    5.6847e+01    0.002824       96.7824         0.0325        96.7824      3093.9504       0.1202     2.6000e-13      18799.999
 0.049160    18199.9004    0.075337    3.8412e-03     828.1300    4.9917e+01    0.002133       96.5180         0.0327        96.5180      3093.9504       0.1195     2.6000e-13      18799.999
 0.049300    18340.0000    0.075773    6.5787e-03     810.1010    5.7735e+01    0.002792       96.2533         0.0330        96.2533      3093.9504       0.1188     2.6000e-13      18799.999
 0.049440    18479.9004    0.076209    1.4770e-02     791.2190    7.1511e+01    0.004183       95.9890         0.0332        95.9890      3093.9504       0.1180     2.6000e-13      18799.999
 0.049580    18619.9004    0.076645    4.9665e-03     771.4980    5.5147e+01    0.002426       95.7245         0.0335        95.7245      3093.9504       0.1173     2.6000e-13      18799.999
 0.049720    18759.9004    0.077082    5.5697e-03     750.9840    5.7520e+01    0.002569       95.4601         0.0337        95.4601      3093.9504       0.1166     2.6000e-13      18799.999
 0.049860    18899.9004    0.077518    1.6058e-02     729.7220    7.6037e+01    0.004362       95.1956         0.0340        95.1956      3093.9504       0.1158     2.6000e-13      18799.999
 0.050000    19039.9004    0.077954    7.9626e-03     707.7820    6.4788e+01    0.003071       94.9311         0.0342        94.9311      3093.9504       0.1151     2.6000e-13      18799.999
 0.050140    19180.0000    0.078207    2.7901e-02     685.2280    9.0087e+01    0.005749       94.7409         0.0346        94.7409      3093.9504       0.1144     2.6000e-13      18799.999
 0.050140    19180.0020    0.078207    2.7901e-02     685.2280    9.0087e+01    0.005749       94.7409         0.0346        94.7409      3093.9504       0.1144     2.6000e-13      18799.999
 0.050280    19319.9004    0.078460    2.2482e-02     662.1680    8.6827e+01    0.005161       94.5509         0.0350        94.5509      3093.9504       0.1138     2.6000e-13      18799.999
 0.050420    19459.9004    0.078713    6.1598e-03     638.6770    6.3963e+01    0.002701       94.3608         0.0354        94.3608      3093.9504       0.1131     2.6000e-13      18799.999
 0.050560    19599.9004    0.078966    5.7924e-03     614.8790    6.4194e+01    0.002620       94.1707         0.0357        94.1707      3093.9504       0.1125     2.6000e-13      18799.999
 0.050700    19739.9004    0.079219    6.4943e-03     590.8910    6.7384e+01    0.002774       93.9806         0.0361        93.9806      3093.9504       0.1118     2.6000e-13      18799.999
 0.050840    19880.0000    0.079473    8.5351e-03     566.8050    7.3665e+01    0.003180       93.7904         0.0365        93.7904      3093.9504       0.1112     2.6000e-13      18799.999
 0.050980    20019.9004    0.079725    6.8770e-03     542.7680    7.1321e+01    0.002854       93.6004         0.0369        93.6004      3093.9504       0.1105     2.6000e-13      18799.999
 0.051120    20159.9004    0.079979    5.0868e-03     518.8890    6.7647e+01    0.002455       93.4103         0.0372        93.4103      3093.9504       0.1098     2.6000e-13      18799.999
 0.051260    20299.9004    0.080232    5.4735e-03     495.2720    7.0521e+01    0.002547       93.2202         0.0376        93.2202      3093.9504       0.1092     2.6000e-13      18799.999
 0.051400    20439.9004    0.080485    8.7726e-03     472.0290    8.1278e+01    0.003224       93.0301         0.0380        93.0301      3093.9504       0.1085     2.6000e-13      18799.999
 0.051540    20579.9004    0.080738    9.5014e-03     449.2580    8.4992e+01    0.003355       92.8400         0.0383        92.8400      3093.9504       0.1079     2.6000e-13      18799.999
 0.051680    20719.9004    0.080991    7.2278e-03     427.0390    8.1413e+01    0.002926       92.6499         0.0387        92.6499      3093.9504       0.1072     2.6000e-13      18799.999
 0.051820    20859.9004    0.081244    5.4617e-03     405.4450    7.7901e+01    0.002544       92.4598         0.0391        92.4598      3093.9504       0.1066     2.6000e-13      18799.999
 0.051960    20999.9004    0.081497    9.5030e-03     384.5510    9.1868e+01    0.003355       92.2697         0.0395        92.2697      3093.9504       0.1059     2.6000e-13      18799.999
 0.052100    21139.9004    0.081750    6.4517e-03     364.3900    8.5667e+01    0.002765       92.0796         0.0398        92.0796      3093.9504       0.1053     2.6000e-13      18799.999
 0.052240    21280.0000    0.082003    8.5791e-03     344.9990    9.4543e+01    0.003188       91.8894         0.0402        91.8894      3093.9504       0.1046     2.6000e-13      18799.999
 0.052380    21419.9004    0.082256    4.9721e-03     326.4200    8.4805e+01    0.002427       91.6994         0.0406        91.6994      3093.9504       0.1040     2.6000e-13      18799.999
 0.052520    21559.9004    0.082512    1.1590e-02     308.6450    1.0776e+02    0.003706       91.6617         0.0410        91.6617      3093.9504       0.1033     2.6000e-13      18799.999
 0.052660    21699.9004    0.082783    7.3678e-03     291.6950    9.8980e+01    0.002954       92.5378         0.0412        92.5378      3093.9504       0.1027     2.6000e-13      18799.999
 0.052800    21839.9004    0.083055    2.8255e-02     275.5570    1.4251e+02    0.005786       93.4140         0.0415        93.4140      3093.9504       0.1021     2.6000e-13      18799.999
 0.052940    21979.9004    0.083326    1.7576e-02     260.2290    1.3024e+02    0.004563       94.2901         0.0418        94.2901      3093.9504       0.1015     2.6000e-13      18799.999
 0.053080    22119.9004    0.083598    1.1793e-02     245.6860    1.2131e+02    0.003738       95.1663         0.0421        95.1663      3093.9504       0.1010     2.6000e-13      18799.999
 0.053220    22259.9004    0.083869    7.8589e-03     231.9180    1.1281e+02    0.003051       96.0424         0.0424        96.0424      3093.9504       0.1004     2.6000e-13      18799.999
 0.053360    22400.0000    0.084141    1.5026e-02     218.8890    1.3654e+02    0.004219       96.9192         0.0427        96.9192      3093.9504       0.0998     2.6000e-13      18799.999
 0.053500    22539.9004    0.084412    1.2687e-02     206.5840    1.3473e+02    0.003877       97.7947         0.0430        97.7947      3093.9504       0.0992     2.6000e-13      18799.999
 0.053640    22679.9004    0.084683    1.1185e-02     194.9690    1.3439e+02    0.003640       98.6708         0.0432        98.6708      3093.9504       0.0986     2.6000e-13      18799.999
 0.053780    22819.9004    0.084955    2.1441e-02     184.0110    1.6277e+02    0.005040       99.5470         0.0435        99.5470      3093.9504       0.0980     2.6000e-13      18799.999
 0.053920    22959.9004    0.085226    3.5316e-02     173.6820    1.8980e+02    0.006468      100.4232         0.0438       100.4232      3093.9504       0.0974     2.6000e-13      18799.999
 0.054020    23059.8984    0.085420    1.0760e-01     166.6750    2.5597e+02    0.011291      101.0490         0.0440       101.0490      3093.9504       0.0970     2.6000e-13      18799.999
 0.054040    23079.9004    0.085459    1.8295e-01     165.3060    2.9351e+02    0.014723      101.1741         0.0441       101.1741      3093.9504       0.0969     2.6000e-13      18799.999
 0.054060    23099.9004    0.085498    6.0735e-02     163.9530    2.2371e+02    0.008483      101.2993         0.0441       101.2993      3093.9504       0.0968     2.6000e-13      18799.999
 0.054200    23239.9004    0.085769    3.1450e-02     154.7920    1.9530e+02    0.006104      102.1754         0.0444       102.1754      3093.9504       0.0962     2.6000e-13      18799.999
 0.054340    23379.9004    0.086040    1.4446e-02     146.1670    1.6546e+02    0.004137      103.0516         0.0447       103.0516      3093.9504       0.0957     2.6000e-13      18799.999
 0.054480    23519.9004    0.086312    2.5600e-02     138.0510    1.9643e+02    0.005507      103.9277         0.0450       103.9277      3093.9504       0.0951     2.6000e-13      18799.999
 0.054620    23659.9004    0.086583    1.4691e-02     130.4160    1.7590e+02    0.004172      104.8039         0.0453       104.8039      3093.9504       0.0945     2.6000e-13      18799.999
 0.054760    23799.9004    0.086855    2.9466e-02     123.2330    2.1535e+02    0.005908      105.6800         0.0455       105.6800      3093.9504       0.0939     2.6000e-13      18799.999
 0.054900    23939.9004    0.087126    1.6951e-02     116.4770    1.9291e+02    0.004481      106.5562         0.0458       106.5562      3093.9504       0.0933     2.6000e-13      18799.999
 0.055040    24079.9004    0.087435    5.7498e-02     110.1210    2.6925e+02    0.008253      107.9353         0.0461       107.9353      3093.9504       0.0927     2.6000e-13      18799.999
 0.055180    24219.9004    0.087838    2.9229e-02     104.1410    2.3379e+02    0.005885      110.5719         0.0461       110.5719      3093.9504       0.0922     2.6000e-13      18799.999
 0.055320    24359.9004    0.088241    4.1807e-02      98.5169    2.6287e+02    0.007038      113.2085         0.0462       113.2085      3093.9504       0.0917     2.6000e-13      18799.999
 0.055460    24499.9004    0.088644    2.1270e-02      93.2268    2.2822e+02    0.005020      115.8451         0.0463       115.8451      3093.9504       0.0911     2.6000e-13      18799.999
 0.055540    24579.8984    0.088874    4.7787e-01      90.3454    5.0472e+02    0.023794      117.3517         0.0463       117.3517      3093.9504       0.0908     2.6000e-13      18799.999
 0.055560    24599.9004    0.088932    3.5446e-01      89.6403    4.7024e+02    0.020492      117.7284         0.0464       117.7284      3093.9504       0.0908     2.6000e-13      18799.999
 0.055600    24639.9004    0.089047    9.2368e-02      88.2493    3.3861e+02    0.010461      118.4817         0.0464       118.4817      3093.9504       0.0906     2.6000e-13      18799.999
 0.055740    24779.9004    0.089450    4.2008e-02      83.5650    2.8576e+02    0.007055      121.1183         0.0465       121.1183      3093.9504       0.0901     2.6000e-13      18799.999
 0.055880    24919.9004    0.089853    2.1076e-02      79.1563    2.4710e+02    0.004997      123.7549         0.0465       123.7549      3093.9504       0.0896     2.6000e-13      18799.999
 0.056020    25060.0000    0.090256    3.9666e-02      75.0051    2.9733e+02    0.006855      126.3933         0.0466       126.3933      3093.9504       0.0890     2.6000e-13      18799.999
 0.056160    25200.0000    0.090659    1.0888e-01      71.0980    3.9308e+02    0.011357      129.0299         0.0467       129.0299      3093.9504       0.0885     2.6000e-13      18799.999
 0.056260    25299.9004    0.090947    4.0454e-01      68.4479    5.5621e+02    0.021892      130.9114         0.0468       130.9114      3093.9504       0.0881     2.6000e-13      18799.999
 0.056300    25339.9004    0.091062    8.2432e-02      67.4194    3.7654e+02    0.009882      131.6647         0.0468       131.6647      3093.9504       0.0880     2.6000e-13      18799.999
 0.056440    25479.9004    0.091465    1.1369e-01      63.9544    4.1896e+02    0.011606      134.3013         0.0469       134.3013      3093.9504       0.0874     2.6000e-13      18799.999
 0.056580    25619.9004    0.091868    1.2184e-01      60.6888    4.3759e+02    0.012015      136.9379         0.0470       136.9379      3093.9504       0.0869     2.6000e-13      18799.999
 0.056720    25759.9004    0.092271    3.3150e-02      57.6120    3.2437e+02    0.006267      139.5745         0.0470       139.5745      3093.9504       0.0864     2.6000e-13      18799.999
 0.056860    25899.9004    0.092674    5.4873e-02      54.7131    3.7755e+02    0.008063      142.2111         0.0471       142.2111      3093.9504       0.0858     2.6000e-13      18799.999
 0.057000    26039.9004    0.093077    8.2135e-02      51.9784    4.2845e+02    0.009865      144.8477         0.0472       144.8477      3093.9504       0.0853     2.6000e-13      18799.999
 0.057140    26179.9004    0.093480    7.7111e-02      49.4002    4.3260e+02    0.009558      147.4843         0.0473       147.4843      3093.9504       0.0848     2.6000e-13      18799.999
 0.057280    26319.9004    0.093883    1.0106e-01      46.9688    4.7469e+02    0.010942      150.1208         0.0474       150.1208      3093.9504       0.0843     2.6000e-13      18799.999
 0.057420    26459.9004    0.094286    2.3729e-02      44.6740    3.3882e+02    0.005302      152.7574         0.0474       152.7574      3093.9504       0.0837     2.6000e-13      18799.999
 0.057560    26599.9004    0.094606    3.8893e-02      42.5085    3.9301e+02    0.006788      154.0040         0.0476       154.0040      3093.9504       0.0832     2.6000e-13      18799.999
 0.057700    26739.9004    0.094818    5.1096e-02      40.4645    4.3126e+02    0.007780      153.3972         0.0478       153.3972      3093.9504       0.0828     2.6000e-13      18799.999
 0.057820    26859.9004    0.094998    5.1128e-01      38.8031    7.8326e+02    0.024612      152.8772         0.0479       152.8772      3093.9504       0.0824     2.6000e-13      18799.999
 0.057840    26879.9004    0.095029    5.3305e-01      38.5340    7.9423e+02    0.025130      152.7905         0.0480       152.7905      3093.9504       0.0824     2.6000e-13      18799.999
 0.057840    26879.9004    0.095029    5.3305e-01      38.5340    7.9423e+02    0.025130      152.7905         0.0480       152.7905      3093.9504       0.0824     2.6000e-13      18799.999
 0.057860    26899.8984    0.095059    5.6326e-01      38.2672    8.0805e+02    0.025832      152.7038         0.0480       152.7038      3093.9504       0.0823     2.6000e-13      18799.999
 0.057980    27019.9004    0.095240    3.3587e-01      36.7105    7.2498e+02    0.019948      152.1837         0.0482       152.1837      3093.9504       0.0820     2.6000e-13      18799.999
 0.058120    27159.9004    0.095451    1.0340e-01      34.9879    5.5315e+02    0.011068      151.5769         0.0484       151.5769      3093.9504       0.0815     2.6000e-13      18799.999
 0.058260    27299.9004    0.095662    1.1495e-01      33.3600    5.8169e+02    0.011670      150.9702         0.0485       150.9702      3093.9504       0.0811     2.6000e-13      18799.999
 0.058400    27439.9004    0.095873    5.6011e-02      31.8211    4.9761e+02    0.008146      150.3634         0.0487       150.3634      3093.9504       0.0807     2.6000e-13      18799.999
 0.058540    27579.9004    0.096084    1.9978e-01      30.3663    7.0004e+02    0.015385      149.7567         0.0489       149.7567      3093.9504       0.0802     2.6000e-13      18799.999
 0.058680    27719.9004    0.096295    1.0013e-01      28.9900    6.0283e+02    0.010892      149.1499         0.0491       149.1499      3093.9504       0.0798     2.6000e-13      18799.999
 0.058820    27859.9004    0.096506    1.2944e-01      27.6885    6.5773e+02    0.012384      148.5431         0.0493       148.5431      3093.9504       0.0794     2.6000e-13      18799.999
 0.058960    27999.9004    0.096717    1.1966e-01      26.4563    6.5977e+02    0.011906      147.9364         0.0495       147.9364      3093.9504       0.0790     2.6000e-13      18799.999
 0.059100    28139.9004    0.096928    1.8491e-01      25.2903    7.5238e+02    0.014801      147.3296         0.0497       147.3296      3093.9504       0.0785     2.6000e-13      18799.999
 0.059240    28279.9004    0.097139    3.1411e-01      24.1862    8.7834e+02    0.019291      146.7229         0.0499       146.7229      3093.9504       0.0781     2.6000e-13      18799.999
 0.059380    28419.9004    0.097350    3.3600e-01      23.1409    9.1321e+02    0.019952      146.1161         0.0501       146.1161      3093.9504       0.0777     2.6000e-13      18799.999
 0.059520    28559.9004    0.097561    3.7129e-01      22.1506    9.5700e+02    0.020973      145.5093         0.0503       145.5093      3093.9504       0.0772     2.6000e-13      18799.999
 0.059660    28699.9004    0.097772    2.7148e-01      21.2120    9.0432e+02    0.017934      144.9026         0.0505       144.9026      3093.9504       0.0768     2.6000e-13      18799.999
 0.059800    28839.9004    0.097983    4.1560e-01      20.3226    1.0277e+03    0.022190      144.2958         0.0507       144.2958      3093.9504       0.0764     2.6000e-13      18799.999
 0.059940    28979.9004    0.098195    4.8833e-01      19.4795    1.0929e+03    0.024053      143.6891         0.0509       143.6891      3093.9504       0.0760     2.6000e-13      18799.999
 0.060080    29119.9004    0.098399    5.1340e-01      18.6799    1.1301e+03    0.024663      147.0583         0.0511       147.0583      3093.9504       0.0755     2.6000e-13      18799.999
 0.060220    29259.9004    0.098600    5.0213e-01      17.9217    1.1473e+03    0.024391      153.4094         0.0513       153.4094      3093.9504       0.0750     2.6000e-13      18799.999
 0.060360    29399.9004    0.098800    5.5626e-01      17.2022    1.2014e+03    0.025672      159.7605         0.0516       159.7605      3093.9504       0.0746     2.6000e-13      18799.999
 0.060500    29539.9004    0.099001    5.7350e-01      16.5196    1.2354e+03    0.026066      166.1116         0.0518       166.1116      3093.9504       0.0741     2.6000e-13      18799.999
 0.060640    29679.9004    0.099201    7.2617e-01      15.8715    1.3370e+03    0.029331      172.4629         0.0521       172.4629      3093.9504       0.0736     2.6000e-13      18799.999
 0.060780    29819.9004    0.099401    1.1276e+00      15.2563    1.5223e+03    0.036551      178.8140         0.0523       178.8140      3093.9504       0.0732     2.6000e-13      18799.999
 0.060840    29879.8984    0.099487    1.6900e+00      15.0022    1.6985e+03    0.044747      181.5359         0.0524       181.5359      3093.9504       0.0730     2.6000e-13      18799.999
 0.060860    29899.9004    0.099516    2.0029e+00      14.9187    1.7772e+03    0.048712      182.4431         0.0525       182.4431      3093.9504       0.0729     2.6000e-13      18799.999
 0.060880    29919.9023    0.099544    2.1822e+00      14.8359    1.8207e+03    0.050847      183.3506         0.0525       183.3506      3093.9504       0.0728     2.6000e-13      18799.999
 0.060900    29939.8984    0.099573    2.1835e+00      14.7536    1.8261e+03    0.050861      184.2578         0.0525       184.2578      3093.9504       0.0728     2.6000e-13      18799.999
 0.060920    29959.9004    0.099602    1.7854e+00      14.6721    1.7413e+03    0.045992      185.1650         0.0526       185.1650      3093.9504       0.0727     2.6000e-13      18799.999
 0.060920    29959.9004    0.099602    1.7854e+00      14.6721    1.7413e+03    0.045992      185.1650         0.0526       185.1650      3093.9504       0.0727     2.6000e-13      18799.999
 0.061060    30099.9004    0.099802    7.5853e-01      14.1170    1.4332e+03    0.029978      191.5161         0.0528       191.5161      3093.9504       0.0722     2.6000e-13      18799.999
 0.061200    30239.9004    0.100002    8.2609e-01      13.5898    1.4922e+03    0.031284      197.8674         0.0530       197.8674      3093.9504       0.0718     2.6000e-13      18799.999
 0.061340    30379.9004    0.100203    8.7084e-01      13.0888    1.5407e+03    0.032120      204.2185         0.0533       204.2185      3093.9504       0.0713     2.6000e-13      18799.999
 0.061480    30519.9004    0.100403    8.7016e-01      12.6124    1.5692e+03    0.032108      210.5696         0.0535       210.5696      3093.9504       0.0708     2.6000e-13      18799.999
 0.061620    30659.9004    0.100604    8.2322e-01      12.1597    1.5761e+03    0.031230      216.9207         0.0538       216.9207      3093.9504       0.0704     2.6000e-13      18799.999
 0.061760    30799.9004    0.100804    8.1548e-01      11.7290    1.6010e+03    0.031083      223.2717         0.0540       223.2717      3093.9504       0.0699     2.6000e-13      18799.999
 0.061900    30939.9004    0.101004    1.0208e+00      11.3194    1.7239e+03    0.034776      229.6230         0.0543       229.6230      3093.9504       0.0694     2.6000e-13      18799.999
 0.062040    31079.9004    0.101205    8.6612e-01      10.9297    1.6837e+03    0.032033      235.9741         0.0545       235.9741      3093.9504       0.0690     2.6000e-13      18799.999
 0.062180    31219.9004    0.101405    8.0195e-01      10.5589    1.6804e+03    0.030824      242.3252         0.0548       242.3252      3093.9504       0.0685     2.6000e-13      18799.999
 0.062320    31359.9004    0.101605    8.6245e-01      10.2059    1.7405e+03    0.031965      248.6763         0.0550       248.6763      3093.9504       0.0680     2.6000e-13      18799.999
 0.062460    31499.9004    0.101806    8.9677e-01       9.8698    1.7873e+03    0.032595      255.0276         0.0552       255.0276      3093.9504       0.0676     2.6000e-13      18799.999
 0.062600    31639.9004    0.101978    9.0283e-01       9.5498    1.8200e+03    0.032705      252.6643         0.0553       252.6643      3093.9504       0.0673     2.6000e-13      18799.999
 0.062740    31779.9004    0.102138    9.1253e-01       9.2451    1.8547e+03    0.032880      246.8159         0.0554       246.8159      3093.9504       0.0671     2.6000e-13      18799.999
 0.062880    31919.9004    0.102299    9.5325e-01       8.9547    1.9053e+03    0.033606      240.9673         0.0554       240.9673      3093.9504       0.0668     2.6000e-13      18799.999
 0.063020    32059.9004    0.102460    9.4405e-01       8.6780    1.9307e+03    0.033443      235.1187         0.0555       235.1187      3093.9504       0.0666     2.6000e-13      18799.999
 0.063160    32199.9004    0.102620    9.6182e-01       8.4143    1.9699e+03    0.033757      229.2700         0.0555       229.2700      3093.9504       0.0664     2.6000e-13      18799.999
 0.063300    32339.9004    0.102781    1.4573e+00       8.1630    2.2189e+03    0.041551      223.4216         0.0556       223.4216      3093.9504       0.0662     2.6000e-13      18799.999
 0.063440    32479.9004    0.102941    1.1359e+00       7.9233    2.1162e+03    0.036684      217.5728         0.0556       217.5728      3093.9504       0.0659     2.6000e-13      18799.999
 0.063580    32619.9004    0.103102    1.1131e+00       7.6948    2.1366e+03    0.036315      211.7244         0.0557       211.7244      3093.9504       0.0657     2.6000e-13      18799.999
 0.063720    32759.9004    0.103263    1.1906e+00       7.4768    2.2043e+03    0.037557      205.8757         0.0557       205.8757      3093.9504       0.0655     2.6000e-13      18799.999
 0.063860    32899.8984    0.103423    1.1404e+00       7.2688    2.2116e+03    0.036758      200.0271         0.0557       200.0271      3093.9504       0.0653     2.6000e-13      18799.999
 0.064000    33039.8984    0.103584    1.2195e+00       7.0704    2.2803e+03    0.038010      194.1785         0.0558       194.1785      3093.9504       0.0651     2.6000e-13      18799.999
 0.064140    33179.8984    0.103744    1.3437e+00       6.8809    2.3683e+03    0.039900      188.3301         0.0558       188.3301      3093.9504       0.0648     2.6000e-13      18799.999
 0.064280    33319.8984    0.103905    1.1137e+00       6.7002    2.2900e+03    0.036325      182.4812         0.0559       182.4812      3093.9504       0.0646     2.6000e-13      18799.999
 0.064420    33459.8984    0.104066    1.1725e+00       6.5275    2.3501e+03    0.037271      176.6328         0.0559       176.6328      3093.9504       0.0644     2.6000e-13      18799.999
 0.064560    33599.8984    0.104226    9.2984e-01       6.3626    2.2463e+03    0.033191      170.7842         0.0560       170.7842      3093.9504       0.0642     2.6000e-13      18799.999
 0.064700    33739.8984    0.104387    7.7524e-01       6.2051    2.1735e+03    0.030306      164.9355         0.0560       164.9355      3093.9504       0.0639     2.6000e-13      18799.999
 0.064840    33879.8984    0.104547    7.6467e-01       6.0547    2.1928e+03    0.030099      159.0872         0.0561       159.0872      3093.9504       0.0637     2.6000e-13      18799.999
 0.064980    34019.8984    0.104708    7.6565e-01       5.9110    2.2200e+03    0.030118      153.2385         0.0561       153.2385      3093.9504       0.0635     2.6000e-13      18799.999
 0.065120    34159.8984    0.104923    7.3677e-01       5.7736    2.2248e+03    0.029545      154.6421         0.0561       154.6421      3093.9504       0.0632     2.6000e-13      18799.999
 0.065260    34299.8984    0.105146    7.6098e-01       5.6423    2.2688e+03    0.030026      157.2545         0.0562       157.2545      3093.9504       0.0629     2.6000e-13      18799.999
 0.065400    34439.8984    0.105370    7.6238e-01       5.5167    2.2955e+03    0.030054      159.8668         0.0562       159.8668      3093.9504       0.0626     2.6000e-13      18799.999
 0.065540    34579.8984    0.105594    7.9186e-01       5.3967    2.3430e+03    0.030629      162.4792         0.0563       162.4792      3093.9504       0.0623     2.6000e-13      18799.999
 0.065680    34719.8984    0.105817    9.4415e-01       5.2819    2.4748e+03    0.033445      165.0916         0.0563       165.0916      3093.9504       0.0620     2.6000e-13      18799.999
 0.065820    34859.8984    0.106041    1.0028e+00       5.1720    2.5389e+03    0.034468      167.7039         0.0564       167.7039      3093.9504       0.0617     2.6000e-13      18799.999
 0.065960    34999.8984    0.106265    1.3242e+00       5.0670    2.7498e+03    0.039609      170.3162         0.0564       170.3162      3093.9504       0.0614     2.6000e-13      18799.999
 0.066100    35139.8984    0.106488    1.3654e+00       4.9664    2.7988e+03    0.040219      172.9286         0.0565       172.9286      3093.9504       0.0611     2.6000e-13      18799.999
 0.066240    35279.8984    0.106712    1.0015e+00       4.8702    2.6156e+03    0.034446      175.5409         0.0565       175.5409      3093.9504       0.0608     2.6000e-13      18799.999
 0.066340    35379.8984    0.106872    3.7243e+00       4.8039    3.6571e+03    0.066426      177.4069         0.0566       177.4069      3093.9504       0.0606     2.6000e-13      18799.999
 0.066360    35399.8984    0.106904    3.6478e+00       4.7910    3.6431e+03    0.065740      177.7800         0.0566       177.7800      3093.9504       0.0606     2.6000e-13      18799.999
 0.066380    35419.8984    0.106936    3.4147e+00       4.7780    3.5883e+03    0.063605      178.1533         0.0566       178.1533      3093.9504       0.0606     2.6000e-13      18799.999
 0.066380    35419.9023    0.106936    3.4147e+00       4.7780    3.5883e+03    0.063605      178.1533         0.0566       178.1533      3093.9504       0.0606     2.6000e-13      18799.999
 0.066520    35559.8984    0.107159    2.1284e+00       4.6898    3.2182e+03    0.050215      180.7655         0.0566       180.7655      3093.9504       0.0603     2.6000e-13      18799.999
 0.066660    35699.8984    0.107383    2.2749e+00       4.6054    3.3021e+03    0.051916      183.3779         0.0567       183.3779      3093.9504       0.0600     2.6000e-13      18799.999
 0.066800    35839.8984    0.107607    2.7422e+00       4.5245    3.4907e+03    0.056998      185.9902         0.0567       185.9902      3093.9504       0.0597     2.6000e-13      18799.999
 0.066940    35979.8984    0.107830    2.0030e+00       4.4470    3.2551e+03    0.048713      188.6027         0.0568       188.6027      3093.9504       0.0594     2.6000e-13      18799.999
 0.067080    36119.8984    0.108054    1.8779e+00       4.3728    3.2301e+03    0.047168      191.2150         0.0568       191.2150      3093.9504       0.0591     2.6000e-13      18799.999
 0.067220    36259.8984    0.108278    1.8239e+00       4.3017    3.2330e+03    0.046485      193.8273         0.0569       193.8273      3093.9504       0.0588     2.6000e-13      18799.999
 0.067360    36399.8984    0.108501    1.8942e+00       4.2335    3.2899e+03    0.047373      196.4396         0.0569       196.4396      3093.9504       0.0585     2.6000e-13      18799.999
 0.067500    36539.8984    0.108725    1.7735e+00       4.1681    3.2615e+03    0.045838      199.0520         0.0569       199.0520      3093.9504       0.0582     2.6000e-13      18799.999
 0.067640    36679.8984    0.109154    1.5093e+00       4.1055    3.1564e+03    0.042287      199.8941         0.0567       199.8941      3093.9504       0.0580     2.6000e-13      18799.999
 0.067780    36819.8984    0.109584    1.2508e+00       4.0454    3.0338e+03    0.038495      200.7362         0.0564       200.7362      3093.9504       0.0578     2.6000e-13      18799.999
 0.067920    36959.8984    0.110013    2.0767e+00       3.9878    3.4686e+03    0.049602      201.5782         0.0561       201.5782      3093.9504       0.0576     2.6000e-13      18799.999
 0.068060    37099.8984    0.110443    2.2509e+00       3.9326    3.5639e+03    0.051640      202.4203         0.0558       202.4203      3093.9504       0.0574     2.6000e-13      18799.999
 0.068140    37179.8984    0.110688    4.5080e+00       3.9020    4.2563e+03    0.073081      202.9015         0.0556       202.9015      3093.9504       0.0573     2.6000e-13      18799.999
 0.068200    37239.8984    0.110872    7.2077e+00       3.8796    4.7999e+03    0.092408      203.2624         0.0555       203.2624      3093.9504       0.0572     2.6000e-13      18799.999
 0.068280    37319.8984    0.111117    1.5931e+01       3.8502    5.8748e+03    0.137381      203.7435         0.0554       203.7435      3093.9504       0.0571     2.6000e-13      18799.999
 0.068340    37379.8984    0.111301    3.0409e+01       3.8287    6.9247e+03    0.189809      204.1045         0.0552       204.1045      3093.9504       0.0570     2.6000e-13      18799.999
 0.068340    37379.9023    0.111301    3.0409e+01       3.8287    6.9247e+03    0.189809      204.1045         0.0552       204.1045      3093.9504       0.0570     2.6000e-13      18799.999
 0.068360    37399.9023    0.111363    1.9777e+01       3.8216    6.2244e+03    0.153072      204.2247         0.0552       204.2247      3093.9504       0.0570     2.6000e-13      18799.999
 0.068380    37419.8984    0.111424    7.6075e+00       3.8146    4.9064e+03    0.094936      204.3450         0.0552       204.3450      3093.9504       0.0570     2.6000e-13      18799.999
 0.068480    37519.8984    0.111731    2.0542e+00       3.7799    3.5530e+03    0.049333      204.9465         0.0549       204.9465      3093.9504       0.0568     2.6000e-13      18799.999
 0.068620    37659.8984    0.112160    9.5956e-01       3.7331    2.9557e+03    0.033717      205.7886         0.0547       205.7886      3093.9504       0.0567     2.6000e-13      18799.999
 0.068760    37799.8984    0.112590    1.0848e+00       3.6881    3.0663e+03    0.035850      206.6306         0.0544       206.6306      3093.9504       0.0565     2.6000e-13      18799.999
 0.068900    37939.8984    0.113019    1.0459e+00       3.6450    3.0564e+03    0.035202      207.4727         0.0541       207.4727      3093.9504       0.0563     2.6000e-13      18799.999
 0.069040    38079.8984    0.113448    9.9830e-01       3.6035    3.0383e+03    0.034391      208.3148         0.0538       208.3148      3093.9504       0.0561     2.6000e-13      18799.999
 0.069180    38219.8984    0.113878    1.2358e+00       3.5637    3.2226e+03    0.038264      209.1569         0.0535       209.1569      3093.9504       0.0559     2.6000e-13      18799.999
 0.069320    38359.8984    0.114307    1.8784e+00       3.5255    3.5976e+03    0.047175      209.9990         0.0532       209.9990      3093.9504       0.0557     2.6000e-13      18799.999
 0.069460    38499.8984    0.114737    2.2085e+00       3.4888    3.7659e+03    0.051152      210.8410         0.0529       210.8410      3093.9504       0.0555     2.6000e-13      18799.999
 0.069600    38639.8984    0.115166    2.4380e+00       3.4535    3.8798e+03    0.053744      211.6831         0.0527       211.6831      3093.9504       0.0553     2.6000e-13      18799.999
 0.069740    38779.8984    0.115596    2.6657e+00       3.4196    3.9869e+03    0.056197      212.5251         0.0524       212.5251      3093.9504       0.0551     2.6000e-13      18799.999
 0.069880    38919.8984    0.116025    3.0615e+00       3.3870    4.1472e+03    0.060225      213.3672         0.0521       213.3672      3093.9504       0.0549     2.6000e-13      18799.999
 0.070020    39059.8984    0.116412    2.5173e+00       3.3557    3.9675e+03    0.054611      213.4695         0.0519       213.4695      3093.9504       0.0547     2.6000e-13      18799.999
 0.070160    39199.8984    0.116545    2.4167e+00       3.3256    3.9450e+03    0.053509      209.1318         0.0520       209.1318      3093.9504       0.0544     2.6000e-13      18799.999
 0.070300    39339.8984    0.116679    2.4827e+00       3.2967    3.9890e+03    0.054234      204.7944         0.0522       204.7944      3093.9504       0.0541     2.6000e-13      18799.999
 0.070440    39479.8984    0.116812    2.5807e+00       3.2689    4.0449e+03    0.055294      200.4565         0.0523       200.4565      3093.9504       0.0538     2.6000e-13      18799.999
 0.070580    39619.8984    0.116945    2.4401e+00       3.2421    4.0051e+03    0.053767      196.1191         0.0524       196.1191      3093.9504       0.0535     2.6000e-13      18799.999
 0.070720    39759.8984    0.117079    2.1379e+00       3.2163    3.8904e+03    0.050327      191.7815         0.0526       191.7815      3093.9504       0.0533     2.6000e-13      18799.999
 0.070860    39899.8984    0.117212    1.7753e+00       3.1916    3.7281e+03    0.045861      187.4438         0.0527       187.4438      3093.9504       0.0530     2.6000e-13      18799.999
 0.071000    40039.8984    0.117345    1.4439e+00       3.1678    3.5537e+03    0.041360      183.1062         0.0529       183.1062      3093.9504       0.0527     2.6000e-13      18799.999
 0.071140    40179.8984    0.117479    1.2279e+00       3.1448    3.4251e+03    0.038141      178.7688         0.0530       178.7688      3093.9504       0.0524     2.6000e-13      18799.999
 0.071280    40319.8984    0.117612    1.3016e+00       3.1228    3.4876e+03    0.039269      174.4309         0.0532       174.4309      3093.9504       0.0521     2.6000e-13      18799.999
 0.071420    40459.8984    0.117745    1.4154e+00       3.1015    3.5736e+03    0.040949      170.0935         0.0533       170.0935      3093.9504       0.0518     2.6000e-13      18799.999
 0.071560    40599.8984    0.117879    1.1238e+00       3.0811    3.3845e+03    0.036489      165.7559         0.0535       165.7559      3093.9504       0.0515     2.6000e-13      18799.999
 0.071700    40739.8984    0.118012    1.1214e+00       3.0614    3.3936e+03    0.036450      161.4182         0.0536       161.4182      3093.9504       0.0512     2.6000e-13      18799.999
 0.071840    40879.8984    0.118145    1.0041e+00       3.0425    3.3114e+03    0.034491      157.0806         0.0538       157.0806      3093.9504       0.0509     2.6000e-13      18799.999
 0.071980    41019.8984    0.118279    9.1557e-01       3.0242    3.2456e+03    0.032935      152.7432         0.0539       152.7432      3093.9504       0.0506     2.6000e-13      18799.999
 0.072120    41159.8984    0.118412    9.1403e-01       3.0066    3.2537e+03    0.032907      148.4055         0.0541       148.4055      3093.9504       0.0503     2.6000e-13      18799.999
 0.072260    41299.8984    0.118545    9.4730e-01       2.9897    3.2922e+03    0.033501      144.0679         0.0542       144.0679      3093.9504       0.0500     2.6000e-13      18799.999
 0.072400    41439.8984    0.118679    8.2700e-01       2.9734    3.1910e+03    0.031302      139.7302         0.0543       139.7302      3093.9504       0.0497     2.6000e-13      18799.999
 0.072540    41579.8984    0.118787    9.4725e-01       2.9577    3.3099e+03    0.033500      137.2327         0.0545       137.2327      3093.9504       0.0495     2.6000e-13      18799.999
 0.072680    41719.8984    0.118831    1.0325e+00       2.9426    3.3907e+03    0.034974      139.3350         0.0546       139.3350      3093.9504       0.0493     2.6000e-13      18799.999
 0.072820    41859.8984    0.118876    1.4186e+00       2.9280    3.6801e+03    0.040996      141.4373         0.0547       141.4373      3093.9504       0.0492     2.6000e-13      18799.999
 0.072960    41999.8984    0.118921    1.0439e+00       2.9139    3.4167e+03    0.035167      143.5396         0.0547       143.5396      3093.9504       0.0491     2.6000e-13      18799.999
 0.073100    42139.8984    0.118966    1.2427e+00       2.9003    3.5772e+03    0.038371      145.6419         0.0548       145.6419      3093.9504       0.0489     2.6000e-13      18799.999
 0.073240    42279.8984    0.119010    1.0441e+00       2.8873    3.4325e+03    0.035170      147.7442         0.0549       147.7442      3093.9504       0.0488     2.6000e-13      18799.999
 0.073380    42419.8984    0.119055    9.5187e-01       2.8747    3.3615e+03    0.033582      149.8465         0.0550       149.8465      3093.9504       0.0486     2.6000e-13      18799.999
 0.073520    42559.8984    0.119100    9.5020e-01       2.8625    3.3671e+03    0.033552      151.9488         0.0551       151.9488      3093.9504       0.0485     2.6000e-13      18799.999
 0.073660    42699.8984    0.119144    9.7892e-01       2.8508    3.3992e+03    0.034055      154.0511         0.0552       154.0511      3093.9504       0.0483     2.6000e-13      18799.999
 0.073800    42839.8984    0.119189    9.5114e-01       2.8395    3.3816e+03    0.033569      156.1534         0.0553       156.1534      3093.9504       0.0482     2.6000e-13      18799.999
 0.073940    42979.8984    0.119234    1.0197e+00       2.8286    3.4476e+03    0.034758      158.2557         0.0554       158.2557      3093.9504       0.0481     2.6000e-13      18799.999
 0.074080    43119.8984    0.119278    1.3045e+00       2.8180    3.6734e+03    0.039313      160.3580         0.0555       160.3580      3093.9504       0.0479     2.6000e-13      18799.999
 0.074220    43259.8984    0.119323    1.1310e+00       2.8079    3.5510e+03    0.036605      162.4603         0.0556       162.4603      3093.9504       0.0478     2.6000e-13      18799.999
 0.074360    43399.8984    0.119368    1.0977e+00       2.7981    3.5308e+03    0.036063      164.5626         0.0557       164.5626      3093.9504       0.0476     2.6000e-13      18799.999
 0.074500    43539.8984    0.119412    1.1771e+00       2.7887    3.5990e+03    0.037344      166.6649         0.0558       166.6649      3093.9504       0.0475     2.6000e-13      18799.999
 0.074640    43679.8984    0.119457    9.1284e-01       2.7795    3.3829e+03    0.032886      168.7672         0.0558       168.7672      3093.9504       0.0474     2.6000e-13      18799.999
 0.074780    43819.8984    0.119502    8.2298e-01       2.7707    3.3016e+03    0.031225      170.8694         0.0559       170.8694      3093.9504       0.0472     2.6000e-13      18799.999
 0.074920    43959.8984    0.119546    8.5844e-01       2.7622    3.3418e+03    0.031891      172.9717         0.0560       172.9717      3093.9504       0.0471     2.6000e-13      18799.999
 0.075060    44099.8984    0.119598    8.6920e-01       2.7540    3.3572e+03    0.032090      174.7124         0.0562       174.7124      3093.9504       0.0469     2.6000e-13      18799.999
 0.075200    44239.8984    0.119660    8.9714e-01       2.7461    3.3887e+03    0.032602      175.9712         0.0564       175.9712      3093.9504       0.0466     2.6000e-13      18799.999
 0.075340    44379.8984    0.119721    9.9311e-01       2.7384    3.4808e+03    0.034301      177.2299         0.0566       177.2299      3093.9504       0.0463     2.6000e-13      18799.999
 0.075480    44519.8984    0.119782    1.1327e+00       2.7310    3.6020e+03    0.036633      178.4886         0.0568       178.4886      3093.9504       0.0460     2.6000e-13      18799.999
 0.075620    44659.8984    0.119844    1.1217e+00       2.7239    3.5979e+03    0.036454      179.7473         0.0571       179.7473      3093.9504       0.0457     2.6000e-13      18799.999
 0.075760    44799.8984    0.119905    1.5690e+00       2.7170    3.9178e+03    0.043115      181.0060         0.0573       181.0060      3093.9504       0.0454     2.6000e-13      18799.999
 0.075900    44939.8984    0.119966    1.6555e+00       2.7103    3.9756e+03    0.044288      182.2647         0.0575       182.2647      3093.9504       0.0451     2.6000e-13      18799.999
 0.076040    45079.8984    0.120028    2.8706e+00       2.7038    4.5675e+03    0.058317      183.5234         0.0577       183.5234      3093.9504       0.0448     2.6000e-13      18799.999
 0.076180    45219.8984    0.120089    1.3451e+00       2.6976    3.7834e+03    0.039921      184.7822         0.0580       184.7822      3093.9504       0.0446     2.6000e-13      18799.999
 0.076320    45359.8984    0.120150    1.3040e+00       2.6916    3.7583e+03    0.039305      186.0409         0.0582       186.0409      3093.9504       0.0443     2.6000e-13      18799.999
 0.076460    45499.8984    0.120211    1.0538e+00       2.6858    3.5673e+03    0.035334      187.2995         0.0584       187.2995      3093.9504       0.0440     2.6000e-13      18799.999
 0.076600    45639.8984    0.120273    9.6236e-01       2.6801    3.4909e+03    0.033766      188.5583         0.0586       188.5583      3093.9504       0.0437     2.6000e-13      18799.999
 0.076740    45779.8984    0.120334    9.2066e-01       2.6747    3.4559e+03    0.033027      189.8170         0.0588       189.8170      3093.9504       0.0434     2.6000e-13      18799.999
 0.076880    45919.8984    0.120395    8.5768e-01       2.6695    3.3986e+03    0.031877      191.0757         0.0591       191.0757      3093.9504       0.0431     2.6000e-13      18799.999
 0.077020    46059.8984    0.120457    8.6154e-01       2.6644    3.4056e+03    0.031949      192.3344         0.0593       192.3344      3093.9504       0.0428     2.6000e-13      18799.999
 0.077160    46199.8984    0.120518    8.5393e-01       2.6595    3.4012e+03    0.031807      193.5931         0.0595       193.5931      3093.9504       0.0425     2.6000e-13      18799.999
 0.077300    46339.8984    0.120579    8.9802e-01       2.6547    3.4474e+03    0.032618      194.8518         0.0597       194.8518      3093.9504       0.0422     2.6000e-13      18799.999
 0.077440    46479.8984    0.120641    9.3399e-01       2.6501    3.4844e+03    0.033265      196.1106         0.0599       196.1106      3093.9504       0.0419     2.6000e-13      18799.999
 0.077580    46619.8984    0.120703    9.7400e-01       2.6456    3.5241e+03    0.033970      196.8046         0.0601       196.8046      3093.9504       0.0417     2.6000e-13      18799.999
 0.077720    46759.8984    0.120765    9.8828e-01       2.6413    3.5398e+03    0.034218      197.0752         0.0603       197.0752      3093.9504       0.0415     2.6000e-13      18799.999
 0.077860    46899.8984    0.120827    1.0341e+00       2.6372    3.5830e+03    0.035003      197.3458         0.0604       197.3458      3093.9504       0.0413     2.6000e-13      18799.999
 0.078000    47039.8984    0.120890    1.0634e+00       2.6332    3.6108e+03    0.035494      197.6164         0.0606       197.6164      3093.9504       0.0410     2.6000e-13      18799.999
 0.078140    47179.8984    0.120952    1.1958e+00       2.6292    3.7211e+03    0.037639      197.8870         0.0607       197.8870      3093.9504       0.0408     2.6000e-13      18799.999
 0.078280    47319.8984    0.121015    1.2616e+00       2.6255    3.7740e+03    0.038662      198.1576         0.0609       198.1576      3093.9504       0.0406     2.6000e-13      18799.999
 0.078420    47459.8984    0.121077    1.2391e+00       2.6218    3.7597e+03    0.038315      198.4282         0.0610       198.4282      3093.9504       0.0404     2.6000e-13      18799.999
 0.078560    47599.8984    0.121139    1.1152e+00       2.6183    3.6644e+03    0.036348      198.6988         0.0612       198.6988      3093.9504       0.0402     2.6000e-13      18799.999
 0.078700    47739.8984    0.121202    9.1555e-01       2.6149    3.4904e+03    0.032935      198.9694         0.0613       198.9694      3093.9504       0.0400     2.6000e-13      18799.999
 0.078840    47879.8984    0.121264    8.6158e-01       2.6115    3.4400e+03    0.031949      199.2400         0.0615       199.2400      3093.9504       0.0397     2.6000e-13      18799.999
 0.078980    48019.8984    0.121326    8.9520e-01       2.6083    3.4752e+03    0.032567      199.5105         0.0616       199.5105      3093.9504       0.0395     2.6000e-13      18799.999
 0.079120    48159.8984    0.121389    9.5831e-01       2.6052    3.5370e+03    0.033695      199.7811         0.0618       199.7811      3093.9504       0.0393     2.6000e-13      18799.999
 0.079260    48299.8984    0.121451    9.1021e-01       2.6022    3.4938e+03    0.032839      200.0517         0.0619       200.0517      3093.9504       0.0391     2.6000e-13      18799.999
 0.079400    48439.8984    0.121514    8.9507e-01       2.5993    3.4811e+03    0.032564      200.3223         0.0621       200.3223      3093.9504       0.0389     2.6000e-13      18799.999
 0.079540    48579.8984    0.121576    1.1411e+00       2.5964    3.7010e+03    0.036769      200.5929         0.0622       200.5929      3093.9504       0.0386     2.6000e-13      18799.999
 0.079680    48719.8984    0.121638    1.9382e+00       2.5937    4.2273e+03    0.047920      200.8635         0.0624       200.8635      3093.9504       0.0384     2.6000e-13      18799.999
 0.079820    48859.8984    0.121701    2.1559e+00       2.5911    4.3436e+03    0.050539      201.1341         0.0625       201.1341      3093.9504       0.0382     2.6000e-13      18799.999
 0.079960    48999.8984    0.121763    1.8303e+00       2.5885    4.1714e+03    0.046566      201.4047         0.0627       201.4047      3093.9504       0.0380     2.6000e-13      18799.999
 0.080100    49139.8984    0.121991    1.1426e+00       2.5860    3.7097e+03    0.036792      204.3391         0.0622       204.3391      3093.9504       0.0382     2.6000e-13      18799.999
 0.080240    49279.8984    0.122286    2.1652e+00       2.5836    4.3545e+03    0.050648      208.3391         0.0615       208.3391      3093.9504       0.0385     2.6000e-13      18799.999
 0.080260    49299.9023    0.122328    3.3375e+00       2.5833    4.8523e+03    0.062881      208.9106         0.0614       208.9106      3093.9504       0.0386     2.6000e-13      18799.999
 0.080340    49379.8984    0.122496    2.5390e+01       2.5819    8.0607e+03    0.173439      211.1963         0.0611       211.1963      3093.9504       0.0388     2.6000e-13      18799.999
 0.080380    49419.8984    0.122580    8.2854e+00       2.5812    6.0931e+03    0.099076      212.3394         0.0609       212.3394      3093.9504       0.0389     2.6000e-13      18799.999
 0.080380    49419.8984    0.122580    8.2854e+00       2.5812    6.0931e+03    0.099076      212.3394         0.0609       212.3394      3093.9504       0.0389     2.6000e-13      18799.999
 0.080500    49539.8984    0.122832    5.4369e+00       2.5793    5.4861e+03    0.080258      215.7678         0.0603       215.7678      3093.9504       0.0392     2.6000e-13      18799.999
 0.080520    49559.8984    0.122874    2.9391e+00       2.5790    4.7044e+03    0.059010      216.3394         0.0602       216.3394      3093.9504       0.0392     2.6000e-13      18799.999
 0.080580    49619.9023    0.123001    4.2940e+00       2.5780    5.1731e+03    0.071325      218.0537         0.0599       218.0537      3093.9504       0.0394     2.6000e-13      18799.999
 0.080660    49699.8984    0.123169    3.1500e+00       2.5768    4.7887e+03    0.061089      220.3394         0.0595       220.3394      3093.9504       0.0396     2.6000e-13      18799.999
 0.080800    49839.8984    0.123463    4.8962e+00       2.5747    5.3491e+03    0.076163      224.3394         0.0588       224.3394      3093.9504       0.0399     2.6000e-13      18799.999
 0.080800    49839.8984    0.123463    4.8962e+00       2.5747    5.3491e+03    0.076163      224.3394         0.0588       224.3394      3093.9504       0.0399     2.6000e-13      18799.999
 0.080940    49979.8984    0.123758    5.6274e+00       2.5726    5.5408e+03    0.081652      228.3396         0.0581       228.3396      3093.9504       0.0403     2.6000e-13      18799.999
 0.080960    49999.8984    0.123800    3.9657e+00       2.5723    5.0769e+03    0.068544      228.9109         0.0581       228.9109      3093.9504       0.0403     2.6000e-13      18799.999
 0.081080    50119.8984    0.124052    3.0490e+00       2.5706    4.7555e+03    0.060102      232.3396         0.0575       232.3396      3093.9504       0.0406     2.6000e-13      18799.999
 0.081220    50259.8984    0.124346    2.7409e+00       2.5686    4.6323e+03    0.056985      236.3398         0.0568       236.3398      3093.9504       0.0410     2.6000e-13      18799.999
 0.081360    50399.8984    0.124641    2.4884e+00       2.5667    4.5234e+03    0.054296      240.3398         0.0561       240.3398      3093.9504       0.0413     2.6000e-13      18799.999
 0.081500    50539.8984    0.124935    1.9487e+00       2.5649    4.2567e+03    0.048049      244.3398         0.0554       244.3398      3093.9504       0.0417     2.6000e-13      18799.999
 0.081640    50679.8984    0.125230    1.8162e+00       2.5631    4.1839e+03    0.046386      248.3398         0.0548       248.3398      3093.9504       0.0420     2.6000e-13      18799.999
 0.081780    50819.8984    0.125524    1.3488e+00       2.5614    3.8853e+03    0.039975      252.3401         0.0541       252.3401      3093.9504       0.0424     2.6000e-13      18799.999
 0.081920    50959.8984    0.125818    1.3639e+00       2.5598    3.8973e+03    0.040197      256.3401         0.0534       256.3401      3093.9504       0.0427     2.6000e-13      18799.999
 0.082060    51099.8984    0.126113    1.3340e+00       2.5581    3.8771e+03    0.039755      260.3401         0.0527       260.3401      3093.9504       0.0431     2.6000e-13      18799.999
 0.082200    51239.8984    0.126407    1.1266e+00       2.5566    3.7178e+03    0.036534      264.3401         0.0521       264.3401      3093.9504       0.0434     2.6000e-13      18799.999
 0.082340    51379.8984    0.126702    1.1919e+00       2.5551    3.7717e+03    0.037578      268.3403         0.0514       268.3403      3093.9504       0.0438     2.6000e-13      18799.999
 0.082480    51519.8984    0.126996    1.1641e+00       2.5536    3.7506e+03    0.037137      272.3403         0.0507       272.3403      3093.9504       0.0441     2.6000e-13      18799.999
 0.082620    51659.8984    0.127057    1.0418e+00       2.5521    3.6490e+03    0.035132      267.2170         0.0506       267.2170      3093.9504       0.0442     2.6000e-13      18799.999
 0.082760    51799.8984    0.127078    1.0050e+00       2.5507    3.6173e+03    0.034506      260.5728         0.0505       260.5728      3093.9504       0.0442     2.6000e-13      18799.999
 0.082900    51939.8984    0.127100    8.9656e-01       2.5494    3.5164e+03    0.032591      253.9282         0.0504       253.9282      3093.9504       0.0443     2.6000e-13      18799.999
 0.083040    52079.8984    0.127122    8.5463e-01       2.5481    3.4755e+03    0.031820      247.2842         0.0504       247.2842      3093.9504       0.0443     2.6000e-13      18799.999
 0.083180    52219.8984    0.127144    8.0127e-01       2.5468    3.4208e+03    0.030811      240.6396         0.0503       240.6396      3093.9504       0.0444     2.6000e-13      18799.999
 0.083320    52359.8984    0.127166    7.6812e-01       2.5456    3.3856e+03    0.030167      233.9956         0.0502       233.9956      3093.9504       0.0444     2.6000e-13      18799.999
 0.083460    52499.8984    0.127187    7.4278e-01       2.5444    3.3582e+03    0.029665      227.3511         0.0502       227.3511      3093.9504       0.0444     2.6000e-13      18799.999
 0.083600    52639.8984    0.127209    7.4386e-01       2.5432    3.3602e+03    0.029686      220.7070         0.0501       220.7070      3093.9504       0.0445     2.6000e-13      18799.999
 0.083740    52779.8984    0.127231    7.2620e-01       2.5421    3.3408e+03    0.029332      214.0625         0.0501       214.0625      3093.9504       0.0445     2.6000e-13      18799.999
 0.083880    52919.8984    0.127253    7.3958e-01       2.5410    3.3568e+03    0.029601      207.4185         0.0500       207.4185      3093.9504       0.0445     2.6000e-13      18799.999
 0.084020    53059.8984    0.127275    7.7708e-01       2.5399    3.3993e+03    0.030342      200.7739         0.0499       200.7739      3093.9504       0.0446     2.6000e-13      18799.999
 0.084160    53199.8984    0.127296    8.3031e-01       2.5389    3.4567e+03    0.031364      194.1299         0.0499       194.1299      3093.9504       0.0446     2.6000e-13      18799.999
 0.084300    53339.8984    0.127318    9.0634e-01       2.5379    3.5340e+03    0.032769      187.4856         0.0498       187.4856      3093.9504       0.0447     2.6000e-13      18799.999
 0.084440    53479.8984    0.127340    9.5426e-01       2.5369    3.5805e+03    0.033624      180.8413         0.0498       180.8413      3093.9504       0.0447     2.6000e-13      18799.999
 0.084580    53619.8984    0.127362    9.4116e-01       2.5359    3.5688e+03    0.033392      174.1970         0.0497       174.1970      3093.9504       0.0447     2.6000e-13      18799.999
 0.084720    53759.8984    0.127383    9.2679e-01       2.5350    3.5558e+03    0.033136      167.5527         0.0496       167.5527      3093.9504       0.0448     2.6000e-13      18799.999
 0.084860    53899.8984    0.127405    9.4927e-01       2.5341    3.5778e+03    0.033536      160.9084         0.0496       160.9084      3093.9504       0.0448     2.6000e-13      18799.999
 0.085000    54039.8984    0.127427    9.7466e-01       2.5332    3.6021e+03    0.033981      154.2640         0.0495       154.2640      3093.9504       0.0448     2.6000e-13      18799.999
 0.085140    54179.8984    0.127523    1.0570e+00       2.5324    3.6765e+03    0.035388      156.1157         0.0499       156.1157      3093.9504       0.0444     2.6000e-13      18799.999
 0.085280    54319.8984    0.127618    1.2507e+00       2.5316    3.8350e+03    0.038493      157.9674         0.0502       157.9674      3093.9504       0.0439     2.6000e-13      18799.999
 0.085420    54459.8984    0.127714    1.5669e+00       2.5307    4.0580e+03    0.043086      159.8191         0.0506       159.8191      3093.9504       0.0434     2.6000e-13      18799.999
 0.085560    54599.8984    0.127810    1.8180e+00       2.5300    4.2123e+03    0.046410      161.6708         0.0510       161.6708      3093.9504       0.0429     2.6000e-13      18799.999
 0.085700    54739.8984    0.127906    1.8794e+00       2.5292    4.2481e+03    0.047187      163.5225         0.0513       163.5225      3093.9504       0.0425     2.6000e-13      18799.999
 0.085840    54879.8984    0.128001    1.9183e+00       2.5285    4.2705e+03    0.047673      165.3743         0.0517       165.3743      3093.9504       0.0420     2.6000e-13      18799.999
 0.085980    55019.8984    0.128097    1.9041e+00       2.5278    4.2632e+03    0.047496      167.2258         0.0521       167.2258      3093.9504       0.0415     2.6000e-13      18799.999
 0.086120    55159.8984    0.128193    1.7670e+00       2.5271    4.1848e+03    0.045754      169.0776         0.0525       169.0776      3093.9504       0.0411     2.6000e-13      18799.999
 0.086260    55299.8984    0.128288    1.6311e+00       2.5264    4.1025e+03    0.043959      170.9293         0.0528       170.9293      3093.9504       0.0406     2.6000e-13      18799.999
 0.086400    55439.8984    0.128384    1.5030e+00       2.5257    4.0200e+03    0.042198      172.7810         0.0532       172.7810      3093.9504       0.0401     2.6000e-13      18799.999
 0.086540    55579.8984    0.128480    1.3881e+00       2.5251    3.9414e+03    0.040554      174.6327         0.0536       174.6327      3093.9504       0.0396     2.6000e-13      18799.999
 0.086680    55719.8984    0.128575    1.3462e+00       2.5245    3.9117e+03    0.039936      176.4844         0.0539       176.4844      3093.9504       0.0392     2.6000e-13      18799.999
 0.086820    55859.8984    0.128671    1.3104e+00       2.5238    3.8859e+03    0.039401      178.3361         0.0543       178.3361      3093.9504       0.0387     2.6000e-13      18799.999
 0.086960    55999.8984    0.128767    1.2622e+00       2.5233    3.8502e+03    0.038670      180.1879         0.0547       180.1879      3093.9504       0.0382     2.6000e-13      18799.999
 0.087100    56139.8984    0.128863    1.2360e+00       2.5227    3.8304e+03    0.038266      182.0394         0.0550       182.0394      3093.9504       0.0377     2.6000e-13      18799.999
 0.087240    56279.8984    0.128958    1.2743e+00       2.5221    3.8602e+03    0.038855      183.8912         0.0554       183.8912      3093.9504       0.0373     2.6000e-13      18799.999
 0.087380    56419.8984    0.129054    1.2598e+00       2.5216    3.8496e+03    0.038634      185.7429         0.0558       185.7429      3093.9504       0.0368     2.6000e-13      18799.999
 0.087520    56559.8984    0.129153    1.1789e+00       2.5211    3.7866e+03    0.037372      187.3119         0.0561       187.3119      3093.9504       0.0364     2.6000e-13      18799.999
 0.087660    56699.8984    0.129276    1.1002e+00       2.5205    3.7222e+03    0.036104      187.1854         0.0561       187.1854      3093.9504       0.0362     2.6000e-13      18799.999
 0.087800    56839.8984    0.129398    1.0454e+00       2.5200    3.6753e+03    0.035192      187.0588         0.0562       187.0588      3093.9504       0.0360     2.6000e-13      18799.999
 0.087940    56979.8984    0.129521    1.0618e+00       2.5196    3.6900e+03    0.035468      186.9323         0.0562       186.9323      3093.9504       0.0358     2.6000e-13      18799.999
 0.088080    57119.8984    0.129643    1.1867e+00       2.5191    3.7944e+03    0.037496      186.8057         0.0562       186.8057      3093.9504       0.0357     2.6000e-13      18799.999
 0.088220    57259.8984    0.129766    1.3509e+00       2.5186    3.9197e+03    0.040006      186.6791         0.0563       186.6791      3093.9504       0.0355     2.6000e-13      18799.999
 0.088360    57399.8984    0.129888    1.7824e+00       2.5182    4.2013e+03    0.045953      186.5526         0.0563       186.5526      3093.9504       0.0353     2.6000e-13      18799.999
 0.088500    57539.8984    0.130010    2.1833e+00       2.5177    4.4203e+03    0.050859      186.4260         0.0563       186.4260      3093.9504       0.0352     2.6000e-13      18799.999
 0.088640    57679.8984    0.130133    2.1165e+00       2.5173    4.3865e+03    0.050075      186.2995         0.0564       186.2995      3093.9504       0.0350     2.6000e-13      18799.999
 0.088780    57819.8984    0.130255    1.9495e+00       2.5169    4.2976e+03    0.048059      186.1729         0.0564       186.1729      3093.9504       0.0348     2.6000e-13      18799.999
 0.088920    57959.8984    0.130378    1.9578e+00       2.5165    4.3025e+03    0.048161      186.0463         0.0564       186.0463      3093.9504       0.0346     2.6000e-13      18799.999
 0.089060    58099.8984    0.130500    1.9802e+00       2.5161    4.3151e+03    0.048436      185.9198         0.0565       185.9198      3093.9504       0.0345     2.6000e-13      18799.999
 0.089200    58239.8984    0.130622    1.9406e+00       2.5157    4.2937e+03    0.047949      185.7932         0.0565       185.7932      3093.9504       0.0343     2.6000e-13      18799.999
 0.089340    58379.8984    0.130745    2.0293e+00       2.5153    4.3422e+03    0.049032      185.6667         0.0565       185.6667      3093.9504       0.0341     2.6000e-13      18799.999
 0.089480    58519.8984    0.130867    2.1776e+00       2.5150    4.4198e+03    0.050792      185.5401         0.0566       185.5401      3093.9504       0.0340     2.6000e-13      18799.999
 0.089620    58659.8984    0.130990    2.3337e+00       2.5146    4.4973e+03    0.052582      185.4135         0.0566       185.4135      3093.9504       0.0338     2.6000e-13      18799.999
 0.089760    58799.8984    0.131112    2.0062e+00       2.5143    4.3308e+03    0.048753      185.2870         0.0566       185.2870      3093.9504       0.0336     2.6000e-13      18799.999
 0.089900    58939.8984    0.131235    1.2331e+00       2.5139    3.8348e+03    0.038222      185.1604         0.0567       185.1604      3093.9504       0.0335     2.6000e-13      18799.999
 0.090040    59079.8984    0.131348    1.8242e+00       2.5136    4.2296e+03    0.046489      185.3719         0.0567       185.3719      3093.9504       0.0333     2.6000e-13      18799.999
 0.090180    59219.8984    0.131438    1.3357e+00       2.5133    3.9128e+03    0.039780      186.4289         0.0567       186.4289      3093.9504       0.0332     2.6000e-13      18799.999
 0.090320    59359.8984    0.131528    1.5811e+00       2.5130    4.0815e+03    0.043280      187.4857         0.0567       187.4857      3093.9504       0.0331     2.6000e-13      18799.999
 0.090460    59499.8984    0.131619    1.3749e+00       2.5127    3.9417e+03    0.040360      188.5427         0.0568       188.5427      3093.9504       0.0329     2.6000e-13      18799.999
 0.090600    59639.8984    0.131709    1.6295e+00       2.5124    4.1129e+03    0.043938      189.5995         0.0568       189.5995      3093.9504       0.0328     2.6000e-13      18799.999
 0.090740    59779.8984    0.131799    1.8324e+00       2.5121    4.2356e+03    0.046593      190.6564         0.0568       190.6564      3093.9504       0.0327     2.6000e-13      18799.999
 0.090880    59919.8984    0.131890    2.1941e+00       2.5118    4.4310e+03    0.050985      191.7133         0.0568       191.7133      3093.9504       0.0326     2.6000e-13      18799.999
 0.091020    60059.8984    0.131980    2.0555e+00       2.5116    4.3595e+03    0.049348      192.7702         0.0568       192.7702      3093.9504       0.0325     2.6000e-13      18799.999
 0.091160    60199.8984    0.132070    1.6772e+00       2.5113    4.1436e+03    0.044577      193.8271         0.0568       193.8271      3093.9504       0.0323     2.6000e-13      18799.999
 0.091300    60339.8984    0.132161    1.6050e+00       2.5110    4.0985e+03    0.043606      194.8840         0.0569       194.8840      3093.9504       0.0322     2.6000e-13      18799.999
 0.091440    60479.8984    0.132251    1.4498e+00       2.5108    3.9958e+03    0.041445      195.9409         0.0569       195.9409      3093.9504       0.0321     2.6000e-13      18799.999
 0.091580    60619.8984    0.132341    1.2245e+00       2.5105    3.8308e+03    0.038089      196.9977         0.0569       196.9977      3093.9504       0.0320     2.6000e-13      18799.999
 0.091720    60759.8984    0.132432    9.7513e-01       2.5103    3.6189e+03    0.033989      198.0546         0.0569       198.0546      3093.9504       0.0319     2.6000e-13      18799.999
 0.091860    60899.8984    0.132522    9.7373e-01       2.5101    3.6178e+03    0.033965      199.1115         0.0569       199.1115      3093.9504       0.0318     2.6000e-13      18799.999
 0.095620    64659.8984    0.134319    1.9954e+00       2.5055    4.3325e+03    0.048622      190.3801         0.0591       190.3801      3093.9504       0.0276     2.6000e-13      18799.999
 0.095800    64839.8984    0.134578    2.4217e+00       2.5054    4.5475e+03    0.053564      194.4678         0.0590       194.4678      3093.9504       0.0274     2.6000e-13      18799.999
 0.096140    65179.8984    0.135068    3.6243e+00       2.5051    5.0301e+03    0.065528      202.1890         0.0587       202.1890      3093.9504       0.0272     2.6000e-13      18799.999
 0.096320    65359.9023    0.135327    2.9446e+00       2.5050    4.7756e+03    0.059064      206.2769         0.0585       206.2769      3093.9504       0.0271     2.6000e-13      18799.999
 0.096600    65639.8984    0.135731    3.6151e+00       2.5048    5.0272e+03    0.065445      212.6357         0.0583       212.6357      3093.9504       0.0269     2.6000e-13      18799.999
 0.096600    65639.9062    0.135731    3.6151e+00       2.5048    5.0272e+03    0.065445      212.6357         0.0583       212.6357      3093.9504       0.0269     2.6000e-13      18799.999
