Time (Myr)  Time-t0 (yr) Mstar (Msun)  Lstar (Lsun)  Rstar (Rsun)  Tstar (K)  Rdisk_in (AU)  Rdisk_out (AU)  Mdisk (Msun)  Renv_in (AU)  Renv_out (AU)  Menv (Msun)  Omega_0 (1/s)   c_s (cm/s)
 0.026580        0.0000    0.002399    0.0000e+00    1078.0000    0.0000e+00    0.000000        0.0000         0.0000         4.8647      2681.4238       0.1941     2.0000e-13      18799.999
 0.026780      199.9000    0.003975    1.0122e-03    1078.0000    3.1346e+01    0.001095        0.0000         0.0000         4.8647      2681.4238       0.1941     2.0000e-13      18799.999
 0.026980      399.9000    0.005551    1.2923e-03    1078.0000    3.3320e+01    0.001237        0.0000         0.0000         4.8647      2681.4238       0.1941     2.0000e-13      18799.999
 0.027180      599.8000    0.007127    1.5509e-03    1078.0000    3.4875e+01    0.001356        0.0000         0.0000         4.8647      2681.4238       0.1941     2.0000e-13      18799.999
 0.027380      799.9000    0.008704    1.7979e-03    1078.0000    3.6187e+01    0.001459        0.0000         0.0000         4.8647      2681.4238       0.1941     2.0000e-13      18799.999
 0.027580      999.8000    0.010189    2.0179e-03    1078.0000    3.7247e+01    0.001546        0.0000         0.0000         4.8647      2681.4238       0.1934     2.0000e-13      18799.999
 0.027780     1199.9000    0.011541    2.2066e-03    1078.0000    3.8089e+01    0.001617        0.0000         0.0000         4.8647      2681.4238       0.1917     2.0000e-13      18799.999
 0.027980     1399.9000    0.012892    2.3920e-03    1078.0000    3.8865e+01    0.001683        0.0000         0.0000         4.8647      2681.4238       0.1901     2.0000e-13      18799.999
 0.028180     1599.9000    0.014243    2.5746e-03    1078.0000    3.9586e+01    0.001746        0.0000         0.0000         4.8647      2681.4238       0.1884     2.0000e-13      18799.999
 0.028380     1799.9000    0.015594    2.7547e-03    1078.0000    4.0261e+01    0.001807        0.0000         0.0000         4.8647      2681.4238       0.1867     2.0000e-13      18799.999
 0.028580     1999.8000    0.016944    2.9325e-03    1078.0000    4.0896e+01    0.001864        0.0000         0.0000         4.8647      2681.4238       0.1851     2.0000e-13      18799.999
 0.028780     2199.8999    0.018295    3.1086e-03    1078.0000    4.1496e+01    0.001919        0.0000         0.0000         4.8647      2681.4238       0.1834     2.0000e-13      18799.999
 0.028980     2399.8000    0.019646    3.2829e-03    1078.0000    4.2066e+01    0.001972        0.0000         0.0000         4.8647      2681.4238       0.1817     2.0000e-13      18799.999
 0.029180     2599.8000    0.020996    3.4558e-03    1078.0000    4.2609e+01    0.002023        0.0000         0.0000         4.8647      2681.4238       0.1801     2.0000e-13      18799.999
 0.029380     2799.8000    0.022347    3.6274e-03    1078.0000    4.3129e+01    0.002073        0.0000         0.0000         4.8647      2681.4238       0.1784     2.0000e-13      18799.999
 0.029580     2999.8000    0.023698    3.7981e-03    1078.0000    4.3627e+01    0.002121        0.0000         0.0000         4.8647      2681.4238       0.1767     2.0000e-13      18799.999
 0.029780     3199.8000    0.025049    3.9678e-03    1078.0000    4.4107e+01    0.002168        0.0000         0.0000         4.8647      2681.4238       0.1751     2.0000e-13      18799.999
 0.029980     3399.8000    0.026400    4.1368e-03    1078.0000    4.4569e+01    0.002214        0.0000         0.0000         4.8647      2681.4238       0.1734     2.0000e-13      18799.999
 0.030180     3599.8000    0.027566    4.2765e-03    1078.0000    4.4941e+01    0.002251        0.0000         0.0000         4.8647      2681.4238       0.1724     2.0000e-13      18799.999
 0.030380     3799.8000    0.028712    4.4132e-03    1078.0000    4.5296e+01    0.002287        0.0000         0.0000         4.8647      2681.4238       0.1715     2.0000e-13      18799.999
 0.030580     3999.8000    0.029858    4.5500e-03    1078.0000    4.5643e+01    0.002322        0.0000         0.0000         4.8647      2681.4238       0.1706     2.0000e-13      18799.999
 0.030780     4199.8999    0.031005    4.6872e-03    1078.0000    4.5983e+01    0.002357        0.0000         0.0000         4.8647      2681.4238       0.1696     2.0000e-13      18799.999
 0.030980     4399.7998    0.032150    4.8245e-03    1078.0000    4.6316e+01    0.002391        0.0000         0.0000         4.8647      2681.4238       0.1687     2.0000e-13      18799.999
 0.031180     4599.7998    0.033296    4.9622e-03    1078.0000    4.6643e+01    0.002425        0.0000         0.0000         4.8647      2681.4238       0.1678     2.0000e-13      18799.999
 0.031380     4799.7998    0.034442    5.1004e-03    1078.0000    4.6964e+01    0.002458        0.0000         0.0000         4.8647      2681.4238       0.1669     2.0000e-13      18799.999
 0.031580     4999.7998    0.035588    5.2390e-03    1078.0000    4.7280e+01    0.002491        0.0000         0.0000         4.8647      2681.4238       0.1659     2.0000e-13      18799.999
 0.031780     5199.7998    0.036734    5.3782e-03    1078.0000    4.7591e+01    0.002524        0.0000         0.0000         4.8647      2681.4238       0.1650     2.0000e-13      18799.999
 0.031980     5399.7998    0.037880    5.5180e-03    1078.0000    4.7897e+01    0.002557        0.0000         0.0000         4.8647      2681.4238       0.1641     2.0000e-13      18799.999
 0.032180     5599.8999    0.039026    5.6585e-03    1078.0000    4.8200e+01    0.002589        0.0000         0.0000         4.8647      2681.4238       0.1632     2.0000e-13      18799.999
 0.032380     5799.8999    0.040172    5.7998e-03    1078.0000    4.8498e+01    0.002621        0.0000         0.0000         4.8647      2681.4238       0.1622     2.0000e-13      18799.999
 0.032580     5999.7998    0.041295    5.9386e-03    1078.0000    4.8785e+01    0.002652        0.0000         0.0000         4.8647      2681.4238       0.1612     2.0000e-13      18799.999
 0.032780     6199.8999    0.042385    6.0738e-03    1077.9900    4.9061e+01    0.002683        0.0000         0.0000         4.8647      2681.4238       0.1598     2.0000e-13      18799.999
 0.032980     6399.7998    0.043475    6.2098e-03    1077.9900    4.9333e+01    0.002712        0.0000         0.0000         4.8647      2681.4238       0.1585     2.0000e-13      18799.999
 0.033180     6599.7998    0.044564    6.3471e-03    1077.9900    4.9604e+01    0.002742        0.0000         0.0000         4.8647      2681.4238       0.1572     2.0000e-13      18799.999
 0.033380     6799.8999    0.045655    6.4858e-03    1077.9900    4.9872e+01    0.002772        0.0000         0.0000         4.8647      2681.4238       0.1559     2.0000e-13      18799.999
 0.033580     6999.7998    0.046744    6.6258e-03    1077.9800    5.0140e+01    0.002802        0.0000         0.0000         4.8647      2681.4238       0.1546     2.0000e-13      18799.999
 0.033780     7199.7998    0.047834    6.7673e-03    1077.9800    5.0405e+01    0.002832        0.0000         0.0000         4.8647      2681.4238       0.1533     2.0000e-13      18799.999
 0.033980     7399.7998    0.048924    6.9105e-03    1077.9700    5.0670e+01    0.002861        0.0000         0.0000         4.8647      2681.4238       0.1520     2.0000e-13      18799.999
 0.034180     7599.7998    0.050014    7.0556e-03    1077.9600    5.0934e+01    0.002891        0.0000         0.0000         4.8647      2681.4238       0.1507     2.0000e-13      18799.999
 0.034380     7799.7998    0.051104    7.2026e-03    1077.9500    5.1198e+01    0.002921        0.0000         0.0000         4.8647      2681.4238       0.1494     2.0000e-13      18799.999
 0.034580     7999.7998    0.052193    7.3519e-03    1077.9300    5.1461e+01    0.002951        0.0000         0.0000         4.8647      2681.4238       0.1480     2.0000e-13      18799.999
 0.034780     8199.7998    0.053283    7.5036e-03    1077.9100    5.1725e+01    0.002982        0.0000         0.0000         4.8647      2681.4238       0.1467     2.0000e-13      18799.999
 0.034980     8399.9004    0.054374    7.6582e-03    1077.8900    5.1990e+01    0.003012        0.0000         0.0000         4.8647      2681.4238       0.1454     2.0000e-13      18799.999
 0.035180     8599.7998    0.055473    7.8173e-03    1077.8600    5.2259e+01    0.003043        0.0000         0.0000         4.8647      2681.4238       0.1445     2.0000e-13      18799.999
 0.035380     8799.7998    0.056574    7.9803e-03    1077.8200    5.2530e+01    0.003075        0.0000         0.0000         4.8647      2681.4238       0.1436     2.0000e-13      18799.999
 0.035580     8999.7998    0.057675    8.1478e-03    1077.7700    5.2805e+01    0.003107        0.0000         0.0000         4.8647      2681.4238       0.1428     2.0000e-13      18799.999
 0.035780     9199.7998    0.058776    8.3207e-03    1077.7200    5.3084e+01    0.003140        0.0000         0.0000         4.8647      2681.4238       0.1419     2.0000e-13      18799.999
 0.035980     9399.7998    0.059877    8.5001e-03    1077.6500    5.3370e+01    0.003173        0.0000         0.0000         4.8647      2681.4238       0.1410     2.0000e-13      18799.999
 0.036180     9599.7998    0.060979    8.6873e-03    1077.5700    5.3663e+01    0.003208        0.0000         0.0000         4.8647      2681.4238       0.1401     2.0000e-13      18799.999
 0.036380     9799.7998    0.062080    8.8834e-03    1077.4700    5.3966e+01    0.003244        0.0000         0.0000         4.8647      2681.4238       0.1393     2.0000e-13      18799.999
 0.036580     9999.7998    0.063181    9.0891e-03    1077.3500    5.4279e+01    0.003282        0.0000         0.0000         4.8647      2681.4238       0.1384     2.0000e-13      18799.999
 0.036780    10199.7998    0.064282    9.3043e-03    1077.2100    5.4601e+01    0.003320        0.0000         0.0000         4.8647      2681.4238       0.1375     2.0000e-13      18799.999
 0.036980    10399.7998    0.065383    9.5285e-03    1077.0400    5.4931e+01    0.003360        0.0000         0.0000         4.8647      2681.4238       0.1366     2.0000e-13      18799.999
 0.037180    10599.7998    0.066484    9.7603e-03    1076.8400    5.5267e+01    0.003401        0.0000         0.0000         4.8647      2681.4238       0.1358     2.0000e-13      18799.999
 0.037380    10799.7998    0.067585    9.9981e-03    1076.6000    5.5607e+01    0.003442        0.0000         0.0000         4.8647      2681.4238       0.1349     2.0000e-13      18799.999
 0.037580    10999.7998    0.068712    1.0243e-02    1076.3100    5.5952e+01    0.003484        0.0000         0.0000         4.8647      2681.4238       0.1338     2.0000e-13      18799.999
 0.037780    11199.7998    0.069878    1.0494e-02    1075.9800    5.6300e+01    0.003526        0.0000         0.0000         4.8647      2681.4238       0.1324     2.0000e-13      18799.999
 0.037980    11399.7998    0.071043    1.0743e-02    1075.5800    5.6641e+01    0.003568        0.0000         0.0000         4.8647      2681.4238       0.1310     2.0000e-13      18799.999
 0.038180    11599.7998    0.072209    1.0987e-02    1075.1200    5.6973e+01    0.003608        0.0000         0.0000         4.8647      2681.4238       0.1296     2.0000e-13      18799.999
 0.038380    11799.7998    0.073374    1.1224e-02    1074.5900    5.7292e+01    0.003647        0.0000         0.0000         4.8647      2681.4238       0.1282     2.0000e-13      18799.999
 0.038580    11999.7998    0.074540    1.1454e-02    1073.9600    5.7600e+01    0.003684        0.0000         0.0000         4.8647      2681.4238       0.1268     2.0000e-13      18799.999
 0.038780    12199.7998    0.075705    1.1674e-02    1073.2300    5.7894e+01    0.003719        0.0000         0.0000         4.8647      2681.4238       0.1255     2.0000e-13      18799.999
 0.038980    12399.7998    0.076871    1.1884e-02    1072.3900    5.8175e+01    0.003752        0.0000         0.0000         4.8647      2681.4238       0.1241     2.0000e-13      18799.999
 0.039180    12599.7998    0.078036    1.2083e-02    1071.4100    5.8445e+01    0.003784        0.0000         0.0000         4.8647      2681.4238       0.1227     2.0000e-13      18799.999
 0.039380    12799.7998    0.079202    1.2273e-02    1070.2900    5.8703e+01    0.003813        0.0000         0.0000         4.8647      2681.4238       0.1213     2.0000e-13      18799.999
 0.039580    12999.7998    0.080367    1.2451e-02    1068.9900    5.8952e+01    0.003841        0.0000         0.0000         4.8647      2681.4238       0.1199     2.0000e-13      18799.999
 0.039780    13199.7998    0.081533    1.2621e-02    1067.5000    5.9192e+01    0.003867        0.0000         0.0000         4.8647      2681.4238       0.1185     2.0000e-13      18799.999
 0.039980    13399.7998    0.082698    1.2781e-02    1065.7900    5.9426e+01    0.003891        0.0000         0.0000         4.8647      2681.4238       0.1171     2.0000e-13      18799.999
 0.040180    13599.7998    0.083822    1.2925e-02    1063.8400    5.9649e+01    0.003913        0.0000         0.0000         4.8647      2681.4238       0.1161     2.0000e-13      18799.999
 0.040380    13799.7998    0.084941    1.3062e-02    1061.6100    5.9869e+01    0.003934        0.0000         0.0000         4.8647      2681.4238       0.1152     2.0000e-13      18799.999
 0.040580    13999.7998    0.086059    1.3193e-02    1059.0700    6.0089e+01    0.003953        0.0000         0.0000         4.8647      2681.4238       0.1143     2.0000e-13      18799.999
 0.040780    14199.7998    0.087178    1.3317e-02    1056.1800    6.0313e+01    0.003972        0.0000         0.0000         4.8647      2681.4238       0.1134     2.0000e-13      18799.999
 0.040980    14399.7998    0.088297    1.3438e-02    1052.9000    6.0544e+01    0.003990        0.0000         0.0000         4.8647      2681.4238       0.1125     2.0000e-13      18799.999
 0.041180    14599.7998    0.089415    1.3556e-02    1049.1800    6.0783e+01    0.004008        0.0000         0.0000         4.8647      2681.4238       0.1116     2.0000e-13      18799.999
 0.041380    14799.7998    0.090534    1.3672e-02    1044.9800    6.1035e+01    0.004025        0.0000         0.0000         4.8647      2681.4238       0.1107     2.0000e-13      18799.999
 0.041580    14999.7998    0.091653    1.3788e-02    1040.2300    6.1304e+01    0.004042        0.0000         0.0000         4.8647      2681.4238       0.1098     2.0000e-13      18799.999
 0.041780    15199.7998    0.092772    1.3905e-02    1034.8900    6.1592e+01    0.004059        0.0000         0.0000         4.8647      2681.4238       0.1089     2.0000e-13      18799.999
 0.041980    15399.7998    0.093890    1.4025e-02    1028.8700    6.1905e+01    0.004076        0.0000         0.0000         4.8647      2681.4238       0.1080     2.0000e-13      18799.999
 0.042180    15599.7998    0.095009    1.4150e-02    1022.1200    6.2247e+01    0.004094        0.0000         0.0000         4.8647      2681.4238       0.1071     2.0000e-13      18799.999
 0.042380    15799.7998    0.096128    1.4282e-02    1014.5500    6.2623e+01    0.004113        0.0000         0.0000         4.8647      2681.4238       0.1062     2.0000e-13      18799.999
 0.042580    15999.7998    0.097196    1.4415e-02    1006.0900    6.3032e+01    0.004133        0.0000         0.0000         4.8647      2681.4238       0.1051     2.0000e-13      18799.999
 0.042780    16199.7998    0.098187    1.4548e-02     996.6460    6.3475e+01    0.004152        0.0000         0.0000         4.8647      2681.4238       0.1039     2.0000e-13      18799.999
 0.042980    16399.8008    0.099179    1.4694e-02     986.1250    6.3973e+01    0.004172        0.0000         0.0000         4.8647      2681.4238       0.1027     2.0000e-13      18799.999
 0.043180    16599.8008    0.100171    1.4857e-02     974.4330    6.4534e+01    0.004195        0.0000         0.0000         4.8647      2681.4238       0.1015     2.0000e-13      18799.999
 0.043380    16799.8008    0.101162    1.5040e-02     961.4690    6.5166e+01    0.004221        0.0000         0.0000         4.8647      2681.4238       0.1003     2.0000e-13      18799.999
 0.043580    16999.8008    0.102154    1.5246e-02     947.1380    6.5881e+01    0.004250        0.0000         0.0000         4.8647      2681.4238       0.0991     2.0000e-13      18799.999
 0.043780    17199.8008    0.103146    1.5480e-02     931.3390    6.6691e+01    0.004283        0.0000         0.0000         4.8647      2681.4238       0.0979     2.0000e-13      18799.999
 0.043980    17399.8008    0.104137    1.5746e-02     913.9800    6.7608e+01    0.004319        0.0000         0.0000         4.8647      2681.4238       0.0967     2.0000e-13      18799.999
 0.044180    17599.8008    0.105129    1.6048e-02     894.9710    6.8648e+01    0.004360        0.0000         0.0000         4.8647      2681.4238       0.0955     2.0000e-13      18799.999
 0.044380    17799.8008    0.106121    1.6394e-02     874.2470    6.9828e+01    0.004407        0.0000         0.0000         4.8647      2681.4238       0.0943     2.0000e-13      18799.999
 0.044580    17999.8008    0.107112    1.6790e-02     851.7550    7.1167e+01    0.004460        0.0000         0.0000         4.8647      2681.4238       0.0931     2.0000e-13      18799.999
 0.044780    18199.8008    0.108104    1.7243e-02     827.4720    7.2687e+01    0.004520        0.0000         0.0000         4.8647      2681.4238       0.0919     2.0000e-13      18799.999
 0.044980    18399.8008    0.109096    1.7763e-02     801.4070    7.4410e+01    0.004588        0.0000         0.0000         4.8647      2681.4238       0.0907     2.0000e-13      18799.999
 0.045180    18599.8008    0.109508    1.8265e-02     773.6120    7.6264e+01    0.004652        0.0000         0.0000         4.8647      2681.4238       0.0898     2.0000e-13      18799.999
 0.045380    18799.8008    0.109856    1.8841e-02     744.1920    7.8363e+01    0.004725        0.0000         0.0000         4.8647      2681.4238       0.0889     2.0000e-13      18799.999
 0.045580    18999.8008    0.110204    1.9518e-02     713.2850    8.0752e+01    0.004809        0.0000         0.0000         4.8647      2681.4238       0.0881     2.0000e-13      18799.999
 0.045780    19199.8008    0.110552    2.0330e-02     681.1110    8.3484e+01    0.004908        0.0000         0.0000         4.8647      2681.4238       0.0872     2.0000e-13      18799.999
 0.045980    19399.8008    0.110900    1.0000e-10     647.9130    7.1683e-01    0.000000        0.0000         0.0000         4.8647      2681.4238       0.0864     2.0000e-13      18799.999
 0.046180    19599.8008    0.111248    1.0000e-10     613.9880    7.3637e-01    0.000000        8.9998         0.0030         8.9998      2681.4238       0.0855     2.0000e-13      18799.999
 0.046380    19799.8008    0.111596    1.0000e-10     579.6700    7.5786e-01    0.000000       10.5251         0.0035        10.5251      2681.4238       0.0846     2.0000e-13      18799.999
 0.046580    19999.8008    0.111944    2.4677e-02     545.2970    9.7934e+01    0.005407       12.0505         0.0040        12.0505      2681.4238       0.0838     2.0000e-13      18799.999
 0.046780    20199.8008    0.112291    1.9183e-02     511.2190    9.4973e+01    0.004767       13.5759         0.0046        13.5759      2681.4238       0.0829     2.0000e-13      18799.999
 0.046980    20399.8008    0.112639    1.6150e-02     477.7580    9.4106e+01    0.004374       15.1013         0.0051        15.1013      2681.4238       0.0821     2.0000e-13      18799.999
 0.047180    20599.8008    0.112987    1.5546e-02     445.2050    9.6560e+01    0.004292       16.6267         0.0056        16.6267      2681.4238       0.0812     2.0000e-13      18799.999
 0.047380    20799.8008    0.113335    1.4863e-02     413.8100    9.9038e+01    0.004196       18.1521         0.0061        18.1521      2681.4238       0.0803     2.0000e-13      18799.999
 0.047580    20999.8008    0.113638    1.4696e-02     383.7800    1.0255e+02    0.004173       19.1948         0.0066        19.1948      2681.4238       0.0795     2.0000e-13      18799.999
 0.047780    21199.8008    0.113872    1.6715e-02     355.2560    1.1007e+02    0.004450       19.5135         0.0071        19.5135      2681.4238       0.0788     2.0000e-13      18799.999
 0.047980    21399.8008    0.114106    1.6289e-02     328.3390    1.1376e+02    0.004393       19.8322         0.0075        19.8322      2681.4238       0.0781     2.0000e-13      18799.999
 0.048180    21599.8008    0.114340    2.2092e-02     303.0760    1.2778e+02    0.005116       20.1508         0.0080        20.1508      2681.4238       0.0774     2.0000e-13      18799.999
 0.048380    21799.8008    0.114575    2.7102e-02     279.4870    1.4004e+02    0.005666       20.4695         0.0085        20.4695      2681.4238       0.0766     2.0000e-13      18799.999
 0.048580    21999.8008    0.114809    1.9197e-02     257.5490    1.3383e+02    0.004769       20.7882         0.0089        20.7882      2681.4238       0.0759     2.0000e-13      18799.999
 0.048780    22199.8008    0.115043    2.0446e-02     237.2120    1.4167e+02    0.004922       21.1069         0.0094        21.1069      2681.4238       0.0752     2.0000e-13      18799.999
 0.048980    22399.8008    0.115277    2.4498e-02     218.4190    1.5446e+02    0.005387       21.4256         0.0099        21.4256      2681.4238       0.0744     2.0000e-13      18799.999
 0.049180    22599.8008    0.115512    3.0678e-02     201.0860    1.7029e+02    0.006029       21.7443         0.0103        21.7443      2681.4238       0.0737     2.0000e-13      18799.999
 0.049380    22799.8008    0.115746    1.7719e-02     185.1370    1.5472e+02    0.004582       22.0630         0.0108        22.0630      2681.4238       0.0730     2.0000e-13      18799.999
 0.049580    22999.8008    0.115980    1.7244e-02     170.4740    1.6014e+02    0.004520       22.3817         0.0113        22.3817      2681.4238       0.0723     2.0000e-13      18799.999
 0.049780    23199.8008    0.116214    2.5809e-02     157.0150    1.8457e+02    0.005530       22.7003         0.0117        22.7003      2681.4238       0.0715     2.0000e-13      18799.999
 0.049980    23399.8008    0.116449    2.7392e-02     144.6680    1.9516e+02    0.005697       23.0190         0.0122        23.0190      2681.4238       0.0708     2.0000e-13      18799.999
 0.050180    23599.8008    0.116688    2.6340e-02     133.3480    2.0130e+02    0.005586       23.6503         0.0126        23.6503      2681.4238       0.0702     2.0000e-13      18799.999
 0.050380    23799.8008    0.116927    2.1611e-02     122.9730    1.9950e+02    0.005060       24.3162         0.0129        24.3162      2681.4238       0.0695     2.0000e-13      18799.999
 0.050580    23999.8008    0.117167    3.7726e-02     113.4660    2.3873e+02    0.006686       24.9822         0.0133        24.9822      2681.4238       0.0689     2.0000e-13      18799.999
 0.050780    24199.8008    0.117406    2.0032e-02     104.7550    2.1209e+02    0.004872       25.6481         0.0137        25.6481      2681.4238       0.0683     2.0000e-13      18799.999
 0.050980    24399.8008    0.117646    6.0533e-02      96.7721    2.9094e+02    0.008469       26.3141         0.0140        26.3141      2681.4238       0.0677     2.0000e-13      18799.999
 0.051180    24599.8008    0.117886    2.2036e-02      89.4561    2.3505e+02    0.005110       26.9801         0.0144        26.9801      2681.4238       0.0670     2.0000e-13      18799.999
 0.051380    24799.8008    0.118125    3.1159e-02      82.7489    2.6650e+02    0.006076       27.6460         0.0147        27.6460      2681.4238       0.0664     2.0000e-13      18799.999
 0.051580    24999.8008    0.118365    1.0666e-01      76.5996    3.7676e+02    0.011241       28.3120         0.0151        28.3120      2681.4238       0.0658     2.0000e-13      18799.999
 0.051780    25199.8008    0.118604    7.5972e-02      70.9572    3.5962e+02    0.009487       28.9780         0.0155        28.9780      2681.4238       0.0651     2.0000e-13      18799.999
 0.051980    25399.8008    0.118844    4.4452e-02      65.7785    3.2667e+02    0.007257       29.6439         0.0158        29.6439      2681.4238       0.0645     2.0000e-13      18799.999
 0.052180    25599.8008    0.119084    5.6369e-02      61.0236    3.5990e+02    0.008172       30.3099         0.0162        30.3099      2681.4238       0.0639     2.0000e-13      18799.999
 0.052380    25799.8008    0.119323    5.3518e-02      56.6561    3.6870e+02    0.007963       30.9758         0.0165        30.9758      2681.4238       0.0633     2.0000e-13      18799.999
 0.052580    25999.8008    0.119567    3.9098e-02      52.6421    3.5363e+02    0.006806       31.4494         0.0169        31.4494      2681.4238       0.0627     2.0000e-13      18799.999
 0.052780    26199.8008    0.119817    1.2687e-01      48.9514    4.9219e+02    0.012260       31.6345         0.0171        31.6345      2681.4238       0.0621     2.0000e-13      18799.999
 0.052980    26399.8008    0.120067    1.7734e-01      45.5555    5.5477e+02    0.014495       31.8196         0.0174        31.8196      2681.4238       0.0616     2.0000e-13      18799.999
 0.053180    26599.8008    0.120316    1.1211e-01      42.4295    5.1257e+02    0.011525       32.0048         0.0176        32.0048      2681.4238       0.0611     2.0000e-13      18799.999
 0.053380    26799.8008    0.120566    1.1434e-01      39.5505    5.3352e+02    0.011639       32.1899         0.0179        32.1899      2681.4238       0.0605     2.0000e-13      18799.999
 0.053580    26999.8008    0.120816    9.5008e-02      36.8980    5.2737e+02    0.010609       32.3750         0.0182        32.3750      2681.4238       0.0600     2.0000e-13      18799.999
 0.053780    27199.8008    0.121066    1.7888e-01      34.4516    6.3932e+02    0.014558       32.5601         0.0184        32.5601      2681.4238       0.0594     2.0000e-13      18799.999
 0.053980    27399.8008    0.121316    2.9139e-01      32.1953    7.4714e+02    0.018580       32.7452         0.0187        32.7452      2681.4238       0.0589     2.0000e-13      18799.999
 0.054180    27599.8008    0.121566    3.2131e-01      30.1124    7.9166e+02    0.019511       32.9303         0.0189        32.9303      2681.4238       0.0584     2.0000e-13      18799.999
 0.054380    27799.8008    0.121815    3.8848e-01      28.1889    8.5798e+02    0.021453       33.1154         0.0192        33.1154      2681.4238       0.0578     2.0000e-13      18799.999
 0.054580    27999.8008    0.122065    3.8841e-01      26.4114    8.8634e+02    0.021451       33.3005         0.0195        33.3005      2681.4238       0.0573     2.0000e-13      18799.999
 0.054780    28199.8008    0.122315    5.3265e-01      24.7682    9.9047e+02    0.025121       33.4856         0.0197        33.4856      2681.4238       0.0568     2.0000e-13      18799.999
 0.054980    28399.8008    0.122565    6.5198e-01      23.2484    1.0753e+03    0.027793       33.6707         0.0200        33.6707      2681.4238       0.0562     2.0000e-13      18799.999
 0.055180    28599.8008    0.122841    6.5634e-01      21.8417    1.1113e+03    0.027885       34.4498         0.0202        34.4498      2681.4238       0.0557     2.0000e-13      18799.999
 0.055380    28799.8008    0.123119    9.1629e-01      20.5390    1.2456e+03    0.032948       35.2949         0.0203        35.2949      2681.4238       0.0553     2.0000e-13      18799.999
 0.055580    28999.8008    0.123398    1.0929e+00      19.3321    1.3418e+03    0.035983       36.1400         0.0205        36.1400      2681.4238       0.0548     2.0000e-13      18799.999
 0.055780    29199.8008    0.123676    1.2461e+00      18.2135    1.4285e+03    0.038423       36.9850         0.0206        36.9850      2681.4238       0.0543     2.0000e-13      18799.999
 0.055980    29399.8008    0.123955    1.7961e+00      17.1760    1.6117e+03    0.046129       37.8301         0.0208        37.8301      2681.4238       0.0539     2.0000e-13      18799.999
 0.056180    29599.8008    0.124233    1.6385e+00      16.2133    1.6213e+03    0.044059       38.6752         0.0210        38.6752      2681.4238       0.0534     2.0000e-13      18799.999
 0.056380    29799.8008    0.124512    1.4678e+00      15.3196    1.6226e+03    0.041701       39.5203         0.0211        39.5203      2681.4238       0.0529     2.0000e-13      18799.999
 0.056580    29999.8008    0.124791    1.4169e+00      14.4895    1.6538e+03    0.040971       40.3654         0.0213        40.3654      2681.4238       0.0525     2.0000e-13      18799.999
 0.056780    30199.8008    0.125069    1.4872e+00      13.7182    1.7204e+03    0.041975       41.2105         0.0214        41.2105      2681.4238       0.0520     2.0000e-13      18799.999
 0.056980    30399.8008    0.125348    1.4149e+00      13.0010    1.7453e+03    0.040943       42.0556         0.0216        42.0556      2681.4238       0.0515     2.0000e-13      18799.999
 0.057180    30599.8008    0.125626    1.5615e+00      12.3340    1.8366e+03    0.043012       42.9007         0.0217        42.9007      2681.4238       0.0511     2.0000e-13      18799.999
 0.057380    30799.8008    0.125905    1.8273e+00      11.7133    1.9602e+03    0.046529       43.7457         0.0219        43.7457      2681.4238       0.0506     2.0000e-13      18799.999
 0.057580    30999.8008    0.126179    1.5484e+00      11.1353    1.9288e+03    0.042831       44.5285         0.0220        44.5285      2681.4238       0.0501     2.0000e-13      18799.999
 0.057780    31199.8008    0.126448    1.4823e+00      10.5971    1.9558e+03    0.041906       45.2177         0.0222        45.2177      2681.4238       0.0497     2.0000e-13      18799.999
 0.057980    31399.8008    0.126716    1.5106e+00      10.0955    2.0133e+03    0.042305       45.9069         0.0223        45.9069      2681.4238       0.0493     2.0000e-13      18799.999
 0.058180    31599.8008    0.126984    1.5130e+00       9.6278    2.0624e+03    0.042339       46.5961         0.0224        46.5961      2681.4238       0.0489     2.0000e-13      18799.999
 0.058380    31799.8008    0.127253    1.4927e+00       9.1916    2.1036e+03    0.042053       47.2853         0.0225        47.2853      2681.4238       0.0485     2.0000e-13      18799.999
 0.058580    31999.8008    0.127521    2.0501e+00       8.7846    2.3295e+03    0.049284       47.9745         0.0226        47.9745      2681.4238       0.0481     2.0000e-13      18799.999
 0.058780    32199.8008    0.127789    1.9338e+00       8.4047    2.3470e+03    0.047865       48.6637         0.0227        48.6637      2681.4238       0.0477     2.0000e-13      18799.999
 0.058980    32399.8008    0.128058    1.7007e+00       8.0499    2.3224e+03    0.044888       49.3529         0.0228        49.3529      2681.4238       0.0473     2.0000e-13      18799.999
 0.059180    32599.8008    0.128326    1.7964e+00       7.7184    2.4045e+03    0.046134       50.0421         0.0229        50.0421      2681.4238       0.0469     2.0000e-13      18799.999
 0.059380    32799.8008    0.128594    1.7321e+00       7.4085    2.4320e+03    0.045301       50.7314         0.0230        50.7314      2681.4238       0.0465     2.0000e-13      18799.999
 0.059580    32999.8008    0.128863    1.9259e+00       7.1187    2.5476e+03    0.047767       51.4206         0.0232        51.4206      2681.4238       0.0460     2.0000e-13      18799.999
 0.059780    33199.8008    0.129131    1.7354e+00       6.8477    2.5308e+03    0.045344       52.1098         0.0233        52.1098      2681.4238       0.0456     2.0000e-13      18799.999
 0.059980    33399.8008    0.129399    1.5684e+00       6.5940    2.5146e+03    0.043106       52.7990         0.0234        52.7990      2681.4238       0.0452     2.0000e-13      18799.999
 0.060180    33599.8008    0.129579    1.3459e+00       6.3566    2.4650e+03    0.039932       52.2856         0.0235        52.2856      2681.4238       0.0449     2.0000e-13      18799.999
 0.060380    33799.8008    0.129749    1.5893e+00       6.1342    2.6158e+03    0.043393       51.6386         0.0237        51.6386      2681.4238       0.0445     2.0000e-13      18799.999
 0.060580    33999.8008    0.129919    1.5821e+00       5.9258    2.6583e+03    0.043294       50.9917         0.0239        50.9917      2681.4238       0.0442     2.0000e-13      18799.999
 0.060780    34199.8008    0.130090    1.6337e+00       5.7305    2.7250e+03    0.043994       50.3447         0.0240        50.3447      2681.4238       0.0438     2.0000e-13      18799.999
 0.060980    34399.8008    0.130260    2.1502e+00       5.5474    2.9666e+03    0.050472       49.6977         0.0242        49.6977      2681.4238       0.0434     2.0000e-13      18799.999
 0.061180    34599.8008    0.130430    1.6944e+00       5.3756    2.8393e+03    0.044805       49.0507         0.0244        49.0507      2681.4238       0.0431     2.0000e-13      18799.999
 0.061380    34799.8008    0.130600    1.6230e+00       5.2144    2.8520e+03    0.043850       48.4038         0.0245        48.4038      2681.4238       0.0427     2.0000e-13      18799.999
 0.061580    34999.8008    0.130770    1.4844e+00       5.0631    2.8305e+03    0.041936       47.7568         0.0247        47.7568      2681.4238       0.0424     2.0000e-13      18799.999
 0.061780    35199.8008    0.130940    1.3663e+00       4.9210    2.8121e+03    0.040233       47.1098         0.0249        47.1098      2681.4238       0.0420     2.0000e-13      18799.999
 0.061980    35399.8008    0.131111    1.9155e+00       4.7876    3.1023e+03    0.047638       46.4628         0.0250        46.4628      2681.4238       0.0417     2.0000e-13      18799.999
 0.062180    35599.8008    0.131281    1.9541e+00       4.6621    3.1595e+03    0.048116       45.8159         0.0252        45.8159      2681.4238       0.0413     2.0000e-13      18799.999
 0.062380    35799.8008    0.131451    1.4787e+00       4.5442    2.9848e+03    0.041855       45.1689         0.0254        45.1689      2681.4238       0.0410     2.0000e-13      18799.999
 0.062580    35999.8008    0.131623    1.7550e+00       4.4334    3.1541e+03    0.045598       45.0195         0.0255        45.0195      2681.4238       0.0406     2.0000e-13      18799.999
 0.062780    36199.8008    0.131798    2.0159e+00       4.3291    3.3044e+03    0.048871       45.6167         0.0256        45.6167      2681.4238       0.0403     2.0000e-13      18799.999
 0.062980    36399.8008    0.131972    1.8390e+00       4.2310    3.2666e+03    0.046677       46.2138         0.0258        46.2138      2681.4238       0.0400     2.0000e-13      18799.999
 0.063180    36599.8008    0.132147    1.3708e+00       4.1386    3.0690e+03    0.040300       46.8109         0.0259        46.8109      2681.4238       0.0397     2.0000e-13      18799.999
 0.063380    36799.8008    0.132322    1.8474e+00       4.0517    3.3420e+03    0.046784       47.4080         0.0260        47.4080      2681.4238       0.0393     2.0000e-13      18799.999
 0.063580    36999.8008    0.132496    1.7768e+00       3.9697    3.3435e+03    0.045881       48.0051         0.0261        48.0051      2681.4238       0.0390     2.0000e-13      18799.999
 0.063780    37199.8008    0.132671    1.9696e+00       3.8925    3.4646e+03    0.048306       48.6022         0.0263        48.6022      2681.4238       0.0387     2.0000e-13      18799.999
 0.063980    37399.8008    0.132846    2.4939e+00       3.8198    3.7100e+03    0.054357       49.1993         0.0264        49.1993      2681.4238       0.0384     2.0000e-13      18799.999
 0.064180    37599.8008    0.133021    1.5693e+00       3.7512    3.3344e+03    0.043118       49.7964         0.0265        49.7964      2681.4238       0.0381     2.0000e-13      18799.999
 0.064380    37799.8008    0.133195    1.5024e+00       3.6865    3.3271e+03    0.042190       50.3936         0.0266        50.3936      2681.4238       0.0377     2.0000e-13      18799.999
 0.064580    37999.8008    0.133370    1.4663e+00       3.6254    3.3346e+03    0.041679       50.9907         0.0268        50.9907      2681.4238       0.0374     2.0000e-13      18799.999
 0.064780    38199.8008    0.133545    1.9844e+00       3.5678    3.6256e+03    0.048487       51.5878         0.0269        51.5878      2681.4238       0.0371     2.0000e-13      18799.999
 0.064980    38399.8008    0.133720    1.6288e+00       3.5135    3.4776e+03    0.043929       52.1849         0.0270        52.1849      2681.4238       0.0368     2.0000e-13      18799.999
 0.065180    38599.8008    0.133917    1.7066e+00       3.4621    3.5444e+03    0.044966       53.0305         0.0271        53.0305      2681.4238       0.0365     2.0000e-13      18799.999
 0.065380    38799.8008    0.134117    2.0276e+00       3.4136    3.7266e+03    0.049013       53.9037         0.0271        53.9037      2681.4238       0.0362     2.0000e-13      18799.999
 0.065580    38999.8008    0.134317    2.3129e+00       3.3678    3.8774e+03    0.052347       54.7770         0.0272        54.7770      2681.4238       0.0359     2.0000e-13      18799.999
 0.065780    39199.8008    0.134516    1.8933e+00       3.3245    3.7121e+03    0.047362       55.6502         0.0273        55.6502      2681.4238       0.0357     2.0000e-13      18799.999
 0.065980    39399.8008    0.134716    1.9927e+00       3.2836    3.7832e+03    0.048588       56.5234         0.0273        56.5234      2681.4238       0.0354     2.0000e-13      18799.999
 0.066180    39599.8008    0.134916    1.9888e+00       3.2449    3.8039e+03    0.048541       57.3967         0.0274        57.3967      2681.4238       0.0351     2.0000e-13      18799.999
 0.066380    39799.8008    0.135116    1.5959e+00       3.2082    3.6207e+03    0.043483       58.2699         0.0275        58.2699      2681.4238       0.0348     2.0000e-13      18799.999
 0.066580    39999.8008    0.135316    2.1956e+00       3.1736    3.9427e+03    0.051002       59.1431         0.0275        59.1431      2681.4238       0.0345     2.0000e-13      18799.999
 0.066780    40199.8008    0.135516    3.2347e+00       3.1408    4.3663e+03    0.061905       60.0164         0.0276        60.0164      2681.4238       0.0342     2.0000e-13      18799.999
 0.066980    40399.8008    0.135715    2.5732e+00       3.1097    4.1441e+03    0.055214       60.8896         0.0276        60.8896      2681.4238       0.0339     2.0000e-13      18799.999
 0.067180    40599.8008    0.135915    1.8847e+00       3.0803    3.8520e+03    0.047254       61.7628         0.0277        61.7628      2681.4238       0.0337     2.0000e-13      18799.999
 0.067380    40799.8008    0.136115    1.4086e+00       3.0525    3.5979e+03    0.040852       62.6360         0.0278        62.6360      2681.4238       0.0334     2.0000e-13      18799.999
 0.067580    40999.8008    0.136293    1.4468e+00       3.0261    3.6378e+03    0.041401       63.0212         0.0278        63.0212      2681.4238       0.0331     2.0000e-13      18799.999
 0.067780    41199.8008    0.136438    1.5310e+00       3.0011    3.7049e+03    0.042589       62.6742         0.0279        62.6742      2681.4238       0.0329     2.0000e-13      18799.999
 0.067980    41399.8008    0.136583    1.4696e+00       2.9774    3.6818e+03    0.041727       62.3272         0.0280        62.3272      2681.4238       0.0326     2.0000e-13      18799.999
 0.068180    41599.8008    0.136728    2.1399e+00       2.9549    4.0598e+03    0.050351       61.9801         0.0281        61.9801      2681.4238       0.0324     2.0000e-13      18799.999
 0.068380    41799.8008    0.136873    2.0513e+00       2.9336    4.0317e+03    0.049298       61.6331         0.0282        61.6331      2681.4238       0.0321     2.0000e-13      18799.999
 0.068580    41999.8008    0.137018    1.6411e+00       2.9134    3.8262e+03    0.044095       61.2861         0.0283        61.2861      2681.4238       0.0319     2.0000e-13      18799.999
 0.068780    42199.8008    0.137163    1.5498e+00       2.8942    3.7843e+03    0.042851       60.9391         0.0284        60.9391      2681.4238       0.0316     2.0000e-13      18799.999
 0.068980    42399.8008    0.137308    1.6792e+00       2.8760    3.8731e+03    0.044603       60.5921         0.0285        60.5921      2681.4238       0.0313     2.0000e-13      18799.999
 0.069180    42599.8008    0.137453    2.0896e+00       2.8587    4.1031e+03    0.049756       60.2451         0.0286        60.2451      2681.4238       0.0311     2.0000e-13      18799.999
 0.069380    42799.8008    0.137598    1.9635e+00       2.8422    4.0514e+03    0.048231       59.8980         0.0287        59.8980      2681.4238       0.0308     2.0000e-13      18799.999
 0.069580    42999.8008    0.137743    2.1979e+00       2.8266    4.1787e+03    0.051029       59.5510         0.0287        59.5510      2681.4238       0.0306     2.0000e-13      18799.999
 0.069780    43199.8008    0.137888    2.0624e+00       2.8118    4.1236e+03    0.049431       59.2040         0.0288        59.2040      2681.4238       0.0303     2.0000e-13      18799.999
 0.069980    43399.8008    0.138033    1.6227e+00       2.7977    3.8934e+03    0.043846       58.8570         0.0289        58.8570      2681.4238       0.0301     2.0000e-13      18799.999
 0.070180    43599.8008    0.138146    1.7008e+00       2.7844    3.9489e+03    0.044888       59.1889         0.0290        59.1889      2681.4238       0.0299     2.0000e-13      18799.999
 0.070380    43799.8008    0.138256    1.3745e+00       2.7716    3.7527e+03    0.040354       59.5962         0.0291        59.5962      2681.4238       0.0296     2.0000e-13      18799.999
 0.070580    43999.8008    0.138366    1.5388e+00       2.7595    3.8686e+03    0.042697       60.0034         0.0292        60.0034      2681.4238       0.0294     2.0000e-13      18799.999
 0.070780    44199.8008    0.138477    1.3860e+00       2.7480    3.7767e+03    0.040522       60.4108         0.0293        60.4108      2681.4238       0.0292     2.0000e-13      18799.999
 0.070980    44399.8008    0.138587    1.6341e+00       2.7370    3.9432e+03    0.044000       60.8180         0.0294        60.8180      2681.4238       0.0290     2.0000e-13      18799.999
 0.071180    44599.8008    0.138697    1.8691e+00       2.7266    4.0857e+03    0.047057       61.2253         0.0295        61.2253      2681.4238       0.0287     2.0000e-13      18799.999
 0.071380    44799.8008    0.138807    1.7439e+00       2.7167    4.0229e+03    0.045454       61.6326         0.0296        61.6326      2681.4238       0.0285     2.0000e-13      18799.999
 0.071580    44999.8008    0.138917    1.7884e+00       2.7073    4.0554e+03    0.046031       62.0399         0.0298        62.0399      2681.4238       0.0283     2.0000e-13      18799.999
 0.071780    45199.8008    0.139027    1.8089e+00       2.6983    4.0737e+03    0.046293       62.4472         0.0299        62.4472      2681.4238       0.0281     2.0000e-13      18799.999
 0.071980    45399.8008    0.139138    1.8076e+00       2.6897    4.0794e+03    0.046277       62.8545         0.0300        62.8545      2681.4238       0.0278     2.0000e-13      18799.999
 0.072180    45599.8008    0.139248    1.5816e+00       2.6815    3.9515e+03    0.043287       63.2618         0.0301        63.2618      2681.4238       0.0276     2.0000e-13      18799.999
 0.072380    45799.8008    0.139358    1.5547e+00       2.6738    3.9403e+03    0.042918       63.6691         0.0302        63.6691      2681.4238       0.0274     2.0000e-13      18799.999
 0.072580    45999.8008    0.139471    1.7016e+00       2.6663    4.0358e+03    0.044899       63.8894         0.0303        63.8894      2681.4238       0.0272     2.0000e-13      18799.999
 0.072780    46199.8008    0.139590    2.0238e+00       2.6593    4.2203e+03    0.048967       63.8291         0.0303        63.8291      2681.4238       0.0270     2.0000e-13      18799.999
 0.072980    46399.8008    0.139709    1.7092e+00       2.6525    4.0508e+03    0.044999       63.7688         0.0304        63.7688      2681.4238       0.0267     2.0000e-13      18799.999
 0.073180    46599.8008    0.139827    1.4555e+00       2.6461    3.8961e+03    0.041526       63.7086         0.0305        63.7086      2681.4238       0.0265     2.0000e-13      18799.999
 0.073380    46799.8008    0.139946    1.6404e+00       2.6400    4.0190e+03    0.044085       63.6483         0.0306        63.6483      2681.4238       0.0263     2.0000e-13      18799.999
 0.073580    46999.8008    0.140064    1.7555e+00       2.6341    4.0922e+03    0.045605       63.5880         0.0306        63.5880      2681.4238       0.0261     2.0000e-13      18799.999
 0.073780    47199.8008    0.140183    1.5654e+00       2.6286    3.9808e+03    0.043065       63.5277         0.0307        63.5277      2681.4238       0.0259     2.0000e-13      18799.999
 0.073980    47399.8008    0.140301    1.4551e+00       2.6232    3.9127e+03    0.041520       63.4674         0.0308        63.4674      2681.4238       0.0257     2.0000e-13      18799.999
 0.074180    47599.8008    0.140420    1.4719e+00       2.6181    3.9278e+03    0.041759       63.4072         0.0308        63.4072      2681.4238       0.0255     2.0000e-13      18799.999
 0.074380    47799.8008    0.140538    1.4401e+00       2.6133    3.9100e+03    0.041305       63.3469         0.0309        63.3469      2681.4238       0.0253     2.0000e-13      18799.999
 0.074580    47999.8008    0.140657    1.4030e+00       2.6086    3.8880e+03    0.040769       63.2866         0.0310        63.2866      2681.4238       0.0251     2.0000e-13      18799.999
 0.074780    48199.8008    0.140776    2.2175e+00       2.6042    4.3632e+03    0.051256       63.2263         0.0311        63.2263      2681.4238       0.0249     2.0000e-13      18799.999
 0.074980    48399.8008    0.140894    2.6213e+00       2.6000    4.5532e+03    0.055728       63.1660         0.0311        63.1660      2681.4238       0.0247     2.0000e-13      18799.999
 0.075180    48599.8008    0.141003    1.6670e+00       2.5960    4.0692e+03    0.044440       63.4378         0.0312        63.4378      2681.4238       0.0245     2.0000e-13      18799.999
 0.075380    48799.8008    0.141111    1.4924e+00       2.5921    3.9611e+03    0.042048       63.7464         0.0313        63.7464      2681.4238       0.0243     2.0000e-13      18799.999
 0.075580    48999.8008    0.141218    1.6814e+00       2.5884    4.0840e+03    0.044633       64.0551         0.0313        64.0551      2681.4238       0.0242     2.0000e-13      18799.999
 0.075780    49199.8008    0.141326    1.2979e+00       2.5849    3.8306e+03    0.039214       64.3638         0.0314        64.3638      2681.4238       0.0240     2.0000e-13      18799.999
 0.075980    49399.8008    0.141434    1.5494e+00       2.5815    4.0067e+03    0.042845       64.6724         0.0314        64.6724      2681.4238       0.0238     2.0000e-13      18799.999
 0.076180    49599.8008    0.141541    1.6447e+00       2.5783    4.0695e+03    0.044143       64.9811         0.0315        64.9811      2681.4238       0.0236     2.0000e-13      18799.999
 0.076380    49799.8008    0.141649    1.7830e+00       2.5752    4.1549e+03    0.045961       65.2897         0.0316        65.2897      2681.4238       0.0234     2.0000e-13      18799.999
 0.076580    49999.8008    0.141757    1.6654e+00       2.5722    4.0870e+03    0.044419       65.5984         0.0316        65.5984      2681.4238       0.0233     2.0000e-13      18799.999
 0.076780    50199.8008    0.141864    1.5197e+00       2.5694    3.9967e+03    0.042432       65.9070         0.0317        65.9070      2681.4238       0.0231     2.0000e-13      18799.999
 0.076980    50399.8008    0.141972    1.3839e+00       2.5667    3.9063e+03    0.040492       66.2157         0.0317        66.2157      2681.4238       0.0229     2.0000e-13      18799.999
 0.077180    50599.8008    0.142080    1.3137e+00       2.5641    3.8577e+03    0.039451       66.5244         0.0318        66.5244      2681.4238       0.0227     2.0000e-13      18799.999
 0.077380    50799.8008    0.142187    1.3681e+00       2.5616    3.8990e+03    0.040260       66.8330         0.0319        66.8330      2681.4238       0.0225     2.0000e-13      18799.999
 0.077580    50999.8008    0.142297    1.6308e+00       2.5592    4.0759e+03    0.043956       66.8948         0.0319        66.8948      2681.4238       0.0224     2.0000e-13      18799.999
 0.077780    51199.8008    0.142409    1.6728e+00       2.5570    4.1037e+03    0.044517       66.5861         0.0320        66.5861      2681.4238       0.0222     2.0000e-13      18799.999
 0.077980    51399.8008    0.142522    1.6893e+00       2.5548    4.1155e+03    0.044736       66.2774         0.0320        66.2774      2681.4238       0.0220     2.0000e-13      18799.999
 0.078180    51599.8008    0.142634    1.3973e+00       2.5527    3.9264e+03    0.040687       65.9688         0.0320        65.9688      2681.4238       0.0219     2.0000e-13      18799.999
 0.078380    51799.8008    0.142747    1.2837e+00       2.5507    3.8456e+03    0.038999       65.6601         0.0321        65.6601      2681.4238       0.0217     2.0000e-13      18799.999
 0.078580    51999.8008    0.142859    1.6638e+00       2.5488    4.1048e+03    0.044398       65.3515         0.0321        65.3515      2681.4238       0.0215     2.0000e-13      18799.999
 0.078780    52199.8008    0.142971    2.1128e+00       2.5469    4.3590e+03    0.050032       65.0428         0.0322        65.0428      2681.4238       0.0214     2.0000e-13      18799.999
 0.078980    52399.8008    0.143084    1.5073e+00       2.5452    4.0074e+03    0.042258       64.7342         0.0322        64.7342      2681.4238       0.0212     2.0000e-13      18799.999
 0.079180    52599.8008    0.143196    1.7027e+00       2.5435    4.1328e+03    0.044914       64.4255         0.0322        64.4255      2681.4238       0.0210     2.0000e-13      18799.999
 0.079380    52799.8008    0.143309    1.9067e+00       2.5419    4.2528e+03    0.047529       64.1168         0.0323        64.1168      2681.4238       0.0209     2.0000e-13      18799.999
 0.079580    52999.8008    0.143421    1.5377e+00       2.5403    4.0313e+03    0.042682       63.8082         0.0323        63.8082      2681.4238       0.0207     2.0000e-13      18799.999
 0.079780    53199.8008    0.143533    1.3188e+00       2.5388    3.8807e+03    0.039529       63.4995         0.0324        63.4995      2681.4238       0.0205     2.0000e-13      18799.999
 0.079980    53399.8008    0.143646    1.3476e+00       2.5374    3.9027e+03    0.039956       63.1909         0.0324        63.1909      2681.4238       0.0204     2.0000e-13      18799.999
 0.080180    53599.8008    0.143729    1.5862e+00       2.5360    4.0662e+03    0.043350       63.3809         0.0325        63.3809      2681.4238       0.0202     2.0000e-13      18799.999
 0.080380    53799.8008    0.143810    1.4903e+00       2.5347    4.0044e+03    0.042020       63.6264         0.0325        63.6264      2681.4238       0.0201     2.0000e-13      18799.999
 0.080580    53999.8008    0.143890    1.5817e+00       2.5334    4.0654e+03    0.043289       63.8718         0.0326        63.8718      2681.4238       0.0199     2.0000e-13      18799.999
 0.080780    54199.8008    0.143971    1.3235e+00       2.5322    3.8892e+03    0.039599       64.1173         0.0327        64.1173      2681.4238       0.0197     2.0000e-13      18799.999
 0.080980    54399.8008    0.144051    1.3397e+00       2.5311    3.9019e+03    0.039840       64.3627         0.0327        64.3627      2681.4238       0.0196     2.0000e-13      18799.999
 0.081180    54599.8008    0.144131    1.3681e+00       2.5299    3.9233e+03    0.040260       64.6082         0.0328        64.6082      2681.4238       0.0194     2.0000e-13      18799.999
 0.081380    54799.8008    0.144212    1.2286e+00       2.5289    3.8200e+03    0.038152       64.8537         0.0329        64.8537      2681.4238       0.0193     2.0000e-13      18799.999
 0.081580    54999.8008    0.144292    1.4252e+00       2.5278    3.9653e+03    0.041092       65.0991         0.0329        65.0991      2681.4238       0.0191     2.0000e-13      18799.999
 0.081780    55199.8008    0.144373    1.3694e+00       2.5268    3.9266e+03    0.040279       65.3446         0.0330        65.3446      2681.4238       0.0190     2.0000e-13      18799.999
 0.081980    55399.8008    0.144453    1.2766e+00       2.5259    3.8591e+03    0.038890       65.5900         0.0331        65.5900      2681.4238       0.0188     2.0000e-13      18799.999
 0.082180    55599.8008    0.144533    1.2685e+00       2.5250    3.8536e+03    0.038766       65.8355         0.0332        65.8355      2681.4238       0.0186     2.0000e-13      18799.999
 0.082380    55799.8008    0.144614    1.2405e+00       2.5241    3.8329e+03    0.038337       66.0809         0.0332        66.0809      2681.4238       0.0185     2.0000e-13      18799.999
 0.082580    55999.8008    0.144699    1.3788e+00       2.5232    3.9362e+03    0.040417       66.4391         0.0333        66.4391      2681.4238       0.0183     2.0000e-13      18799.999
 0.082780    56199.8008    0.144791    1.7613e+00       2.5224    4.1853e+03    0.045681       66.9663         0.0333        66.9663      2681.4238       0.0182     2.0000e-13      18799.999
 0.082980    56399.8008    0.144883    1.7702e+00       2.5216    4.1912e+03    0.045795       67.4936         0.0333        67.4936      2681.4238       0.0181     2.0000e-13      18799.999
 0.083180    56599.8008    0.144975    1.2970e+00       2.5209    3.8782e+03    0.039199       68.0208         0.0334        68.0208      2681.4238       0.0179     2.0000e-13      18799.999
 0.083380    56799.8008    0.145066    1.2133e+00       2.5202    3.8147e+03    0.037914       68.5480         0.0334        68.5480      2681.4238       0.0178     2.0000e-13      18799.999
 0.083580    56999.8008    0.145158    1.2085e+00       2.5195    3.8114e+03    0.037839       69.0753         0.0334        69.0753      2681.4238       0.0176     2.0000e-13      18799.999
 0.083780    57199.8008    0.145250    1.2707e+00       2.5188    3.8600e+03    0.038800       69.6025         0.0335        69.6025      2681.4238       0.0175     2.0000e-13      18799.999
 0.083980    57399.8008    0.145342    1.2866e+00       2.5181    3.8725e+03    0.039042       70.1298         0.0335        70.1298      2681.4238       0.0174     2.0000e-13      18799.999
 0.084180    57599.8008    0.145434    1.4289e+00       2.5175    3.9759e+03    0.041144       70.6570         0.0336        70.6570      2681.4238       0.0172     2.0000e-13      18799.999
 0.084380    57799.8008    0.145526    1.3502e+00       2.5169    3.9205e+03    0.039996       71.1842         0.0336        71.1842      2681.4238       0.0171     2.0000e-13      18799.999
 0.084580    57999.8008    0.145618    1.5260e+00       2.5164    4.0428e+03    0.042520       71.7115         0.0336        71.7115      2681.4238       0.0170     2.0000e-13      18799.999
 0.084780    58199.8008    0.145710    1.5948e+00       2.5158    4.0880e+03    0.043467       72.2387         0.0337        72.2387      2681.4238       0.0168     2.0000e-13      18799.999
 0.084980    58399.8008    0.145802    1.4987e+00       2.5153    4.0254e+03    0.042138       72.7660         0.0337        72.7660      2681.4238       0.0167     2.0000e-13      18799.999
 0.085180    58599.8008    0.145877    1.1971e+00       2.5148    3.8059e+03    0.037660       72.2880         0.0337        72.2880      2681.4238       0.0166     2.0000e-13      18799.999
 0.085380    58799.8008    0.145949    1.4228e+00       2.5143    3.9743e+03    0.041057       71.6983         0.0338        71.6983      2681.4238       0.0165     2.0000e-13      18799.999
 0.085580    58999.8008    0.146022    1.5993e+00       2.5138    4.0925e+03    0.043528       71.1086         0.0338        71.1086      2681.4238       0.0163     2.0000e-13      18799.999
 0.085780    59199.8008    0.146095    1.3635e+00       2.5133    3.9329e+03    0.040192       70.5189         0.0338        70.5189      2681.4238       0.0162     2.0000e-13      18799.999
 0.085980    59399.8008    0.146168    1.1176e+00       2.5129    3.7425e+03    0.036388       69.9292         0.0339        69.9292      2681.4238       0.0161     2.0000e-13      18799.999
 0.086180    59599.8008    0.146241    1.1636e+00       2.5125    3.7807e+03    0.037128       69.3394         0.0339        69.3394      2681.4238       0.0160     2.0000e-13      18799.999
 0.086380    59799.8008    0.146313    1.2095e+00       2.5120    3.8178e+03    0.037855       68.7498         0.0339        68.7498      2681.4238       0.0159     2.0000e-13      18799.999
 0.086580    59999.8008    0.146386    1.1821e+00       2.5116    3.7963e+03    0.037423       68.1600         0.0340        68.1600      2681.4238       0.0158     2.0000e-13      18799.999
 0.086780    60199.8008    0.146459    1.4258e+00       2.5113    3.9787e+03    0.041100       67.5704         0.0340        67.5704      2681.4238       0.0156     2.0000e-13      18799.999
 0.086980    60399.8008    0.146532    1.2703e+00       2.5109    3.8658e+03    0.038794       66.9807         0.0340        66.9807      2681.4238       0.0155     2.0000e-13      18799.999
 0.087180    60599.8008    0.146605    1.0341e+00       2.5105    3.6723e+03    0.035003       66.3909         0.0341        66.3909      2681.4238       0.0154     2.0000e-13      18799.999
 0.087380    60799.8008    0.146677    1.3835e+00       2.5102    3.9497e+03    0.040485       65.8012         0.0341        65.8012      2681.4238       0.0153     2.0000e-13      18799.999
 0.087580    60999.8008    0.146755    1.5453e+00       2.5099    4.0607e+03    0.042788       65.6019         0.0341        65.6019      2681.4238       0.0152     2.0000e-13      18799.999
 0.087780    61199.8008    0.146840    1.6293e+00       2.5096    4.1151e+03    0.043936       65.9880         0.0342        65.9880      2681.4238       0.0151     2.0000e-13      18799.999
 0.087980    61399.8008    0.146926    1.6171e+00       2.5093    4.1076e+03    0.043771       66.3741         0.0342        66.3741      2681.4238       0.0149     2.0000e-13      18799.999
 0.088180    61599.8008    0.147011    1.3948e+00       2.5090    3.9587e+03    0.040651       66.7602         0.0342        66.7602      2681.4238       0.0148     2.0000e-13      18799.999
 0.088380    61799.8008    0.147096    1.3597e+00       2.5087    3.9338e+03    0.040135       67.1463         0.0342        67.1463      2681.4238       0.0147     2.0000e-13      18799.999
 0.088580    61999.8008    0.147182    1.3703e+00       2.5084    3.9417e+03    0.040292       67.5324         0.0343        67.5324      2681.4238       0.0146     2.0000e-13      18799.999
 0.088780    62199.8008    0.147267    1.4249e+00       2.5081    3.9806e+03    0.041087       67.9185         0.0343        67.9185      2681.4238       0.0145     2.0000e-13      18799.999
 0.088980    62399.8008    0.147352    1.3181e+00       2.5079    3.9040e+03    0.039517       68.3046         0.0343        68.3046      2681.4238       0.0143     2.0000e-13      18799.999
 0.089180    62599.8008    0.147437    1.2616e+00       2.5076    3.8617e+03    0.038661       68.6907         0.0343        68.6907      2681.4238       0.0142     2.0000e-13      18799.999
 0.089380    62799.8008    0.147523    1.2443e+00       2.5074    3.8485e+03    0.038395       69.0768         0.0344        69.0768      2681.4238       0.0141     2.0000e-13      18799.999
 0.089580    62999.8008    0.147608    1.2034e+00       2.5072    3.8167e+03    0.037759       69.4629         0.0344        69.4629      2681.4238       0.0140     2.0000e-13      18799.999
 0.089780    63199.8008    0.147693    1.1335e+00       2.5069    3.7602e+03    0.036646       69.8490         0.0344        69.8490      2681.4238       0.0139     2.0000e-13      18799.999
 0.089980    63399.8008    0.147778    1.2459e+00       2.5067    3.8503e+03    0.038420       70.2351         0.0344        70.2351      2681.4238       0.0137     2.0000e-13      18799.999
 0.090180    63599.8008    0.147852    1.3577e+00       2.5065    3.9341e+03    0.040106       70.3341         0.0344        70.3341      2681.4238       0.0137     2.0000e-13      18799.999
 0.090380    63799.8008    0.147923    1.4322e+00       2.5063    3.9872e+03    0.041193       70.4011         0.0344        70.4011      2681.4238       0.0136     2.0000e-13      18799.999
 0.090580    63999.8008    0.147995    1.4321e+00       2.5061    3.9872e+03    0.041190       70.4682         0.0344        70.4682      2681.4238       0.0135     2.0000e-13      18799.999
 0.090780    64199.8008    0.148067    1.3210e+00       2.5059    3.9077e+03    0.039560       70.5352         0.0344        70.5352      2681.4238       0.0135     2.0000e-13      18799.999
 0.090980    64399.8008    0.148138    1.1331e+00       2.5057    3.7608e+03    0.036639       70.6023         0.0344        70.6023      2681.4238       0.0134     2.0000e-13      18799.999
 0.091180    64599.8008    0.148210    1.0880e+00       2.5056    3.7229e+03    0.035903       70.6694         0.0344        70.6694      2681.4238       0.0133     2.0000e-13      18799.999
 0.091380    64799.8008    0.148282    1.1254e+00       2.5054    3.7546e+03    0.036515       70.7364         0.0344        70.7364      2681.4238       0.0132     2.0000e-13      18799.999
 0.091580    64999.8008    0.148353    1.1017e+00       2.5052    3.7349e+03    0.036129       70.8035         0.0344        70.8035      2681.4238       0.0132     2.0000e-13      18799.999
 0.091780    65199.8008    0.148425    1.3584e+00       2.5051    3.9357e+03    0.040117       70.8706         0.0344        70.8706      2681.4238       0.0131     2.0000e-13      18799.999
 0.091980    65399.8008    0.148497    1.2586e+00       2.5049    3.8615e+03    0.038616       70.9376         0.0344        70.9376      2681.4238       0.0130     2.0000e-13      18799.999
 0.092180    65599.7969    0.148568    1.2287e+00       2.5048    3.8384e+03    0.038154       71.0047         0.0344        71.0047      2681.4238       0.0130     2.0000e-13      18799.999
 0.092380    65799.7969    0.148640    1.0710e+00       2.5046    3.7089e+03    0.035621       71.0718         0.0344        71.0718      2681.4238       0.0129     2.0000e-13      18799.999
 0.092580    65999.7969    0.148712    1.2875e+00       2.5045    3.8838e+03    0.039056       71.2225         0.0344        71.2225      2681.4238       0.0128     2.0000e-13      18799.999
 0.092780    66199.7969    0.148783    1.2054e+00       2.5044    3.8204e+03    0.037790       71.4989         0.0344        71.4989      2681.4238       0.0127     2.0000e-13      18799.999
 0.092980    66399.7969    0.148855    1.0843e+00       2.5042    3.7207e+03    0.035841       71.7752         0.0344        71.7752      2681.4238       0.0126     2.0000e-13      18799.999
 0.093180    66599.7969    0.148926    1.0792e+00       2.5041    3.7164e+03    0.035756       72.0516         0.0345        72.0516      2681.4238       0.0124     2.0000e-13      18799.999
 0.093380    66799.7969    0.148998    1.1247e+00       2.5040    3.7551e+03    0.036504       72.3279         0.0345        72.3279      2681.4238       0.0123     2.0000e-13      18799.999
 0.093580    66999.7969    0.149069    1.3430e+00       2.5039    3.9255e+03    0.039889       72.6043         0.0345        72.6043      2681.4238       0.0122     2.0000e-13      18799.999
 0.093780    67199.7969    0.149141    1.3040e+00       2.5038    3.8968e+03    0.039306       72.8807         0.0346        72.8807      2681.4238       0.0121     2.0000e-13      18799.999
 0.093980    67399.7969    0.149212    1.3670e+00       2.5036    3.9431e+03    0.040244       73.1570         0.0346        73.1570      2681.4238       0.0120     2.0000e-13      18799.999
 0.094180    67599.7969    0.149284    1.3263e+00       2.5035    3.9134e+03    0.039640       73.4334         0.0347        73.4334      2681.4238       0.0119     2.0000e-13      18799.999
 0.094380    67799.7969    0.149355    1.2515e+00       2.5034    3.8572e+03    0.038506       73.7097         0.0347        73.7097      2681.4238       0.0117     2.0000e-13      18799.999
 0.094580    67999.7969    0.149427    1.2191e+00       2.5033    3.8320e+03    0.038004       73.9861         0.0347        73.9861      2681.4238       0.0116     2.0000e-13      18799.999
 0.094780    68199.7969    0.149498    1.2199e+00       2.5032    3.8327e+03    0.038016       74.2624         0.0348        74.2624      2681.4238       0.0115     2.0000e-13      18799.999
 0.094980    68399.7969    0.149570    1.0590e+00       2.5031    3.6996e+03    0.035421       74.5388         0.0348        74.5388      2681.4238       0.0114     2.0000e-13      18799.999
 0.095180    68599.7969    0.149635    1.1809e+00       2.5030    3.8019e+03    0.037405       74.4406         0.0348        74.4406      2681.4238       0.0113     2.0000e-13      18799.999
 0.095380    68799.7969    0.149700    1.1208e+00       2.5030    3.7526e+03    0.036441       74.3008         0.0348        74.3008      2681.4238       0.0112     2.0000e-13      18799.999
 0.095580    68999.7969    0.149764    1.2534e+00       2.5029    3.8590e+03    0.038535       74.1609         0.0348        74.1609      2681.4238       0.0111     2.0000e-13      18799.999
 0.095780    69199.7969    0.149829    1.3065e+00       2.5028    3.8993e+03    0.039343       74.0211         0.0349        74.0211      2681.4238       0.0110     2.0000e-13      18799.999
 0.095980    69399.7969    0.149894    1.2645e+00       2.5027    3.8677e+03    0.038705       73.8813         0.0349        73.8813      2681.4238       0.0110     2.0000e-13      18799.999
 0.096180    69599.7969    0.149958    1.2601e+00       2.5026    3.8644e+03    0.038638       73.7415         0.0349        73.7415      2681.4238       0.0109     2.0000e-13      18799.999
 0.096380    69799.7969    0.150023    1.2683e+00       2.5026    3.8707e+03    0.038764       73.6017         0.0349        73.6017      2681.4238       0.0108     2.0000e-13      18799.999
 0.096580    69999.7969    0.150088    1.1980e+00       2.5025    3.8159e+03    0.037673       73.4619         0.0349        73.4619      2681.4238       0.0107     2.0000e-13      18799.999
 0.096780    70199.7969    0.150152    1.0689e+00       2.5024    3.7088e+03    0.035586       73.3220         0.0349        73.3220      2681.4238       0.0106     2.0000e-13      18799.999
 0.096980    70399.7969    0.150217    1.0716e+00       2.5023    3.7112e+03    0.035631       73.1822         0.0350        73.1822      2681.4238       0.0105     2.0000e-13      18799.999
 0.097180    70599.7969    0.150282    1.0250e+00       2.5023    3.6702e+03    0.034848       73.0424         0.0350        73.0424      2681.4238       0.0104     2.0000e-13      18799.999
 0.097380    70799.7969    0.150346    1.1442e+00       2.5022    3.7726e+03    0.036818       72.9026         0.0350        72.9026      2681.4238       0.0104     2.0000e-13      18799.999
 0.097580    70999.7969    0.150407    1.2583e+00       2.5022    3.8634e+03    0.038611       72.8746         0.0350        72.8746      2681.4238       0.0103     2.0000e-13      18799.999
 0.097780    71199.7969    0.150462    1.1627e+00       2.5021    3.7878e+03    0.037115       73.0144         0.0350        73.0144      2681.4238       0.0102     2.0000e-13      18799.999
 0.097980    71399.7969    0.150516    1.1512e+00       2.5020    3.7784e+03    0.036930       73.1543         0.0350        73.1543      2681.4238       0.0101     2.0000e-13      18799.999
 0.098180    71599.7969    0.150571    1.1164e+00       2.5020    3.7497e+03    0.036369       73.2941         0.0350        73.2941      2681.4238       0.0101     2.0000e-13      18799.999
 0.098380    71799.7969    0.150626    1.0560e+00       2.5019    3.6979e+03    0.035372       73.4339         0.0350        73.4339      2681.4238       0.0100     2.0000e-13      18799.999
 0.098580    71999.7969    0.150680    1.0085e+00       2.5019    3.6557e+03    0.034567       73.5737         0.0350        73.5737      2681.4238       0.0099     2.0000e-13      18799.999
 0.098780    72199.7969    0.150735    1.0200e+00       2.5018    3.6660e+03    0.034762       73.7135         0.0351        73.7135      2681.4238       0.0099     2.0000e-13      18799.999
 0.098980    72399.7969    0.150790    1.0367e+00       2.5018    3.6810e+03    0.035046       73.8533         0.0351        73.8533      2681.4238       0.0098     2.0000e-13      18799.999
 0.099180    72599.7969    0.150845    1.0495e+00       2.5017    3.6923e+03    0.035262       73.9931         0.0351        73.9931      2681.4238       0.0097     2.0000e-13      18799.999
 0.099380    72799.7969    0.150899    1.0627e+00       2.5017    3.7039e+03    0.035482       74.1330         0.0351        74.1330      2681.4238       0.0096     2.0000e-13      18799.999
 0.099580    72999.7969    0.150954    1.0942e+00       2.5016    3.7311e+03    0.036005       74.2728         0.0351        74.2728      2681.4238       0.0096     2.0000e-13      18799.999
 0.099780    73199.7969    0.151009    1.0732e+00       2.5016    3.7131e+03    0.035658       74.4126         0.0351        74.4126      2681.4238       0.0095     2.0000e-13      18799.999
 0.099980    73399.7969    0.151064    1.1107e+00       2.5015    3.7452e+03    0.036275       74.5524         0.0351        74.5524      2681.4238       0.0094     2.0000e-13      18799.999
 0.100180    73599.7969    0.151121    1.0949e+00       2.5015    3.7318e+03    0.036016       74.8272         0.0351        74.8272      2681.4238       0.0094     2.0000e-13      18799.999
 0.100380    73799.7969    0.151179    1.0523e+00       2.5015    3.6950e+03    0.035308       75.1170         0.0351        75.1170      2681.4238       0.0093     2.0000e-13      18799.999
 0.100580    73999.7969    0.151237    1.1607e+00       2.5014    3.7868e+03    0.037084       75.4067         0.0351        75.4067      2681.4238       0.0092     2.0000e-13      18799.999
 0.100780    74199.7969    0.151295    1.1191e+00       2.5014    3.7524e+03    0.036413       75.6965         0.0351        75.6965      2681.4238       0.0091     2.0000e-13      18799.999
 0.100980    74399.7969    0.151353    1.0681e+00       2.5013    3.7088e+03    0.035572       75.9863         0.0352        75.9863      2681.4238       0.0091     2.0000e-13      18799.999
 0.101180    74599.7969    0.151411    1.0432e+00       2.5013    3.6871e+03    0.035156       76.2761         0.0352        76.2761      2681.4238       0.0090     2.0000e-13      18799.999
 0.101380    74799.7969    0.151469    1.0464e+00       2.5013    3.6900e+03    0.035210       76.5658         0.0352        76.5658      2681.4238       0.0089     2.0000e-13      18799.999
 0.101580    74999.7969    0.151527    1.0686e+00       2.5013    3.7094e+03    0.035581       76.8556         0.0352        76.8556      2681.4238       0.0088     2.0000e-13      18799.999
 0.101780    75199.7969    0.151584    1.2012e+00       2.5012    3.8195e+03    0.037724       77.1454         0.0352        77.1454      2681.4238       0.0088     2.0000e-13      18799.999
 0.101980    75399.7969    0.151642    1.1376e+00       2.5012    3.7679e+03    0.036712       77.4352         0.0352        77.4352      2681.4238       0.0087     2.0000e-13      18799.999
 0.102180    75599.7969    0.151700    1.1248e+00       2.5011    3.7573e+03    0.036504       77.7250         0.0352        77.7250      2681.4238       0.0086     2.0000e-13      18799.999
 0.102380    75799.7969    0.151758    9.5766e-01       2.5011    3.6092e+03    0.033684       78.0147         0.0352        78.0147      2681.4238       0.0085     2.0000e-13      18799.999
 0.102580    75999.7969    0.151815    1.0022e+00       2.5011    3.6505e+03    0.034458       78.1591         0.0352        78.1591      2681.4238       0.0085     2.0000e-13      18799.999
 0.102780    76199.7969    0.151871    9.9504e-01       2.5011    3.6440e+03    0.034335       78.0854         0.0352        78.0854      2681.4238       0.0084     2.0000e-13      18799.999
 0.102980    76399.7969    0.151926    9.8011e-01       2.5010    3.6302e+03    0.034076       78.0116         0.0352        78.0116      2681.4238       0.0084     2.0000e-13      18799.999
 0.103180    76599.7969    0.151982    1.0683e+00       2.5010    3.7093e+03    0.035577       77.9379         0.0352        77.9379      2681.4238       0.0083     2.0000e-13      18799.999
 0.103380    76799.7969    0.152037    1.0910e+00       2.5010    3.7289e+03    0.035952       77.8641         0.0352        77.8641      2681.4238       0.0082     2.0000e-13      18799.999
 0.103580    76999.7969    0.152092    1.1513e+00       2.5010    3.7794e+03    0.036933       77.7904         0.0352        77.7904      2681.4238       0.0082     2.0000e-13      18799.999
 0.103780    77199.7969    0.152148    1.1165e+00       2.5009    3.7505e+03    0.036369       77.7166         0.0352        77.7166      2681.4238       0.0081     2.0000e-13      18799.999
 0.103980    77399.7969    0.152203    1.0188e+00       2.5009    3.6656e+03    0.034742       77.6429         0.0352        77.6429      2681.4238       0.0081     2.0000e-13      18799.999
 0.104180    77599.7969    0.152259    1.0555e+00       2.5009    3.6982e+03    0.035362       77.5692         0.0352        77.5692      2681.4238       0.0080     2.0000e-13      18799.999
 0.104380    77799.7969    0.152314    1.0024e+00       2.5009    3.6508e+03    0.034461       77.4954         0.0352        77.4954      2681.4238       0.0080     2.0000e-13      18799.999
 0.104580    77999.7969    0.152370    9.9209e-01       2.5008    3.6414e+03    0.034284       77.4217         0.0352        77.4217      2681.4238       0.0079     2.0000e-13      18799.999
 0.104780    78199.7969    0.152425    1.1096e+00       2.5008    3.7448e+03    0.036257       77.3479         0.0352        77.3479      2681.4238       0.0078     2.0000e-13      18799.999
 0.104980    78399.7969    0.152480    1.0935e+00       2.5008    3.7312e+03    0.035994       77.2742         0.0352        77.2742      2681.4238       0.0078     2.0000e-13      18799.999
 0.105180    78599.7969    0.152537    1.0976e+00       2.5008    3.7346e+03    0.036060       77.0724         0.0352        77.0724      2681.4238       0.0077     2.0000e-13      18799.999
 0.105380    78799.7969    0.152594    1.0715e+00       2.5008    3.7123e+03    0.035630       76.8563         0.0351        76.8563      2681.4238       0.0077     2.0000e-13      18799.999
 0.105580    78999.7969    0.152650    9.8009e-01       2.5007    3.6304e+03    0.034076       76.6403         0.0351        76.6403      2681.4238       0.0077     2.0000e-13      18799.999
 0.105780    79199.7969    0.152707    9.2183e-01       2.5007    3.5753e+03    0.033047       76.4243         0.0351        76.4243      2681.4238       0.0076     2.0000e-13      18799.999
 0.105980    79399.7969    0.152764    1.0062e+00       2.5007    3.6544e+03    0.034527       76.2082         0.0351        76.2082      2681.4238       0.0076     2.0000e-13      18799.999
 0.106180    79599.7969    0.152820    1.1422e+00       2.5007    3.7721e+03    0.036786       75.9922         0.0351        75.9922      2681.4238       0.0075     2.0000e-13      18799.999
 0.106380    79799.7969    0.152877    1.1061e+00       2.5007    3.7419e+03    0.036199       75.7762         0.0350        75.7762      2681.4238       0.0075     2.0000e-13      18799.999
 0.106580    79999.7969    0.152933    1.0871e+00       2.5007    3.7257e+03    0.035887       75.5601         0.0350        75.5601      2681.4238       0.0074     2.0000e-13      18799.999
 0.106780    80199.7969    0.152990    1.0814e+00       2.5006    3.7209e+03    0.035794       75.3441         0.0350        75.3441      2681.4238       0.0074     2.0000e-13      18799.999
 0.106980    80399.7969    0.153047    1.0273e+00       2.5006    3.6735e+03    0.034887       75.1281         0.0350        75.1281      2681.4238       0.0074     2.0000e-13      18799.999
 0.107180    80599.7969    0.153103    1.0751e+00       2.5006    3.7155e+03    0.035689       74.9120         0.0350        74.9120      2681.4238       0.0073     2.0000e-13      18799.999
 0.107380    80799.7969    0.153160    1.0883e+00       2.5006    3.7269e+03    0.035908       74.6960         0.0349        74.6960      2681.4238       0.0073     2.0000e-13      18799.999
 0.107580    80999.7969    0.153217    1.1289e+00       2.5006    3.7612e+03    0.036571       74.7122         0.0349        74.7122      2681.4238       0.0072     2.0000e-13      18799.999
 0.107780    81199.7969    0.153273    1.1126e+00       2.5006    3.7475e+03    0.036307       75.0765         0.0349        75.0765      2681.4238       0.0072     2.0000e-13      18799.999
 0.107980    81399.7969    0.153329    1.0763e+00       2.5006    3.7166e+03    0.035710       75.4409         0.0349        75.4409      2681.4238       0.0071     2.0000e-13      18799.999
 0.108180    81599.7969    0.153385    1.0744e+00       2.5005    3.7149e+03    0.035678       75.8053         0.0349        75.8053      2681.4238       0.0070     2.0000e-13      18799.999
 0.108380    81799.7969    0.153442    1.0378e+00       2.5005    3.6829e+03    0.035065       76.1697         0.0349        76.1697      2681.4238       0.0070     2.0000e-13      18799.999
 0.108580    81999.7969    0.153498    1.0697e+00       2.5005    3.7109e+03    0.035600       76.5341         0.0349        76.5341      2681.4238       0.0069     2.0000e-13      18799.999
 0.108780    82199.7969    0.153554    1.0612e+00       2.5005    3.7035e+03    0.035457       76.8985         0.0349        76.8985      2681.4238       0.0068     2.0000e-13      18799.999
 0.108980    82399.7969    0.153611    1.0359e+00       2.5005    3.6812e+03    0.035033       77.2629         0.0349        77.2629      2681.4238       0.0068     2.0000e-13      18799.999
 0.109180    82599.7969    0.153667    9.7734e-01       2.5005    3.6281e+03    0.034028       77.6273         0.0349        77.6273      2681.4238       0.0067     2.0000e-13      18799.999
 0.109380    82799.7969    0.153723    9.9757e-01       2.5005    3.6467e+03    0.034378       77.9917         0.0349        77.9917      2681.4238       0.0066     2.0000e-13      18799.999
 0.109580    82999.7969    0.153780    9.9705e-01       2.5004    3.6463e+03    0.034369       78.3561         0.0349        78.3561      2681.4238       0.0066     2.0000e-13      18799.999
 0.109780    83199.7969    0.153836    9.9847e-01       2.5004    3.6476e+03    0.034394       78.7205         0.0349        78.7205      2681.4238       0.0065     2.0000e-13      18799.999
 0.109980    83399.7969    0.153892    1.0012e+00       2.5004    3.6501e+03    0.034441       79.0849         0.0350        79.0849      2681.4238       0.0064     2.0000e-13      18799.999
 0.110180    83599.7969    0.153943    1.0031e+00       2.5004    3.6518e+03    0.034474       79.3276         0.0349        79.3276      2681.4238       0.0064     2.0000e-13      18799.999
 0.110380    83799.7969    0.153992    9.6985e-01       2.5004    3.6212e+03    0.033897       79.5568         0.0349        79.5568      2681.4238       0.0064     2.0000e-13      18799.999
 0.110580    83999.7969    0.154042    9.9741e-01       2.5004    3.6466e+03    0.034376       79.7861         0.0349        79.7861      2681.4238       0.0063     2.0000e-13      18799.999
 0.110780    84199.7969    0.154091    9.8328e-01       2.5004    3.6336e+03    0.034131       80.0153         0.0349        80.0153      2681.4238       0.0063     2.0000e-13      18799.999
 0.110980    84399.7969    0.154141    1.0216e+00       2.5004    3.6685e+03    0.034789       80.2445         0.0348        80.2445      2681.4238       0.0063     2.0000e-13      18799.999
 0.111180    84599.7969    0.154191    1.0044e+00       2.5004    3.6531e+03    0.034496       80.4738         0.0348        80.4738      2681.4238       0.0062     2.0000e-13      18799.999
 0.111380    84799.7969    0.154240    1.0015e+00       2.5004    3.6504e+03    0.034446       80.7030         0.0348        80.7030      2681.4238       0.0062     2.0000e-13      18799.999
 0.111580    84999.7969    0.154290    9.4867e-01       2.5004    3.6013e+03    0.033525       80.9322         0.0348        80.9322      2681.4238       0.0062     2.0000e-13      18799.999
 0.111780    85199.7969    0.154339    9.4752e-01       2.5004    3.6002e+03    0.033505       81.1615         0.0347        81.1615      2681.4238       0.0061     2.0000e-13      18799.999
 0.111980    85399.7969    0.154389    9.9231e-01       2.5003    3.6420e+03    0.034288       81.3907         0.0347        81.3907      2681.4238       0.0061     2.0000e-13      18799.999
 0.112180    85599.7969    0.154439    9.5838e-01       2.5003    3.6105e+03    0.033696       81.6199         0.0347        81.6199      2681.4238       0.0061     2.0000e-13      18799.999
 0.112380    85799.7969    0.154488    9.7573e-01       2.5003    3.6267e+03    0.034000       81.8492         0.0347        81.8492      2681.4238       0.0061     2.0000e-13      18799.999
 0.112580    85999.7969    0.154539    9.9316e-01       2.5003    3.6428e+03    0.034302       81.8950         0.0347        81.8950      2681.4238       0.0060     2.0000e-13      18799.999
 0.112780    86199.7969    0.154592    1.0623e+00       2.5003    3.7046e+03    0.035476       81.6658         0.0346        81.6658      2681.4238       0.0060     2.0000e-13      18799.999
 0.112980    86399.7969    0.154644    1.0791e+00       2.5003    3.7191e+03    0.035755       81.4365         0.0346        81.4365      2681.4238       0.0059     2.0000e-13      18799.999
 0.113180    86599.7969    0.154697    1.0764e+00       2.5003    3.7168e+03    0.035711       81.2073         0.0346        81.2073      2681.4238       0.0059     2.0000e-13      18799.999
 0.113380    86799.7969    0.154750    1.0418e+00       2.5003    3.6866e+03    0.035132       80.9781         0.0346        80.9781      2681.4238       0.0058     2.0000e-13      18799.999
 0.113580    86999.7969    0.154802    1.0426e+00       2.5003    3.6873e+03    0.035146       80.7488         0.0346        80.7488      2681.4238       0.0058     2.0000e-13      18799.999
 0.113780    87199.7969    0.154855    1.0103e+00       2.5003    3.6585e+03    0.034597       80.5196         0.0346        80.5196      2681.4238       0.0057     2.0000e-13      18799.999
 0.113980    87399.7969    0.154908    9.8014e-01       2.5003    3.6308e+03    0.034077       80.2904         0.0346        80.2904      2681.4238       0.0057     2.0000e-13      18799.999
 0.114180    87599.7969    0.154960    9.5398e-01       2.5003    3.6064e+03    0.033619       80.0612         0.0346        80.0612      2681.4238       0.0056     2.0000e-13      18799.999
 0.114380    87799.7969    0.155013    9.4469e-01       2.5003    3.5976e+03    0.033455       79.8319         0.0346        79.8319      2681.4238       0.0056     2.0000e-13      18799.999
 0.114580    87999.7969    0.155065    9.2080e-01       2.5002    3.5746e+03    0.033029       79.6027         0.0345        79.6027      2681.4238       0.0055     2.0000e-13      18799.999
 0.114780    88199.7969    0.155118    9.3474e-01       2.5002    3.5880e+03    0.033278       79.3735         0.0345        79.3735      2681.4238       0.0055     2.0000e-13      18799.999
 0.114980    88399.7969    0.155171    9.5074e-01       2.5002    3.6033e+03    0.033562       79.1442         0.0345        79.1442      2681.4238       0.0054     2.0000e-13      18799.999
 0.115180    88599.7969    0.155217    9.5905e-01       2.5002    3.6112e+03    0.033708       79.0541         0.0345        79.0541      2681.4238       0.0054     2.0000e-13      18799.999
 0.115380    88799.7969    0.155262    9.5203e-01       2.5002    3.6045e+03    0.033584       78.9795         0.0345        78.9795      2681.4238       0.0054     2.0000e-13      18799.999
 0.115580    88999.7969    0.155307    9.9129e-01       2.5002    3.6411e+03    0.034270       78.9049         0.0345        78.9049      2681.4238       0.0054     2.0000e-13      18799.999
 0.115780    89199.7969    0.155352    9.6522e-01       2.5002    3.6170e+03    0.033816       78.8303         0.0344        78.8303      2681.4238       0.0053     2.0000e-13      18799.999
 0.115980    89399.7969    0.155397    9.5172e-01       2.5002    3.6042e+03    0.033579       78.7557         0.0344        78.7557      2681.4238       0.0053     2.0000e-13      18799.999
 0.116180    89599.7969    0.155442    8.9440e-01       2.5002    3.5487e+03    0.032552       78.6811         0.0344        78.6811      2681.4238       0.0053     2.0000e-13      18799.999
 0.116380    89799.7969    0.155487    8.9120e-01       2.5002    3.5455e+03    0.032494       78.6064         0.0344        78.6064      2681.4238       0.0052     2.0000e-13      18799.999
 0.116580    89999.7969    0.155532    9.4521e-01       2.5002    3.5981e+03    0.033464       78.5318         0.0344        78.5318      2681.4238       0.0052     2.0000e-13      18799.999
 0.116780    90199.7969    0.155578    9.2271e-01       2.5002    3.5765e+03    0.033063       78.4572         0.0343        78.4572      2681.4238       0.0052     2.0000e-13      18799.999
 0.116980    90399.7969    0.155623    8.9885e-01       2.5002    3.5531e+03    0.032633       78.3826         0.0343        78.3826      2681.4238       0.0051     2.0000e-13      18799.999
 0.117180    90599.7969    0.155668    9.2413e-01       2.5002    3.5779e+03    0.033089       78.3080         0.0343        78.3080      2681.4238       0.0051     2.0000e-13      18799.999
 0.117380    90799.7969    0.155713    9.0892e-01       2.5002    3.5631e+03    0.032815       78.2334         0.0343        78.2334      2681.4238       0.0051     2.0000e-13      18799.999
 0.117580    90999.7969    0.155756    9.2444e-01       2.5002    3.5782e+03    0.033094       78.3731         0.0343        78.3731      2681.4238       0.0051     2.0000e-13      18799.999
 0.117780    91199.7969    0.155794    9.2586e-01       2.5002    3.5795e+03    0.033120       78.8344         0.0343        78.8344      2681.4238       0.0050     2.0000e-13      18799.999
 0.117980    91399.7969    0.155833    9.4089e-01       2.5002    3.5940e+03    0.033387       79.2957         0.0343        79.2957      2681.4238       0.0050     2.0000e-13      18799.999
 0.118180    91599.7969    0.155872    8.8229e-01       2.5002    3.5367e+03    0.032331       79.7569         0.0343        79.7569      2681.4238       0.0049     2.0000e-13      18799.999
 0.118380    91799.7969    0.155911    8.6429e-01       2.5002    3.5185e+03    0.032000       80.2182         0.0343        80.2182      2681.4238       0.0049     2.0000e-13      18799.999
 0.118580    91999.7969    0.155950    8.6954e-01       2.5002    3.5238e+03    0.032097       80.6794         0.0343        80.6794      2681.4238       0.0048     2.0000e-13      18799.999
 0.118780    92199.7969    0.155989    8.2823e-01       2.5002    3.4812e+03    0.031325       81.1407         0.0343        81.1407      2681.4238       0.0048     2.0000e-13      18799.999
 0.118980    92399.7969    0.156028    8.1064e-01       2.5002    3.4626e+03    0.030990       81.6020         0.0343        81.6020      2681.4238       0.0048     2.0000e-13      18799.999
 0.119180    92599.7969    0.156067    8.8969e-01       2.5002    3.5441e+03    0.032466       82.0632         0.0343        82.0632      2681.4238       0.0047     2.0000e-13      18799.999
 0.119380    92799.7969    0.156105    8.8735e-01       2.5002    3.5418e+03    0.032424       82.5245         0.0343        82.5245      2681.4238       0.0047     2.0000e-13      18799.999
 0.119580    92999.7969    0.156144    9.0729e-01       2.5002    3.5615e+03    0.032786       82.9857         0.0343        82.9857      2681.4238       0.0046     2.0000e-13      18799.999
 0.119780    93199.7969    0.156183    8.7273e-01       2.5001    3.5271e+03    0.032155       83.4470         0.0343        83.4470      2681.4238       0.0046     2.0000e-13      18799.999
 0.119980    93399.7969    0.156222    9.1754e-01       2.5001    3.5715e+03    0.032970       83.9083         0.0343        83.9083      2681.4238       0.0045     2.0000e-13      18799.999
 0.120180    93599.7969    0.156263    9.1970e-01       2.5001    3.5736e+03    0.033009       83.8127         0.0342        83.8127      2681.4238       0.0045     2.0000e-13      18799.999
 0.120380    93799.7969    0.156304    8.7319e-01       2.5001    3.5275e+03    0.032164       83.6553         0.0342        83.6553      2681.4238       0.0045     2.0000e-13      18799.999
 0.120580    93999.7969    0.156345    8.6246e-01       2.5001    3.5167e+03    0.031966       83.4979         0.0342        83.4979      2681.4238       0.0045     2.0000e-13      18799.999
 0.120780    94199.7969    0.156386    9.2836e-01       2.5001    3.5820e+03    0.033164       83.3405         0.0342        83.3405      2681.4238       0.0044     2.0000e-13      18799.999
