Time (Myr)  Time-t0 (yr) Mstar (Msun)  Lstar (Lsun)  Rstar (Rsun)  Tstar (K)  Rdisk_in (AU)  Rdisk_out (AU)  Mdisk (Msun)  Renv_in (AU)  Renv_out (AU)  Menv (Msun)  Omega_0 (1/s)   c_s (cm/s)
 0.016520        0.0000    0.002036    0.0000e+00    1078.0000    0.0000e+00    0.000000        0.0000         0.0000         4.8591      1650.1071       0.1296     3.2500e-13      18799.999
 0.016720      200.0000    0.003482    8.9131e-04    1078.0000    3.0365e+01    0.001028        0.0000         0.0000         4.8591      1650.1071       0.1296     3.2500e-13      18799.999
 0.016920      399.9000    0.004928    1.1030e-03    1078.0000    3.2027e+01    0.001143        0.0000         0.0000         4.8591      1650.1071       0.1296     3.2500e-13      18799.999
 0.017120      599.9000    0.006374    1.3114e-03    1078.0000    3.3443e+01    0.001246        0.0000         0.0000         4.8591      1650.1071       0.1296     3.2500e-13      18799.999
 0.017320      799.9000    0.007820    1.5140e-03    1078.0000    3.4666e+01    0.001339        0.0000         0.0000         4.8591      1650.1071       0.1296     3.2500e-13      18799.999
 0.017520      999.9000    0.009246    1.7078e-03    1078.0000    3.5725e+01    0.001422        0.0000         0.0000         4.8591      1650.1071       0.1294     3.2500e-13      18799.999
 0.017720     1199.9000    0.010491    1.8654e-03    1078.0000    3.6522e+01    0.001487        0.0000         0.0000         4.8591      1650.1071       0.1279     3.2500e-13      18799.999
 0.017920     1399.9000    0.011736    2.0217e-03    1078.0000    3.7265e+01    0.001548        0.0000         0.0000         4.8591      1650.1071       0.1263     3.2500e-13      18799.999
 0.018120     1599.9000    0.012981    2.1770e-03    1078.0000    3.7960e+01    0.001606        0.0000         0.0000         4.8591      1650.1071       0.1248     3.2500e-13      18799.999
 0.018320     1799.9000    0.014226    2.3314e-03    1078.0000    3.8616e+01    0.001662        0.0000         0.0000         4.8591      1650.1071       0.1233     3.2500e-13      18799.999
 0.018520     1999.9000    0.015472    2.4852e-03    1078.0000    3.9238e+01    0.001716        0.0000         0.0000         4.8591      1650.1071       0.1217     3.2500e-13      18799.999
 0.018720     2199.8999    0.016717    2.6386e-03    1078.0000    3.9830e+01    0.001768        0.0000         0.0000         4.8591      1650.1071       0.1202     3.2500e-13      18799.999
 0.018920     2399.8999    0.017962    2.7920e-03    1078.0000    4.0397e+01    0.001819        0.0000         0.0000         4.8591      1650.1071       0.1187     3.2500e-13      18799.999
 0.019120     2599.8999    0.019207    2.9456e-03    1078.0000    4.0941e+01    0.001868        0.0000         0.0000         4.8591      1650.1071       0.1171     3.2500e-13      18799.999
 0.019320     2799.8999    0.020452    3.0994e-03    1078.0000    4.1466e+01    0.001916        0.0000         0.0000         4.8591      1650.1071       0.1156     3.2500e-13      18799.999
 0.019520     2999.8999    0.021698    3.2541e-03    1078.0000    4.1974e+01    0.001963        0.0000         0.0000         4.8591      1650.1071       0.1141     3.2500e-13      18799.999
 0.019720     3199.8999    0.022943    3.4097e-03    1078.0000    4.2467e+01    0.002010        0.0000         0.0000         4.8591      1650.1071       0.1125     3.2500e-13      18799.999
 0.019920     3399.8999    0.024188    3.5666e-03    1078.0000    4.2947e+01    0.002056        0.0000         0.0000         4.8591      1650.1071       0.1110     3.2500e-13      18799.999
 0.020120     3599.8999    0.025248    3.6979e-03    1078.0000    4.3337e+01    0.002093        0.0000         0.0000         4.8591      1650.1071       0.1099     3.2500e-13      18799.999
 0.020320     3799.8999    0.026185    3.8134e-03    1078.0000    4.3671e+01    0.002126        0.0000         0.0000         4.8591      1650.1071       0.1090     3.2500e-13      18799.999
 0.020520     3999.8999    0.027122    3.9316e-03    1078.0000    4.4006e+01    0.002158        0.0000         0.0000         4.8591      1650.1071       0.1081     3.2500e-13      18799.999
 0.020720     4199.8999    0.028059    4.0528e-03    1078.0000    4.4341e+01    0.002191        0.0000         0.0000         4.8591      1650.1071       0.1072     3.2500e-13      18799.999
 0.020920     4399.8999    0.028996    4.1774e-03    1078.0000    4.4678e+01    0.002225        0.0000         0.0000         4.8591      1650.1071       0.1063     3.2500e-13      18799.999
 0.021120     4599.8999    0.029933    4.3061e-03    1078.0000    4.5018e+01    0.002259        0.0000         0.0000         4.8591      1650.1071       0.1054     3.2500e-13      18799.999
 0.021320     4799.8999    0.030870    4.4398e-03    1078.0000    4.5364e+01    0.002293        0.0000         0.0000         4.8591      1650.1071       0.1046     3.2500e-13      18799.999
 0.021520     4999.8999    0.031807    4.5799e-03    1078.0000    4.5718e+01    0.002329        0.0000         0.0000         4.8591      1650.1071       0.1037     3.2500e-13      18799.999
 0.021720     5199.8999    0.032744    4.7289e-03    1078.0000    4.6085e+01    0.002367        0.0000         0.0000         4.8591      1650.1071       0.1028     3.2500e-13      18799.999
 0.021920     5399.8999    0.033681    4.8905e-03    1078.0000    4.6474e+01    0.002407        0.0000         0.0000         4.8591      1650.1071       0.1019     3.2500e-13      18799.999
 0.022120     5599.8999    0.034618    5.0774e-03    1078.0000    4.6911e+01    0.002453        0.0000         0.0000         4.8591      1650.1071       0.1010     3.2500e-13      18799.999
 0.022320     5799.8999    0.035555    6.0970e-08    1078.0000    2.7615e+00    0.000008        0.0000         0.0000         4.8591      1650.1071       0.1002     3.2500e-13      18799.999
 0.022520     5999.8999    0.036443    5.8136e-08    1078.0000    2.7288e+00    0.000008        0.0000         0.0000         4.8591      1650.1071       0.0992     3.2500e-13      18799.999
 0.022720     6199.8999    0.036889    4.7563e-05    1077.9900    1.4594e+01    0.000237        0.0000         0.0000         4.8591      1650.1071       0.0979     3.2500e-13      18799.999
 0.022920     6399.8999    0.037335    1.4932e-03    1077.9900    3.4546e+01    0.001330        0.0000         0.0000         4.8591      1650.1071       0.0966     3.2500e-13      18799.999
 0.023120     6599.8999    0.037782          -NaN    1077.9900          -NaN        -NaN        3.2937         0.0133         4.8591      1650.1071       0.0952     3.2500e-13      18799.999
 0.023320     6799.8999    0.038228          -NaN    1077.9800          -NaN        -NaN        4.3562         0.0176         4.8591      1650.1071       0.0939     3.2500e-13      18799.999
 0.023520     6999.8999    0.038675    4.9937e-03    1077.9800    4.6717e+01    0.002432        5.4186         0.0218         5.4186      1650.1071       0.0925     3.2500e-13      18799.999
 0.023720     7199.8999    0.039121    7.3034e-03    1077.9700    5.1375e+01    0.002942        6.4811         0.0261         6.4811      1650.1071       0.0912     3.2500e-13      18799.999
 0.023920     7399.8999    0.039567    7.8913e-03    1077.9700    5.2379e+01    0.003058        7.5436         0.0304         7.5436      1650.1071       0.0898     3.2500e-13      18799.999
 0.024120     7599.8999    0.040014    7.9800e-03    1077.9500    5.2527e+01    0.003075        8.6061         0.0347         8.6061      1650.1071       0.0885     3.2500e-13      18799.999
 0.024320     7799.8999    0.040460    8.2249e-03    1077.9400    5.2925e+01    0.003122        9.6686         0.0390         9.6686      1650.1071       0.0871     3.2500e-13      18799.999
 0.024520     7999.8999    0.040907    7.7518e-03    1077.9200    5.2148e+01    0.003030       10.7310         0.0433        10.7310      1650.1071       0.0858     3.2500e-13      18799.999
 0.024720     8199.9004    0.041353    7.7200e-03    1077.9000    5.2095e+01    0.003024       11.7935         0.0475        11.7935      1650.1071       0.0845     3.2500e-13      18799.999
 0.024920     8399.9004    0.041799    7.6198e-03    1077.8800    5.1925e+01    0.003005       12.8560         0.0518        12.8560      1650.1071       0.0831     3.2500e-13      18799.999
 0.025120     8599.9004    0.042380    7.5759e-03    1077.8400    5.1851e+01    0.002996       13.7466         0.0541        13.7466      1650.1071       0.0818     3.2500e-13      18799.999
 0.025320     8799.9004    0.043049    7.6435e-03    1077.8000    5.1967e+01    0.003009       14.5226         0.0551        14.5226      1650.1071       0.0804     3.2500e-13      18799.999
 0.025520     8999.9004    0.043718    7.0035e-03    1077.7600    5.0845e+01    0.002881       15.2987         0.0561        15.2987      1650.1071       0.0791     3.2500e-13      18799.999
 0.025720     9199.9004    0.044388    6.9355e-03    1077.7000    5.0722e+01    0.002867       16.0747         0.0571        16.0747      1650.1071       0.0777     3.2500e-13      18799.999
 0.025920     9399.9004    0.045057    6.8766e-03    1077.6200    5.0616e+01    0.002854       16.8507         0.0581        16.8507      1650.1071       0.0764     3.2500e-13      18799.999
 0.026120     9599.9004    0.045726    7.3438e-03    1077.5400    5.1456e+01    0.002950       17.6267         0.0591        17.6267      1650.1071       0.0750     3.2500e-13      18799.999
 0.026320     9799.9004    0.046396    6.7215e-03    1077.4300    5.0333e+01    0.002822       18.4028         0.0601        18.4028      1650.1071       0.0737     3.2500e-13      18799.999
 0.026520     9999.9004    0.047065    6.7116e-03    1077.3000    5.0317e+01    0.002820       19.1788         0.0611        19.1788      1650.1071       0.0723     3.2500e-13      18799.999
 0.026720    10199.9004    0.047734    5.6563e-03    1077.1500    4.8214e+01    0.002589       19.9548         0.0621        19.9548      1650.1071       0.0710     3.2500e-13      18799.999
 0.026920    10399.9004    0.048404    7.2086e-03    1076.9700    5.1232e+01    0.002922       20.7308         0.0631        20.7308      1650.1071       0.0696     3.2500e-13      18799.999
 0.027120    10599.9004    0.049073    6.5068e-03    1076.7600    4.9941e+01    0.002776       21.5069         0.0641        21.5069      1650.1071       0.0683     3.2500e-13      18799.999
 0.027320    10799.9004    0.049743    6.3427e-03    1076.5000    4.9629e+01    0.002741       22.2829         0.0651        22.2829      1650.1071       0.0669     3.2500e-13      18799.999
 0.027520    10999.9004    0.050390    7.4534e-03    1076.2000    5.1680e+01    0.002972       23.0490         0.0661        23.0490      1650.1071       0.0656     3.2500e-13      18799.999
 0.027720    11199.9004    0.050843    5.1115e-03    1075.8500    4.7037e+01    0.002461       23.7255         0.0672        23.7255      1650.1071       0.0646     3.2500e-13      18799.999
 0.027920    11399.9004    0.051295    5.2080e-03    1075.4300    4.7266e+01    0.002484       24.4021         0.0684        24.4021      1650.1071       0.0635     3.2500e-13      18799.999
 0.028120    11599.9004    0.051747    5.8931e-03    1074.9400    4.8761e+01    0.002642       25.0786         0.0696        25.0786      1650.1071       0.0625     3.2500e-13      18799.999
 0.028320    11799.9004    0.052200    5.8403e-03    1074.3800    4.8664e+01    0.002630       25.7552         0.0708        25.7552      1650.1071       0.0615     3.2500e-13      18799.999
 0.028520    11999.9004    0.052652    4.8677e-03    1073.7200    4.6512e+01    0.002401       26.4317         0.0720        26.4317      1650.1071       0.0604     3.2500e-13      18799.999
 0.028720    12199.9004    0.053104    4.5533e-03    1072.9500    4.5758e+01    0.002323       27.1083         0.0731        27.1083      1650.1071       0.0594     3.2500e-13      18799.999
 0.028920    12399.9004    0.053556    5.2032e-03    1072.0600    4.7330e+01    0.002483       27.7848         0.0743        27.7848      1650.1071       0.0583     3.2500e-13      18799.999
 0.029120    12599.9004    0.054009    4.4211e-03    1071.0300    4.5463e+01    0.002289       28.4614         0.0755        28.4614      1650.1071       0.0573     3.2500e-13      18799.999
 0.029320    12799.9004    0.054461    4.6172e-03    1069.8500    4.5984e+01    0.002339       29.1379         0.0767        29.1379      1650.1071       0.0563     3.2500e-13      18799.999
 0.029520    12999.9004    0.054913    4.7888e-03    1068.4900    4.6435e+01    0.002382       29.8145         0.0778        29.8145      1650.1071       0.0552     3.2500e-13      18799.999
 0.029720    13199.9004    0.055366    3.9141e-03    1066.9200    4.4184e+01    0.002153       30.4910         0.0790        30.4910      1650.1071       0.0542     3.2500e-13      18799.999
 0.029920    13399.9004    0.055818    3.6690e-03    1065.1300    4.3512e+01    0.002085       31.1676         0.0802        31.1676      1650.1071       0.0532     3.2500e-13      18799.999
 0.030120    13599.9004    0.056203    4.8284e-03    1063.0900    4.6649e+01    0.002392       31.3245         0.0812        31.3245      1650.1071       0.0523     3.2500e-13      18799.999
 0.030320    13799.9004    0.056542    3.9429e-03    1060.7500    4.4394e+01    0.002161       31.1350         0.0822        31.1350      1650.1071       0.0515     3.2500e-13      18799.999
 0.030520    13999.9004    0.056882    3.5046e-03    1058.0900    4.3159e+01    0.002038       30.9455         0.0832        30.9455      1650.1071       0.0507     3.2500e-13      18799.999
 0.030720    14199.9004    0.057221    4.8469e-03    1055.0700    4.6871e+01    0.002396       30.7560         0.0841        30.7560      1650.1071       0.0500     3.2500e-13      18799.999
 0.030920    14399.9004    0.057560    3.7719e-03    1051.6400    4.4094e+01    0.002114       30.5665         0.0851        30.5665      1650.1071       0.0492     3.2500e-13      18799.999
 0.031120    14599.9004    0.057900    3.7667e-03    1047.7600    4.4161e+01    0.002112       30.3770         0.0861        30.3770      1650.1071       0.0484     3.2500e-13      18799.999
 0.031320    14799.9004    0.058239    3.5788e-03    1043.3700    4.3691e+01    0.002059       30.1875         0.0870        30.1875      1650.1071       0.0477     3.2500e-13      18799.999
 0.031520    14999.9004    0.058579    3.8990e-03    1038.4200    4.4743e+01    0.002149       29.9980         0.0880        29.9980      1650.1071       0.0469     3.2500e-13      18799.999
 0.031720    15199.9004    0.058918    4.6113e-03    1032.8400    4.6786e+01    0.002337       29.8085         0.0889        29.8085      1650.1071       0.0461     3.2500e-13      18799.999
 0.031920    15399.9004    0.059258    4.5463e-03    1026.5800    4.6762e+01    0.002321       29.6190         0.0899        29.6190      1650.1071       0.0454     3.2500e-13      18799.999
 0.032120    15599.9004    0.059597    4.6581e-03    1019.5500    4.7209e+01    0.002349       29.4295         0.0909        29.4295      1650.1071       0.0446     3.2500e-13      18799.999
 0.032320    15799.9004    0.059937    3.6968e-03    1011.6800    4.4731e+01    0.002093       29.2400         0.0918        29.2400      1650.1071       0.0438     3.2500e-13      18799.999
 0.032520    15999.9004    0.060271    3.6977e-03    1002.8800    4.4930e+01    0.002093       29.1810         0.0927        29.1810      1650.1071       0.0431     3.2500e-13      18799.999
 0.032720    16199.9004    0.060566    3.8849e-03     993.0620    4.5712e+01    0.002145       30.2960         0.0933        30.2960      1650.1071       0.0425     3.2500e-13      18799.999
 0.032920    16399.9004    0.060861    3.3060e-03     982.1390    4.4149e+01    0.001979       31.4110         0.0939        31.4110      1650.1071       0.0419     3.2500e-13      18799.999
 0.033120    16599.9004    0.061155    3.3936e-03     970.0100    4.4715e+01    0.002005       32.5260         0.0945        32.5260      1650.1071       0.0412     3.2500e-13      18799.999
 0.033320    16799.9004    0.061450    5.0950e-03     956.5760    4.9843e+01    0.002457       33.6410         0.0950        33.6410      1650.1071       0.0406     3.2500e-13      18799.999
 0.033520    16999.9004    0.061744    3.8040e-03     941.7380    4.6695e+01    0.002123       34.7560         0.0956        34.7560      1650.1071       0.0400     3.2500e-13      18799.999
 0.033720    17199.9004    0.062039    3.3261e-03     925.3990    4.5551e+01    0.001985       35.8711         0.0962        35.8711      1650.1071       0.0394     3.2500e-13      18799.999
 0.033920    17399.9004    0.062333    2.9584e-03     907.4660    4.4671e+01    0.001872       36.9861         0.0968        36.9861      1650.1071       0.0388     3.2500e-13      18799.999
 0.034120    17599.9004    0.062628    5.5717e-03     887.8610    5.2906e+01    0.002569       38.1011         0.0973        38.1011      1650.1071       0.0382     3.2500e-13      18799.999
 0.034320    17799.9004    0.062922    6.1948e-03     866.5180    5.4992e+01    0.002709       39.2161         0.0979        39.2161      1650.1071       0.0376     3.2500e-13      18799.999
 0.034520    17999.9004    0.063217    3.5285e-03     843.3950    4.8424e+01    0.002045       40.3311         0.0985        40.3311      1650.1071       0.0369     3.2500e-13      18799.999
 0.034720    18199.9004    0.063512    3.3790e-03     818.4800    4.8626e+01    0.002001       41.4461         0.0991        41.4461      1650.1071       0.0363     3.2500e-13      18799.999
 0.034920    18399.9004    0.063806    2.8066e-03     791.7980    4.7197e+01    0.001823       42.5611         0.0996        42.5611      1650.1071       0.0357     3.2500e-13      18799.999
 0.035120    18599.9004    0.064078    2.8311e-03     763.4150    4.8171e+01    0.001831       43.9968         0.1001        43.9968      1650.1071       0.0352     3.2500e-13      18799.999
 0.035320    18799.9004    0.064333    3.1461e-03     733.4490    5.0458e+01    0.001931       45.6464         0.1005        45.6464      1650.1071       0.0347     3.2500e-13      18799.999
 0.035520    18999.9004    0.064589    3.7439e-03     702.0710    5.3866e+01    0.002106       47.2961         0.1008        47.2961      1650.1071       0.0342     3.2500e-13      18799.999
 0.035720    19199.9004    0.064845    4.2662e-03     669.4990    5.6992e+01    0.002248       48.9457         0.1012        48.9457      1650.1071       0.0337     3.2500e-13      18799.999
 0.035920    19399.9004    0.065101    3.6981e-03     636.0090    5.6421e+01    0.002093       50.5953         0.1015        50.5953      1650.1071       0.0333     3.2500e-13      18799.999
 0.036120    19599.9004    0.065357    6.4799e-03     601.9100    6.6727e+01    0.002771       52.2449         0.1019        52.2449      1650.1071       0.0328     3.2500e-13      18799.999
 0.036320    19799.9004    0.065613    4.3866e-03     567.5320    6.2332e+01    0.002280       53.8945         0.1023        53.8945      1650.1071       0.0323     3.2500e-13      18799.999
 0.036520    19999.9004    0.065868    4.1846e-03     533.2270    6.3553e+01    0.002227       55.5441         0.1026        55.5441      1650.1071       0.0318     3.2500e-13      18799.999
 0.036720    20199.9004    0.066124    3.3014e-03     499.3300    6.1895e+01    0.001978       57.1937         0.1030        57.1937      1650.1071       0.0314     3.2500e-13      18799.999
 0.036920    20399.9004    0.066380    8.9328e-03     466.1580    8.2160e+01    0.003253       58.8433         0.1033        58.8433      1650.1071       0.0309     3.2500e-13      18799.999
 0.037120    20599.9004    0.066636    9.2916e-03     433.9860    8.5993e+01    0.003318       60.4929         0.1037        60.4929      1650.1071       0.0304     3.2500e-13      18799.999
 0.037320    20799.9004    0.066892    5.2246e-03     403.0530    7.7270e+01    0.002488       62.1425         0.1041        62.1425      1650.1071       0.0299     3.2500e-13      18799.999
 0.037520    20999.9004    0.067142    4.4558e-03     373.5390    7.7133e+01    0.002298       63.4622         0.1044        63.4622      1650.1071       0.0295     3.2500e-13      18799.999
 0.037720    21199.9004    0.067345    1.1715e-02     345.5750    1.0212e+02    0.003726       61.8127         0.1047        61.8127      1650.1071       0.0291     3.2500e-13      18799.999
 0.037920    21399.9004    0.067548    8.6179e-03     319.2360    9.8395e+01    0.003195       60.1631         0.1050        60.1631      1650.1071       0.0287     3.2500e-13      18799.999
 0.038120    21599.9004    0.067751    6.9220e-03     294.5670    9.6971e+01    0.002864       58.5134         0.1054        58.5134      1650.1071       0.0283     3.2500e-13      18799.999
 0.038320    21799.9004    0.067954    8.0625e-03     271.5630    1.0492e+02    0.003091       56.8638         0.1057        56.8638      1650.1071       0.0280     3.2500e-13      18799.999
 0.038520    21999.9004    0.068157    1.0195e-02     250.1950    1.1591e+02    0.003475       55.2142         0.1060        55.2142      1650.1071       0.0276     3.2500e-13      18799.999
 0.038720    22199.9004    0.068360    2.4374e-03     230.4120    8.4461e+01    0.001699       53.5646         0.1063        53.5646      1650.1071       0.0272     3.2500e-13      18799.999
 0.038920    22399.9004    0.068563    7.4914e-03     212.1420    1.1655e+02    0.002979       51.9150         0.1066        51.9150      1650.1071       0.0269     3.2500e-13      18799.999
 0.039120    22599.9004    0.068766    4.9586e-03     195.3060    1.0956e+02    0.002424       50.2654         0.1069        50.2654      1650.1071       0.0265     3.2500e-13      18799.999
 0.039320    22799.9004    0.068969    1.1393e-02     179.8210    1.4058e+02    0.003674       48.6158         0.1072        48.6158      1650.1071       0.0261     3.2500e-13      18799.999
 0.039520    22999.9004    0.069172    1.4102e-02     165.5940    1.5452e+02    0.004087       46.9662         0.1075        46.9662      1650.1071       0.0258     3.2500e-13      18799.999
 0.039720    23199.9004    0.069375    1.1443e-02     152.5370    1.5280e+02    0.003682       45.3166         0.1079        45.3166      1650.1071       0.0254     3.2500e-13      18799.999
 0.039920    23399.9004    0.069578    8.1950e-03     140.5620    1.4643e+02    0.003116       43.6670         0.1082        43.6670      1650.1071       0.0250     3.2500e-13      18799.999
 0.040120    23599.9004    0.069740    1.2978e-02     129.5840    1.7108e+02    0.003921       43.1753         0.1085        43.1753      1650.1071       0.0247     3.2500e-13      18799.999
 0.040320    23799.9004    0.069874    1.1265e-02     119.5240    1.7194e+02    0.003653       43.4557         0.1090        43.4557      1650.1071       0.0244     3.2500e-13      18799.999
 0.040520    23999.9004    0.070009    8.9066e-03     110.3060    1.6877e+02    0.003248       43.7360         0.1094        43.7360      1650.1071       0.0241     3.2500e-13      18799.999
 0.040720    24199.9004    0.070143    1.0023e-02     101.8590    1.8089e+02    0.003446       44.0164         0.1098        44.0164      1650.1071       0.0238     3.2500e-13      18799.999
 0.040920    24399.9004    0.070278    5.7885e-03      94.1190    1.6405e+02    0.002619       44.2967         0.1102        44.2967      1650.1071       0.0235     3.2500e-13      18799.999
 0.041120    24599.9004    0.070412    1.2645e-02      87.0242    2.0741e+02    0.003871       44.5771         0.1106        44.5771      1650.1071       0.0232     3.2500e-13      18799.999
 0.041320    24799.9004    0.070547    9.5376e-03      80.5192    2.0095e+02    0.003362       44.8574         0.1110        44.8574      1650.1071       0.0228     3.2500e-13      18799.999
 0.041520    24999.9004    0.070681    1.4532e-02      74.5534    2.3202e+02    0.004149       45.1378         0.1114        45.1378      1650.1071       0.0225     3.2500e-13      18799.999
 0.041720    25199.9004    0.070816    2.6993e-02      69.0793    2.8139e+02    0.005655       45.4181         0.1118        45.4181      1650.1071       0.0222     3.2500e-13      18799.999
 0.041920    25399.9004    0.070950    1.8750e-02      64.0550    2.6678e+02    0.004713       45.6985         0.1122        45.6985      1650.1071       0.0219     3.2500e-13      18799.999
 0.042120    25599.9004    0.071084    1.1007e-02      59.4409    2.4241e+02    0.003611       45.9788         0.1127        45.9788      1650.1071       0.0216     3.2500e-13      18799.999
 0.042320    25799.9004    0.071219    2.8799e-02      55.2020    3.1992e+02    0.005841       46.2592         0.1131        46.2592      1650.1071       0.0213     3.2500e-13      18799.999
 0.042520    25999.9004    0.071353    3.2616e-02      51.3049    3.4234e+02    0.006216       46.5525         0.1135        46.5525      1650.1071       0.0210     3.2500e-13      18799.999
 0.042720    26199.9004    0.071479    4.3782e-02      47.7214    3.8207e+02    0.007202       46.9621         0.1137        46.9621      1650.1071       0.0207     3.2500e-13      18799.999
 0.042920    26399.9004    0.071605    1.4598e-02      44.4234    3.0091e+02    0.004159       47.3718         0.1140        47.3718      1650.1071       0.0205     3.2500e-13      18799.999
 0.043120    26599.9004    0.071731    2.5969e-02      41.3871    3.6005e+02    0.005547       47.7815         0.1142        47.7815      1650.1071       0.0202     3.2500e-13      18799.999
 0.043320    26799.9004    0.071858    3.1571e-02      38.5901    3.9152e+02    0.006116       48.1911         0.1145        48.1911      1650.1071       0.0200     3.2500e-13      18799.999
 0.043520    26999.9004    0.071984    4.8585e-02      36.0123    4.5142e+02    0.007587       48.6008         0.1147        48.6008      1650.1071       0.0197     3.2500e-13      18799.999
 0.043720    27199.9004    0.072110    2.7335e-02      33.6349    4.0454e+02    0.005691       49.0104         0.1150        49.0104      1650.1071       0.0194     3.2500e-13      18799.999
 0.043920    27399.9004    0.072236    4.5851e-02      31.4416    4.7617e+02    0.007370       49.4201         0.1153        49.4201      1650.1071       0.0192     3.2500e-13      18799.999
 0.044120    27599.9004    0.072363    5.2378e-02      29.4165    5.0894e+02    0.007877       49.8298         0.1155        49.8298      1650.1071       0.0189     3.2500e-13      18799.999
 0.044320    27799.9004    0.072489    4.5864e-02      27.5459    5.0876e+02    0.007371       50.2394         0.1158        50.2394      1650.1071       0.0186     3.2500e-13      18799.999
 0.044520    27999.9004    0.072615    2.4254e-02      25.8171    4.4815e+02    0.005360       50.6491         0.1160        50.6491      1650.1071       0.0184     3.2500e-13      18799.999
 0.044720    28199.9004    0.072741    4.7593e-02      24.2187    5.4763e+02    0.007509       51.0588         0.1163        51.0588      1650.1071       0.0181     3.2500e-13      18799.999
 0.044920    28399.9004    0.072867    4.9975e-02      22.7397    5.7210e+02    0.007695       51.4684         0.1165        51.4684      1650.1071       0.0179     3.2500e-13      18799.999
 0.045120    28599.9004    0.072970    4.7868e-02      21.3706    5.8382e+02    0.007531       51.8342         0.1168        51.8342      1650.1071       0.0176     3.2500e-13      18799.999
 0.045320    28799.9004    0.073057    8.8847e-02      20.1028    7.0260e+02    0.010260       52.1708         0.1170        52.1708      1650.1071       0.0174     3.2500e-13      18799.999
 0.045520    28999.9004    0.073144    7.3579e-02      18.9279    6.9074e+02    0.009337       52.5074         0.1173        52.5074      1650.1071       0.0172     3.2500e-13      18799.999
 0.045720    29199.9004    0.073231    7.8113e-02      17.8385    7.2224e+02    0.009620       52.8440         0.1176        52.8440      1650.1071       0.0170     3.2500e-13      18799.999
 0.045920    29399.9004    0.073318    1.5040e-01      16.8281    8.7594e+02    0.013349       53.1805         0.1178        53.1805      1650.1071       0.0169     3.2500e-13      18799.999
 0.046120    29599.9004    0.073405    1.0977e-01      15.8905    8.3317e+02    0.011404       53.5171         0.1181        53.5171      1650.1071       0.0167     3.2500e-13      18799.999
 0.046320    29799.9004    0.073492    1.2135e-01      15.0198    8.7872e+02    0.011990       53.8537         0.1183        53.8537      1650.1071       0.0165     3.2500e-13      18799.999
 0.046520    29999.9004    0.073580    1.5719e-01      14.2109    9.6377e+02    0.013647       54.1903         0.1186        54.1903      1650.1071       0.0163     3.2500e-13      18799.999
 0.046720    30199.9004    0.073667    1.6662e-01      13.4593    1.0048e+03    0.014050       54.5269         0.1189        54.5269      1650.1071       0.0161     3.2500e-13      18799.999
 0.046920    30399.9004    0.073754    2.1547e-01      12.7602    1.1005e+03    0.015977       54.8634         0.1191        54.8634      1650.1071       0.0159     3.2500e-13      18799.999
 0.047120    30599.9004    0.073841    2.3432e-01      12.1100    1.1536e+03    0.016662       55.2000         0.1194        55.2000      1650.1071       0.0157     3.2500e-13      18799.999
 0.047320    30799.9004    0.073928    2.4021e-01      11.5047    1.1909e+03    0.016870       55.5366         0.1196        55.5366      1650.1071       0.0155     3.2500e-13      18799.999
 0.047520    30999.9004    0.074015    2.5096e-01      10.9411    1.2347e+03    0.017243       55.8513         0.1199        55.8513      1650.1071       0.0153     3.2500e-13      18799.999
 0.047720    31199.9004    0.074104    2.7739e-01      10.4161    1.2975e+03    0.018128       55.9695         0.1201        55.9695      1650.1071       0.0151     3.2500e-13      18799.999
 0.047920    31399.9004    0.074192    2.8822e-01       9.9268    1.3419e+03    0.018479       56.0877         0.1202        56.0877      1650.1071       0.0149     3.2500e-13      18799.999
 0.048120    31599.9004    0.074281    3.0292e-01       9.4705    1.3910e+03    0.018944       56.2059         0.1204        56.2059      1650.1071       0.0147     3.2500e-13      18799.999
 0.048320    31799.9004    0.074369    2.9809e-01       9.0449    1.4176e+03    0.018793       56.3241         0.1206        56.3241      1650.1071       0.0145     3.2500e-13      18799.999
 0.048520    31999.9004    0.074458    3.3435e-01       8.6477    1.4920e+03    0.019903       56.4422         0.1208        56.4422      1650.1071       0.0143     3.2500e-13      18799.999
 0.048720    32199.9004    0.074547    3.4768e-01       8.2768    1.5401e+03    0.020296       56.5604         0.1210        56.5604      1650.1071       0.0142     3.2500e-13      18799.999
 0.048920    32399.9004    0.074635    3.4535e-01       7.9304    1.5707e+03    0.020227       56.6786         0.1211        56.6786      1650.1071       0.0140     3.2500e-13      18799.999
 0.049120    32599.9004    0.074724    3.2834e-01       7.6067    1.5837e+03    0.019723       56.7968         0.1213        56.7968      1650.1071       0.0138     3.2500e-13      18799.999
 0.049320    32799.8984    0.074813    3.7198e-01       7.3041    1.6673e+03    0.020993       56.9150         0.1215        56.9150      1650.1071       0.0136     3.2500e-13      18799.999
 0.049520    32999.8984    0.074901    3.5581e-01       7.0211    1.6818e+03    0.020531       57.0332         0.1217        57.0332      1650.1071       0.0134     3.2500e-13      18799.999
 0.049720    33199.8984    0.074990    3.5242e-01       6.7563    1.7104e+03    0.020434       57.1513         0.1219        57.1513      1650.1071       0.0132     3.2500e-13      18799.999
 0.049920    33399.8984    0.075079    3.4337e-01       6.5085    1.7313e+03    0.020169       57.2695         0.1220        57.2695      1650.1071       0.0130     3.2500e-13      18799.999
 0.050120    33599.8984    0.075167    2.9760e-01       6.2765    1.7011e+03    0.018777       57.4643         0.1222        57.4643      1650.1071       0.0129     3.2500e-13      18799.999
 0.050320    33799.8984    0.075256    3.7843e-01       6.0591    1.8385e+03    0.021174       57.7101         0.1222        57.7101      1650.1071       0.0127     3.2500e-13      18799.999
 0.050520    33999.8984    0.075345    3.9285e-01       5.8555    1.8878e+03    0.021574       57.9559         0.1223        57.9559      1650.1071       0.0126     3.2500e-13      18799.999
 0.050720    34199.8984    0.075434    3.9974e-01       5.6646    1.9277e+03    0.021762       58.2018         0.1223        58.2018      1650.1071       0.0124     3.2500e-13      18799.999
 0.050920    34399.8984    0.075523    3.7131e-01       5.4855    1.9231e+03    0.020974       58.4476         0.1224        58.4476      1650.1071       0.0123     3.2500e-13      18799.999
 0.051120    34599.8984    0.075612    4.0780e-01       5.3176    1.9995e+03    0.021980       58.6934         0.1225        58.6934      1650.1071       0.0121     3.2500e-13      18799.999
 0.051320    34799.8984    0.075701    4.9509e-01       5.1600    2.1307e+03    0.024219       58.9392         0.1225        58.9392      1650.1071       0.0120     3.2500e-13      18799.999
 0.051520    34999.8984    0.075789    4.0226e-01       5.0120    2.0526e+03    0.021831       59.1851         0.1226        59.1851      1650.1071       0.0118     3.2500e-13      18799.999
 0.051720    35199.8984    0.075878    4.1018e-01       4.8730    2.0918e+03    0.022045       59.4309         0.1227        59.4309      1650.1071       0.0117     3.2500e-13      18799.999
 0.051920    35399.8984    0.075967    3.2500e-01       4.7424    2.0005e+03    0.019622       59.6767         0.1227        59.6767      1650.1071       0.0115     3.2500e-13      18799.999
 0.052120    35599.8984    0.076056    4.0687e-01       4.6197    2.1440e+03    0.021955       59.9225         0.1228        59.9225      1650.1071       0.0114     3.2500e-13      18799.999
 0.052320    35799.8984    0.076145    3.9762e-01       4.5044    2.1589e+03    0.021704       60.1684         0.1229        60.1684      1650.1071       0.0112     3.2500e-13      18799.999
 0.052520    35999.8984    0.076233    4.5333e-01       4.3959    2.2582e+03    0.023175       60.4024         0.1229        60.4024      1650.1071       0.0111     3.2500e-13      18799.999
 0.052720    36199.8984    0.076312    4.1895e-01       4.2938    2.2402e+03    0.022279       60.5302         0.1230        60.5302      1650.1071       0.0110     3.2500e-13      18799.999
 0.052920    36399.8984    0.076392    4.2697e-01       4.1978    2.2765e+03    0.022491       60.6580         0.1230        60.6580      1650.1071       0.0108     3.2500e-13      18799.999
 0.053120    36599.8984    0.076472    4.5883e-01       4.1073    2.3432e+03    0.023315       60.7858         0.1230        60.7858      1650.1071       0.0107     3.2500e-13      18799.999
 0.053320    36799.8984    0.076551    3.5243e-01       4.0222    2.2167e+03    0.020434       60.9136         0.1231        60.9136      1650.1071       0.0105     3.2500e-13      18799.999
 0.053520    36999.8984    0.076631    3.4725e-01       3.9420    2.2309e+03    0.020283       61.0415         0.1231        61.0415      1650.1071       0.0104     3.2500e-13      18799.999
 0.053720    37199.8984    0.076710    3.6679e-01       3.8664    2.2837e+03    0.020846       61.1693         0.1231        61.1693      1650.1071       0.0103     3.2500e-13      18799.999
 0.053920    37399.8984    0.076790    3.9719e-01       3.7951    2.3513e+03    0.021693       61.2971         0.1232        61.2971      1650.1071       0.0101     3.2500e-13      18799.999
 0.054120    37599.8984    0.076869    4.4027e-01       3.7279    2.4343e+03    0.022839       61.4249         0.1232        61.4249      1650.1071       0.0100     3.2500e-13      18799.999
 0.054320    37799.8984    0.076949    3.3231e-01       3.6645    2.2885e+03    0.019842       61.5527         0.1232        61.5527      1650.1071       0.0099     3.2500e-13      18799.999
 0.054520    37999.8984    0.077028    4.5210e-01       3.6048    2.4920e+03    0.023144       61.6805         0.1233        61.6805      1650.1071       0.0097     3.2500e-13      18799.999
 0.054720    38199.8984    0.077108    4.9414e-01       3.5483    2.5682e+03    0.024196       61.8084         0.1233        61.8084      1650.1071       0.0096     3.2500e-13      18799.999
 0.054920    38399.8984    0.077187    4.4880e-01       3.4950    2.5262e+03    0.023059       61.9362         0.1233        61.9362      1650.1071       0.0094     3.2500e-13      18799.999
 0.055120    38599.8984    0.077267    4.9009e-01       3.4447    2.6012e+03    0.024096       61.9873         0.1233        61.9873      1650.1071       0.0093     3.2500e-13      18799.999
 0.055320    38799.8984    0.077346    4.1128e-01       3.3972    2.5070e+03    0.022074       61.9873         0.1233        61.9873      1650.1071       0.0092     3.2500e-13      18799.999
 0.055520    38999.8984    0.077425    4.1493e-01       3.3523    2.5293e+03    0.022172       61.9873         0.1233        61.9873      1650.1071       0.0091     3.2500e-13      18799.999
 0.055720    39199.8984    0.077504    4.2274e-01       3.3098    2.5574e+03    0.022379       61.9873         0.1233        61.9873      1650.1071       0.0090     3.2500e-13      18799.999
 0.055920    39399.8984    0.077583    3.5312e-01       3.2697    2.4598e+03    0.020454       61.9873         0.1232        61.9873      1650.1071       0.0089     3.2500e-13      18799.999
 0.056120    39599.8984    0.077663    4.7664e-01       3.2317    2.6669e+03    0.023763       61.9873         0.1232        61.9873      1650.1071       0.0088     3.2500e-13      18799.999
 0.056320    39799.8984    0.077742    4.5052e-01       3.1958    2.6443e+03    0.023103       61.9873         0.1232        61.9873      1650.1071       0.0087     3.2500e-13      18799.999
 0.056520    39999.8984    0.077821    5.6911e-01       3.1618    2.8184e+03    0.025966       61.9873         0.1232        61.9873      1650.1071       0.0086     3.2500e-13      18799.999
 0.056720    40199.8984    0.077900    4.6697e-01       3.1296    2.6962e+03    0.023521       61.9873         0.1232        61.9873      1650.1071       0.0085     3.2500e-13      18799.999
 0.056920    40399.8984    0.077979    5.2008e-01       3.0992    2.7834e+03    0.024823       61.9873         0.1232        61.9873      1650.1071       0.0084     3.2500e-13      18799.999
 0.057120    40599.8984    0.078059    4.2101e-01       3.0703    2.6525e+03    0.022334       61.9873         0.1231        61.9873      1650.1071       0.0083     3.2500e-13      18799.999
 0.057320    40799.8984    0.078138    4.5358e-01       3.0430    2.7145e+03    0.023181       61.9873         0.1231        61.9873      1650.1071       0.0082     3.2500e-13      18799.999
 0.057520    40999.8984    0.078216    4.7641e-01       3.0171    2.7598e+03    0.023758       61.9499         0.1231        61.9499      1650.1071       0.0081     3.2500e-13      18799.999
 0.057720    41199.8984    0.078285    4.9442e-01       2.9926    2.7969e+03    0.024203       61.5763         0.1230        61.5763      1650.1071       0.0080     3.2500e-13      18799.999
 0.057920    41399.8984    0.078354    4.3594e-01       2.9693    2.7208e+03    0.022726       61.2027         0.1230        61.2027      1650.1071       0.0080     3.2500e-13      18799.999
 0.058120    41599.8984    0.078423    5.1159e-01       2.9473    2.8425e+03    0.024619       60.8290         0.1230        60.8290      1650.1071       0.0079     3.2500e-13      18799.999
 0.058320    41799.8984    0.078491    4.4993e-01       2.9263    2.7625e+03    0.023088       60.4554         0.1229        60.4554      1650.1071       0.0078     3.2500e-13      18799.999
 0.058520    41999.8984    0.078560    3.9868e-01       2.9065    2.6894e+03    0.021733       60.0817         0.1229        60.0817      1650.1071       0.0077     3.2500e-13      18799.999
 0.058720    42199.8984    0.078629    4.9457e-01       2.8876    2.8475e+03    0.024206       59.7081         0.1228        59.7081      1650.1071       0.0076     3.2500e-13      18799.999
 0.058920    42399.8984    0.078698    4.7477e-01       2.8698    2.8273e+03    0.023717       59.3345         0.1228        59.3345      1650.1071       0.0076     3.2500e-13      18799.999
 0.059120    42599.8984    0.078767    4.7694e-01       2.8528    2.8390e+03    0.023771       58.9608         0.1227        58.9608      1650.1071       0.0075     3.2500e-13      18799.999
 0.059320    42799.8984    0.078836    4.7119e-01       2.8367    2.8384e+03    0.023627       58.5872         0.1227        58.5872      1650.1071       0.0074     3.2500e-13      18799.999
 0.059520    42999.8984    0.078905    4.3285e-01       2.8213    2.7863e+03    0.022645       58.2135         0.1227        58.2135      1650.1071       0.0073     3.2500e-13      18799.999
 0.059720    43199.8984    0.078974    4.3669e-01       2.8068    2.7997e+03    0.022746       57.8399         0.1226        57.8399      1650.1071       0.0073     3.2500e-13      18799.999
 0.059920    43399.8984    0.079042    3.9800e-01       2.7929    2.7423e+03    0.021715       57.4663         0.1226        57.4663      1650.1071       0.0072     3.2500e-13      18799.999
 0.060120    43599.8984    0.079112    4.7264e-01       2.7798    2.8695e+03    0.023663       57.7834         0.1225        57.7834      1650.1071       0.0071     3.2500e-13      18799.999
 0.060320    43799.8984    0.079181    4.8207e-01       2.7673    2.8902e+03    0.023898       58.5612         0.1225        58.5612      1650.1071       0.0070     3.2500e-13      18799.999
 0.060520    43999.8984    0.079251    4.8322e-01       2.7554    2.8982e+03    0.023927       59.3389         0.1224        59.3389      1650.1071       0.0069     3.2500e-13      18799.999
 0.060720    44199.8984    0.079320    5.0925e-01       2.7441    2.9425e+03    0.024563       60.1166         0.1224        60.1166      1650.1071       0.0068     3.2500e-13      18799.999
 0.060920    44399.8984    0.079389    4.7589e-01       2.7333    2.8987e+03    0.023745       60.8943         0.1223        60.8943      1650.1071       0.0067     3.2500e-13      18799.999
 0.061120    44599.8984    0.079459    4.5241e-01       2.7231    2.8677e+03    0.023151       61.6720         0.1223        61.6720      1650.1071       0.0066     3.2500e-13      18799.999
 0.061320    44799.8984    0.079528    4.4549e-01       2.7133    2.8618e+03    0.022974       62.4498         0.1222        62.4498      1650.1071       0.0065     3.2500e-13      18799.999
 0.061520    44999.8984    0.079598    4.3257e-01       2.7040    2.8457e+03    0.022638       63.2275         0.1222        63.2275      1650.1071       0.0064     3.2500e-13      18799.999
 0.061720    45199.8984    0.079667    4.6690e-01       2.6952    2.9053e+03    0.023519       64.0052         0.1221        64.0052      1650.1071       0.0063     3.2500e-13      18799.999
 0.061920    45399.8984    0.079737    4.9223e-01       2.6868    2.9485e+03    0.024149       64.7829         0.1221        64.7829      1650.1071       0.0062     3.2500e-13      18799.999
 0.062120    45599.8984    0.079806    5.2523e-01       2.6787    3.0012e+03    0.024945       65.5606         0.1220        65.5606      1650.1071       0.0062     3.2500e-13      18799.999
 0.062320    45799.8984    0.079876    4.4568e-01       2.6711    2.8846e+03    0.022979       66.3384         0.1220        66.3384      1650.1071       0.0061     3.2500e-13      18799.999
 0.062520    45999.8984    0.079944    4.1591e-01       2.6638    2.8391e+03    0.022198       67.0525         0.1219        67.0525      1650.1071       0.0060     3.2500e-13      18799.999
 0.062720    46199.8984    0.080005    4.5368e-01       2.6569    2.9052e+03    0.023184       67.1944         0.1218        67.1944      1650.1071       0.0059     3.2500e-13      18799.999
 0.062920    46399.8984    0.080065    5.0362e-01       2.6502    2.9858e+03    0.024427       67.3363         0.1217        67.3363      1650.1071       0.0058     3.2500e-13      18799.999
 0.063120    46599.8984    0.080126    4.8570e-01       2.6439    2.9624e+03    0.023988       67.4781         0.1216        67.4781      1650.1071       0.0058     3.2500e-13      18799.999
 0.063320    46799.8984    0.080187    4.5747e-01       2.6379    2.9217e+03    0.023280       67.6200         0.1215        67.6200      1650.1071       0.0057     3.2500e-13      18799.999
 0.063520    46999.8984    0.080247    4.2601e-01       2.6321    2.8733e+03    0.022466       67.7619         0.1214        67.7619      1650.1071       0.0057     3.2500e-13      18799.999
 0.063720    47199.8984    0.080308    3.5695e-01       2.6267    2.7519e+03    0.020565       67.9038         0.1213        67.9038      1650.1071       0.0056     3.2500e-13      18799.999
 0.063920    47399.8984    0.080369    4.5151e-01       2.6214    2.9213e+03    0.023128       68.0457         0.1212        68.0457      1650.1071       0.0055     3.2500e-13      18799.999
 0.064120    47599.8984    0.080429    4.3057e-01       2.6164    2.8896e+03    0.022586       68.1876         0.1211        68.1876      1650.1071       0.0055     3.2500e-13      18799.999
 0.064320    47799.8984    0.080490    4.1484e-01       2.6116    2.8654e+03    0.022169       68.3295         0.1210        68.3295      1650.1071       0.0054     3.2500e-13      18799.999
 0.064520    47999.8984    0.080550    4.5591e-01       2.6071    2.9364e+03    0.023241       68.4714         0.1208        68.4714      1650.1071       0.0054     3.2500e-13      18799.999
 0.064720    48199.8984    0.080611    4.8551e-01       2.6027    2.9855e+03    0.023983       68.6133         0.1207        68.6133      1650.1071       0.0053     3.2500e-13      18799.999
 0.064920    48399.8984    0.080672    4.8473e-01       2.5985    2.9867e+03    0.023964       68.7551         0.1206        68.7551      1650.1071       0.0052     3.2500e-13      18799.999
 0.065120    48599.8984    0.080728    3.2946e-01       2.5946    2.7139e+03    0.019757       68.7268         0.1206        68.7268      1650.1071       0.0052     3.2500e-13      18799.999
 0.065320    48799.8984    0.080782    4.5818e-01       2.5908    2.9493e+03    0.023299       68.5849         0.1205        68.5849      1650.1071       0.0051     3.2500e-13      18799.999
 0.065520    48999.8984    0.080836    4.3475e-01       2.5871    2.9129e+03    0.022695       68.4430         0.1204        68.4430      1650.1071       0.0051     3.2500e-13      18799.999
 0.065720    49199.8984    0.080890    4.3078e-01       2.5837    2.9082e+03    0.022591       68.3011         0.1203        68.3011      1650.1071       0.0050     3.2500e-13      18799.999
 0.065920    49399.8984    0.080944    3.9298e-01       2.5803    2.8440e+03    0.021577       68.1592         0.1203        68.1592      1650.1071       0.0050     3.2500e-13      18799.999
 0.066120    49599.8984    0.080998    4.5289e-01       2.5772    2.9485e+03    0.023164       68.0173         0.1202        68.0173      1650.1071       0.0049     3.2500e-13      18799.999
 0.066320    49799.8984    0.081052    4.6228e-01       2.5741    2.9654e+03    0.023403       67.8754         0.1201        67.8754      1650.1071       0.0048     3.2500e-13      18799.999
 0.066520    49999.8984    0.081106    4.8253e-01       2.5712    2.9991e+03    0.023910       67.7336         0.1201        67.7336      1650.1071       0.0048     3.2500e-13      18799.999
 0.066720    50199.8984    0.081160    4.0499e-01       2.5684    2.8721e+03    0.021905       67.5917         0.1200        67.5917      1650.1071       0.0047     3.2500e-13      18799.999
 0.066920    50399.8984    0.081214    4.0005e-01       2.5658    2.8648e+03    0.021770       67.4498         0.1199        67.4498      1650.1071       0.0047     3.2500e-13      18799.999
 0.067120    50599.8984    0.081268    3.8714e-01       2.5632    2.8428e+03    0.021416       67.3079         0.1198        67.3079      1650.1071       0.0046     3.2500e-13      18799.999
 0.067320    50799.8984    0.081322    4.1750e-01       2.5608    2.8984e+03    0.022240       67.1660         0.1198        67.1660      1650.1071       0.0046     3.2500e-13      18799.999
 0.067520    50999.8984    0.081376    3.9069e-01       2.5584    2.8520e+03    0.021514       67.0820         0.1197        67.0820      1650.1071       0.0045     3.2500e-13      18799.999
 0.067720    51199.8984    0.081426    3.5421e-01       2.5562    2.7842e+03    0.020485       67.5190         0.1196        67.5190      1650.1071       0.0045     3.2500e-13      18799.999
 0.067920    51399.8984    0.081476    4.2654e-01       2.5540    2.9178e+03    0.022480       67.9560         0.1195        67.9560      1650.1071       0.0044     3.2500e-13      18799.999
 0.068120    51599.8984    0.081526    4.4518e-01       2.5520    2.9503e+03    0.022966       68.3931         0.1195        68.3931      1650.1071       0.0044     3.2500e-13      18799.999
 0.068320    51799.8984    0.081575    4.7242e-01       2.5500    2.9956e+03    0.023658       68.8301         0.1194        68.8301      1650.1071       0.0043     3.2500e-13      18799.999
 0.068520    51999.8984    0.081625    4.6166e-01       2.5481    2.9795e+03    0.023387       69.2671         0.1193        69.2671      1650.1071       0.0043     3.2500e-13      18799.999
 0.068720    52199.8984    0.081675    4.3151e-01       2.5463    2.9307e+03    0.022610       69.7041         0.1192        69.7041      1650.1071       0.0042     3.2500e-13      18799.999
 0.068920    52399.8984    0.081725    4.0924e-01       2.5446    2.8931e+03    0.022019       70.1411         0.1191        70.1411      1650.1071       0.0042     3.2500e-13      18799.999
 0.069120    52599.8984    0.081775    3.7476e-01       2.5429    2.8311e+03    0.021071       70.5781         0.1190        70.5781      1650.1071       0.0041     3.2500e-13      18799.999
 0.069320    52799.8984    0.081825    3.4730e-01       2.5413    2.7786e+03    0.020284       71.0152         0.1190        71.0152      1650.1071       0.0041     3.2500e-13      18799.999
 0.069520    52999.8984    0.081874    3.7698e-01       2.5398    2.8370e+03    0.021133       71.4521         0.1189        71.4521      1650.1071       0.0040     3.2500e-13      18799.999
 0.069720    53199.8984    0.081924    4.1662e-01       2.5383    2.9096e+03    0.022217       71.8892         0.1188        71.8892      1650.1071       0.0040     3.2500e-13      18799.999
 0.069920    53399.8984    0.081974    4.3195e-01       2.5369    2.9369e+03    0.022622       72.3262         0.1187        72.3262      1650.1071       0.0039     3.2500e-13      18799.999
 0.070120    53599.8984    0.082024    4.3075e-01       2.5356    2.9356e+03    0.022590       72.5010         0.1186        72.5010      1650.1071       0.0039     3.2500e-13      18799.999
 0.070320    53799.8984    0.082073    4.1923e-01       2.5343    2.9165e+03    0.022286       72.5010         0.1185        72.5010      1650.1071       0.0039     3.2500e-13      18799.999
 0.070520    53999.8984    0.082122    4.0817e-01       2.5330    2.8978e+03    0.021991       72.5010         0.1184        72.5010      1650.1071       0.0039     3.2500e-13      18799.999
 0.070720    54199.8984    0.082171    4.1454e-01       2.5318    2.9097e+03    0.022161       72.5010         0.1183        72.5010      1650.1071       0.0038     3.2500e-13      18799.999
 0.070920    54399.8984    0.082221    4.4914e-01       2.5307    2.9693e+03    0.023068       72.5010         0.1181        72.5010      1650.1071       0.0038     3.2500e-13      18799.999
 0.071120    54599.8984    0.082270    4.4866e-01       2.5295    2.9692e+03    0.023055       72.5010         0.1180        72.5010      1650.1071       0.0038     3.2500e-13      18799.999
 0.071320    54799.8984    0.082319    4.2202e-01       2.5285    2.9247e+03    0.022360       72.5010         0.1179        72.5010      1650.1071       0.0037     3.2500e-13      18799.999
 0.071520    54999.8984    0.082369    3.4908e-01       2.5275    2.7897e+03    0.020336       72.5010         0.1178        72.5010      1650.1071       0.0037     3.2500e-13      18799.999
 0.071720    55199.8984    0.082418    4.1629e-01       2.5265    2.9159e+03    0.022208       72.5010         0.1177        72.5010      1650.1071       0.0037     3.2500e-13      18799.999
 0.071920    55399.8984    0.082467    4.1334e-01       2.5255    2.9112e+03    0.022129       72.5010         0.1176        72.5010      1650.1071       0.0036     3.2500e-13      18799.999
 0.072120    55599.8984    0.082516    3.9984e-01       2.5246    2.8877e+03    0.021765       72.5010         0.1174        72.5010      1650.1071       0.0036     3.2500e-13      18799.999
 0.072320    55799.8984    0.082566    3.8542e-01       2.5238    2.8618e+03    0.021369       72.5010         0.1173        72.5010      1650.1071       0.0036     3.2500e-13      18799.999
 0.072520    55999.8984    0.082614    3.3469e-01       2.5229    2.7630e+03    0.019913       72.4573         0.1172        72.4573      1650.1071       0.0036     3.2500e-13      18799.999
 0.072720    56199.8984    0.082659    3.7853e-01       2.5221    2.8498e+03    0.021177       72.0203         0.1171        72.0203      1650.1071       0.0035     3.2500e-13      18799.999
 0.072920    56399.8984    0.082703    3.5823e-01       2.5214    2.8113e+03    0.020601       71.5833         0.1169        71.5833      1650.1071       0.0035     3.2500e-13      18799.999
 0.073120    56599.8984    0.082748    3.9828e-01       2.5206    2.8872e+03    0.021722       71.1463         0.1168        71.1463      1650.1071       0.0035     3.2500e-13      18799.999
 0.073320    56799.8984    0.082792    3.7204e-01       2.5199    2.8388e+03    0.020995       70.7092         0.1166        70.7092      1650.1071       0.0035     3.2500e-13      18799.999
 0.073520    56999.8984    0.082837    3.6647e-01       2.5192    2.8285e+03    0.020837       70.2722         0.1165        70.2722      1650.1071       0.0035     3.2500e-13      18799.999
 0.073720    57199.8984    0.082881    4.3627e-01       2.5186    2.9549e+03    0.022735       69.8352         0.1163        69.8352      1650.1071       0.0035     3.2500e-13      18799.999
 0.073920    57399.8984    0.082926    4.0971e-01       2.5179    2.9092e+03    0.022032       69.3982         0.1162        69.3982      1650.1071       0.0035     3.2500e-13      18799.999
 0.074120    57599.8984    0.082970    4.1673e-01       2.5173    2.9219e+03    0.022220       68.9612         0.1160        68.9612      1650.1071       0.0035     3.2500e-13      18799.999
 0.074320    57799.8984    0.083015    4.3003e-01       2.5167    2.9453e+03    0.022571       68.5242         0.1159        68.5242      1650.1071       0.0035     3.2500e-13      18799.999
 0.074520    57999.8984    0.083059    3.7175e-01       2.5162    2.8403e+03    0.020986       68.0872         0.1157        68.0872      1650.1071       0.0035     3.2500e-13      18799.999
