Time (Myr)  Time-t0 (yr) Mstar (Msun)  Lstar (Lsun)  Rstar (Rsun)  Tstar (K)  Rdisk_in (AU)  Rdisk_out (AU)  Mdisk (Msun)  Renv_in (AU)  Renv_out (AU)  Menv (Msun)  Omega_0 (1/s)   c_s (cm/s)
 0.241800        0.0000    0.002018    0.0000e+00    1078.0000    0.0000e+00    0.000000        0.0000         0.0000         4.8725     24751.6035       1.8399     3.2000e-14      18799.999
 0.245300     3500.0000    0.035246    7.7631e-03    1078.0000    5.2165e+01    0.003033        0.0000         0.0000         4.8725     24751.6035       1.8088     3.2000e-14      18799.999
 0.248800     7000.0000    0.052343    8.6728e-03    1077.9800    5.3630e+01    0.003205       23.8281         0.0089        23.8281     24751.6035       1.7825     3.2000e-14      18799.999
 0.252300    10500.0000    0.062800    4.6645e-03    1076.9200    4.5950e+01    0.002351       64.8575         0.0260        64.8575     24751.6035       1.7537     3.2000e-14      18799.999
 0.254820    13019.9893    0.074793    6.4793e-02    1068.7300    8.9048e+01    0.008761       86.0815         0.0304        86.0815     24751.6035       1.7360     3.2000e-14      18799.999
 0.255800    14000.0000    0.078393    6.2491e-03    1058.8400    4.9856e+01    0.002721      107.4111         0.0335       107.4111     24751.6035       1.7289     3.2000e-14      18799.999
 0.259300    17500.0000    0.090354    5.7110e-03     903.1190    5.2782e+01    0.002601      146.0775         0.0439       146.0775     24751.6035       1.7052     3.2000e-14      18799.999
 0.262800    21000.0000    0.099805    2.8898e-02     381.3760    1.2182e+02    0.005851      163.6855         0.0556       163.6855     24751.6035       1.6830     3.2000e-14      18799.999
 0.263460    21660.0098    0.101593    2.5925e-01     293.8640    2.4018e+02    0.017526      184.0410         0.0582       184.0410     24751.6035       1.6784     3.2000e-14      18799.999
 0.266300    24500.0000    0.107611    1.5352e-02      92.4360    2.1125e+02    0.004265      188.8828         0.0689       188.8828     24751.6035       1.6610     3.2000e-14      18799.999
 0.269800    28000.0000    0.117008    3.2187e-01      26.2715    8.4792e+02    0.019528      187.3423         0.0775       187.3423     24751.6035       1.6420     3.2000e-14      18799.999
 0.273300    31500.0000    0.126530    2.3921e+00       9.8193    2.2900e+03    0.053235      211.9749         0.0874       211.9749     24751.6035       1.6215     3.2000e-14      18799.999
 0.276800    35000.0000    0.133182    2.6580e+00       5.0511    3.2781e+03    0.056117      196.0241         0.1002       196.0241     24751.6035       1.6013     3.2000e-14      18799.999
 0.280120    38319.9844    0.141312    2.8291e+01       3.5304    7.0823e+03    0.183077      243.8479         0.1119       243.8479     24751.6035       1.5806     3.2000e-14      18799.999
 0.280300    38500.0000    0.141894    4.6300e+00       3.4832    4.5350e+03    0.074064      245.0195         0.1123       245.0195     24751.6035       1.5796     3.2000e-14      18799.999
 0.283800    42000.0000    0.152798    3.4313e+00       2.9118    4.6022e+03    0.063760      273.1042         0.1180       273.1042     24751.6035       1.5617     3.2000e-14      18799.999
 0.286740    44940.0039    0.161910    4.5005e+01       2.7093    9.0796e+03    0.230911      253.3423         0.1231       253.3423     24751.6035       1.5465     3.2000e-14      18799.999
 0.287300    45500.0000    0.163720    4.9423e+00       2.6849    5.2504e+03    0.076521      242.8931         0.1243       242.8931     24751.6035       1.5433     3.2000e-14      18799.999
 0.289240    47440.0039    0.173099    1.1721e+02       2.6218    1.1725e+04    0.372642      288.4121         0.1240       288.4121     24751.6035       1.5331     3.2000e-14      18799.999
 0.289260    47460.0000    0.173199    3.5604e+02       2.6213    1.5481e+04    0.649474      288.9780         0.1240       288.9780     24751.6035       1.5330     3.2000e-14      18799.999
 0.290800    49000.0000    0.177970    3.7722e+00       2.5881    4.9985e+03    0.066852      303.7012         0.1258       303.7012     24751.6035       1.5259     3.2000e-14      18799.999
 0.294140    52340.0117    0.195565    7.3156e+01       2.5456    1.0577e+04    0.294400      320.3872         0.1218       320.3872     24751.6035       1.5104     3.2000e-14      18799.999
 0.294160    52360.0078    0.195752    9.2392e+01       2.5454    1.1213e+04    0.330848      320.7520         0.1217       320.7520     24751.6035       1.5103     3.2000e-14      18799.999
 0.294180    52380.0078    0.195939    6.2169e+01       2.5452    1.0156e+04    0.271394      321.1167         0.1216       321.1167     24751.6035       1.5102     3.2000e-14      18799.999
 0.294200    52400.0039    0.196126    6.2064e+01       2.5450    1.0152e+04    0.271165      321.4814         0.1215       321.4814     24751.6035       1.5101     3.2000e-14      18799.999
 0.294220    52420.0000    0.196314    5.4617e+01       2.5449    9.8328e+03    0.254376      321.8462         0.1214       321.8462     24751.6035       1.5100     3.2000e-14      18799.999
 0.294300    52500.0000    0.197062    2.9004e+01       2.5442    8.3949e+03    0.185372      323.3047         0.1210       323.3047     24751.6035       1.5096     3.2000e-14      18799.999
 0.294420    52620.0039    0.198186    6.8195e+01       2.5432    1.0397e+04    0.284242      325.4937         0.1203       325.4937     24751.6035       1.5090     3.2000e-14      18799.999
 0.294440    52640.0000    0.198373    3.5989e+01       2.5430    8.8623e+03    0.206489      325.8584         0.1202       325.8584     24751.6035       1.5089     3.2000e-14      18799.999
 0.294460    52660.0000    0.198560    1.6664e+01       2.5429    7.3107e+03    0.140507      326.2231         0.1201       326.2231     24751.6035       1.5087     3.2000e-14      18799.999
 0.294480    52679.9961    0.198747    6.8466e+01       2.5427    1.0409e+04    0.284808      326.5879         0.1200       326.5879     24751.6035       1.5086     3.2000e-14      18799.999
 0.297800    56000.0000    0.205246    2.5444e+00       2.5232    4.5878e+03    0.054905      418.1035         0.1325       418.1035     24751.6035       1.4890     3.2000e-14      18799.999
 0.300740    58940.0039    0.208223    7.5531e+01       2.5139    1.0728e+04    0.299140      331.3350         0.1452       331.3350     24751.6035       1.4729     3.2000e-14      18799.999
 0.301300    59500.0000    0.209900    7.9814e+00       2.5126    6.1183e+03    0.097242      362.2529         0.1479       362.2529     24751.6035       1.4684     3.2000e-14      18799.999
 0.304800    63000.0000    0.214220    3.8682e+00       2.5071    5.1105e+03    0.067696      284.7539         0.1352       284.7539     24751.6035       1.4762     3.2000e-14      18799.999
 0.305840    64039.9844    0.216363    1.0572e+02       2.5061    1.1687e+04    0.353908      311.4180         0.1429       311.4180     24751.6035       1.4662     3.2000e-14      18799.999
 0.308300    66500.0000    0.220931    2.7646e+00       2.5042    4.7017e+03    0.057231      403.7593         0.1688       403.7593     24751.6035       1.4352     3.2000e-14      18799.999
 0.311800    70000.0000    0.224420    3.0293e+00       2.5025    4.8120e+03    0.059907      484.7236         0.1925       484.7236     24751.6035       1.4077     3.2000e-14      18799.999
 0.315300    73500.0000    0.230658    7.4227e+00       2.5015    6.0216e+03    0.093776      447.5029         0.2015       447.5029     24751.6035       1.3917     3.2000e-14      18799.999
 0.318800    77000.0000    0.236414    3.2481e+00       2.5010    4.8981e+03    0.062033      399.9272         0.2079       399.9272     24751.6035       1.3790     3.2000e-14      18799.999
 0.319880    78080.0078    0.239304    6.3861e+01       2.5008    1.0314e+04    0.275063      419.4536         0.2096       419.4536     24751.6035       1.3740     3.2000e-14      18799.999
 0.320260    78459.9844    0.242411    1.4047e+02       2.5008    1.2561e+04    0.407941      438.4004         0.2087       438.4004     24751.6035       1.3714     3.2000e-14      18799.999
 0.320320    78520.0078    0.243054    1.9976e+02       2.5008    1.3717e+04    0.486485      442.2734         0.2085       442.2734     24751.6035       1.3710     3.2000e-14      18799.999
 0.320360    78560.0078    0.243483    1.6893e+02       2.5008    1.3154e+04    0.447365      444.8535         0.2083       444.8535     24751.6035       1.3707     3.2000e-14      18799.999
 0.320460    78659.9922    0.244555    1.5087e+02       2.5008    1.2788e+04    0.422781      451.3066         0.2078       451.3066     24751.6035       1.3699     3.2000e-14      18799.999
 0.322300    80500.0000    0.264273    2.8692e+00       2.5006    4.7489e+03    0.058303      570.0430         0.1999       570.0430     24751.6035       1.3559     3.2000e-14      18799.999
 0.324580    82780.0156    0.275643    1.0045e+02       2.5005    1.1552e+04    0.344974      615.4170         0.2014       615.4170     24751.6035       1.3418     3.2000e-14      18799.999
 0.324600    82800.0078    0.275732    1.8927e+02       2.5005    1.3534e+04    0.473534      615.7290         0.2014       615.7290     24751.6035       1.3417     3.2000e-14      18799.999
 0.324620    82820.0078    0.275820    7.4220e+01       2.5005    1.0710e+04    0.296533      616.0410         0.2015       616.0410     24751.6035       1.3416     3.2000e-14      18799.999
 0.324760    82959.9922    0.276441    5.1477e+01       2.5004    9.7740e+03    0.246955      618.2261         0.2016       618.2261     24751.6035       1.3407     3.2000e-14      18799.999
 0.324800    83000.0156    0.276619    7.1914e+01       2.5004    1.0626e+04    0.291891      618.8511         0.2017       618.8511     24751.6035       1.3405     3.2000e-14      18799.999
 0.325800    84000.0000    0.280654    1.2464e+01       2.5004    6.8562e+03    0.121518      592.2061         0.1983       592.2061     24751.6035       1.3394     3.2000e-14      18799.999
 0.329300    87500.0000    0.287709    2.1864e+00       2.5003    4.4373e+03    0.050895      633.7090         0.2077       633.7090     24751.6035       1.3221     3.2000e-14      18799.999
 0.332800    91000.0000    0.293065    3.8691e+00       2.5002    5.1179e+03    0.067705      459.0015         0.2128       459.0015     24751.6035       1.3111     3.2000e-14      18799.999
 0.333560    91759.9922    0.294657    6.3184e+01       2.5002    1.0288e+04    0.273601      463.5781         0.2168       463.5781     24751.6035       1.3053     3.2000e-14      18799.999
 0.336300    94500.0000    0.309222    5.9213e+00       2.5001    5.6925e+03    0.083757      571.7559         0.2243       571.7559     24751.6035       1.2816     3.2000e-14      18799.999
 0.336680    94879.9922    0.312597    6.4054e+01       2.5001    1.0324e+04    0.275477      600.8438         0.2242       600.8438     24751.6035       1.2779     3.2000e-14      18799.999
 0.336700    94899.9922    0.312774    6.4524e+01       2.5001    1.0343e+04    0.276485      602.3730         0.2242       602.3730     24751.6035       1.2777     3.2000e-14      18799.999
 0.336720    94919.9922    0.312952    6.5072e+01       2.5001    1.0364e+04    0.277658      603.9043         0.2242       603.9043     24751.6035       1.2775     3.2000e-14      18799.999
 0.337180    95379.9922    0.317038    9.2775e+01       2.5001    1.1325e+04    0.331534      639.1133         0.2242       639.1133     24751.6035       1.2730     3.2000e-14      18799.999
 0.337200    95399.9844    0.317215    1.5351e+02       2.5001    1.2845e+04    0.426469      640.6445         0.2242       640.6445     24751.6035       1.2729     3.2000e-14      18799.999
 0.337220    95420.0156    0.317393    1.4857e+02       2.5001    1.2740e+04    0.419546      642.1777         0.2242       642.1777     24751.6035       1.2727     3.2000e-14      18799.999
 0.337300    95500.0000    0.318104    6.7993e+01       2.5001    1.0479e+04    0.283821      648.3008         0.2242       648.3008     24751.6035       1.2719     3.2000e-14      18799.999
 0.337360    95559.9922    0.318636    6.5078e+01       2.5001    1.0365e+04    0.277670      652.8926         0.2242       652.8926     24751.6035       1.2713     3.2000e-14      18799.999
 0.338580    96780.0156    0.325217    7.3667e+01       2.5001    1.0691e+04    0.295426      677.8853         0.2179       677.8853     24751.6035       1.2703     3.2000e-14      18799.999
 0.338620    96820.0078    0.325414    7.5960e+01       2.5001    1.0773e+04    0.299989      678.4136         0.2176       678.4136     24751.6035       1.2703     3.2000e-14      18799.999
 0.338720    96919.9922    0.325908    8.1763e+01       2.5001    1.0973e+04    0.311237      679.7354         0.2170       679.7354     24751.6035       1.2703     3.2000e-14      18799.999
 0.338760    96959.9922    0.326106    7.4299e+01       2.5001    1.0714e+04    0.296691      680.2642         0.2168       680.2642     24751.6035       1.2704     3.2000e-14      18799.999
 0.338780    96979.9844    0.326205    6.9543e+01       2.5001    1.0538e+04    0.287038      680.5283         0.2167       680.5283     24751.6035       1.2704     3.2000e-14      18799.999
 0.339800    98000.0000    0.331245    2.0051e+00       2.5001    4.3424e+03    0.048739      694.0117         0.2107       694.0117     24751.6035       1.2707     3.2000e-14      18799.999
 0.342360   100559.9922    0.343333    3.0379e+02       2.5001    1.5235e+04    0.599932      729.4050         0.2049       729.4050     24751.6035       1.2632     3.2000e-14      18799.999
 0.342380   100579.9922    0.343428    1.1278e+02       2.5001    1.1892e+04    0.365527      729.6824         0.2049       729.6824     24751.6035       1.2631     3.2000e-14      18799.999
 0.342420   100620.0078    0.343616    2.1514e+02       2.5001    1.3976e+04    0.504861      730.2380         0.2048       730.2380     24751.6035       1.2630     3.2000e-14      18799.999
 0.342440   100640.0078    0.343710    9.7539e+01       2.5001    1.1468e+04    0.339939      730.5154         0.2048       730.5154     24751.6035       1.2629     3.2000e-14      18799.999
 0.342780   100979.9922    0.345365    7.2373e+01       2.5001    1.0644e+04    0.292820      732.6858         0.2027       732.6858     24751.6035       1.2632     3.2000e-14      18799.999
 0.343020   101219.9922    0.346542    7.1197e+01       2.5001    1.0600e+04    0.290432      733.8324         0.2009       733.8324     24751.6035       1.2636     3.2000e-14      18799.999
 0.343300   101500.0000    0.347915    1.2664e+01       2.5001    6.8840e+03    0.122488      735.1702         0.1989       735.1702     24751.6035       1.2641     3.2000e-14      18799.999
 0.346800   105000.0000    0.357334    4.8489e+00       2.5000    5.4152e+03    0.075794      726.2310         0.1929       726.2310     24751.6035       1.2596     3.2000e-14      18799.999
 0.350300   108500.0000    0.362220    1.1710e+01       2.5000    6.7506e+03    0.117784      568.8994         0.1728       568.8994     24751.6035       1.2743     3.2000e-14      18799.999
 0.352060   110259.9922    0.368434    8.5480e+01       2.5000    1.1096e+04    0.318233      595.4961         0.1928       595.4961     24751.6035       1.2473     3.2000e-14      18799.999
 0.352080   110279.9922    0.368505    8.6880e+01       2.5000    1.1141e+04    0.320829      595.7983         0.1931       595.7983     24751.6035       1.2470     3.2000e-14      18799.999
 0.352100   110300.0078    0.368576    8.8620e+01       2.5000    1.1197e+04    0.324026      596.1011         0.1933       596.1011     24751.6035       1.2467     3.2000e-14      18799.999
 0.352120   110320.0078    0.368646    6.9459e+01       2.5000    1.0535e+04    0.286866      596.4033         0.1935       596.4033     24751.6035       1.2464     3.2000e-14      18799.999
 0.353800   112000.0000    0.371958    6.1438e+00       2.5000    5.7453e+03    0.085316      602.1450         0.2030       602.1450     24751.6035       1.2332     3.2000e-14      18799.999
 0.357300   115500.0000    0.375050    2.3697e+00       2.5000    4.5277e+03    0.052986      593.2429         0.2167       593.2429     24751.6035       1.2161     3.2000e-14      18799.999
 0.360800   119000.0000    0.378377    2.2639e+00       2.5000    4.4763e+03    0.051790      618.7012         0.2334       618.7012     24751.6035       1.1957     3.2000e-14      18799.999
 0.364000   122199.9922    0.383623    7.0216e+01       2.5000    1.0564e+04    0.288424      625.2617         0.2453       625.2617     24751.6035       1.1779     3.2000e-14      18799.999
 0.364020   122219.9922    0.383684    7.8003e+01       2.5000    1.0845e+04    0.303997      624.6055         0.2453       624.6055     24751.6035       1.1779     3.2000e-14      18799.999
 0.364060   122260.0078    0.383804    8.3375e+01       2.5000    1.1027e+04    0.314290      623.2930         0.2452       623.2930     24751.6035       1.1779     3.2000e-14      18799.999
 0.364080   122280.0078    0.383865    8.0892e+01       2.5000    1.0944e+04    0.309576      622.6377         0.2452       622.6377     24751.6035       1.1778     3.2000e-14      18799.999
 0.364100   122300.0078    0.383925    7.3356e+01       2.5000    1.0680e+04    0.294803      621.9814         0.2451       621.9814     24751.6035       1.1778     3.2000e-14      18799.999
 0.364300   122500.0000    0.384528    3.2412e+00       2.5000    4.8965e+03    0.061968      615.4238         0.2447       615.4238     24751.6035       1.1776     3.2000e-14      18799.999
 0.364400   122600.0000    0.384829    6.8986e+01       2.5000    1.0517e+04    0.285887      612.1445         0.2444       612.1445     24751.6035       1.1775     3.2000e-14      18799.999
 0.367800   126000.0000    0.390363    8.5348e+00       2.5000    6.2374e+03    0.100557      761.9873         0.2664       761.9873     24751.6035       1.1494     3.2000e-14      18799.999
 0.371300   129500.0000    0.394682    7.6167e+00       2.5000    6.0625e+03    0.094994      696.1187         0.2688       696.1187     24751.6035       1.1422     3.2000e-14      18799.999
 0.374800   133000.0000    0.400386    6.5985e+00       2.5021    5.8464e+03    0.088417      674.4470         0.2781       674.4470     24751.6035       1.1266     3.2000e-14      18799.999
 0.375460   133660.0000    0.404004    7.0264e+01       2.5123    1.0540e+04    0.288523      659.3633         0.2710       659.3633     24751.6035       1.1295     3.2000e-14      18799.999
 0.375640   133840.0000    0.405283    8.4720e+01       2.5277    1.1011e+04    0.316815      653.4609         0.2683       653.4609     24751.6035       1.1309     3.2000e-14      18799.999
 0.375840   134040.0156    0.406704    6.9822e+01       2.5449    1.0455e+04    0.287613      646.9023         0.2652       646.9023     24751.6035       1.1323     3.2000e-14      18799.999
 0.376880   135079.9844    0.414092    6.8773e+01       2.5646    1.0376e+04    0.285445      612.7998         0.2493       612.7998     24751.6035       1.1399     3.2000e-14      18799.999
 0.376900   135099.9844    0.414234    8.5531e+01       2.5660    1.0954e+04    0.318327      612.1445         0.2490       612.1445     24751.6035       1.1400     3.2000e-14      18799.999
 0.378300   136500.0000    0.420492    1.2565e+01       2.5943    6.7446e+03    0.122008      665.0117         0.2462       665.0117     24751.6035       1.1359     3.2000e-14      18799.999
 0.381800   140000.0000    0.426390    7.7394e+00       2.6077    5.9598e+03    0.095756      911.7363         0.2793       911.7363     24751.6035       1.0964     3.2000e-14      18799.999
 0.385300   143500.0000    0.431768    6.4268e+00       2.6324    5.6624e+03    0.087259      912.3018         0.3002       912.3018     24751.6035       1.0696     3.2000e-14      18799.999
 0.388800   147000.0000    0.435868    3.3106e+01       2.6467    8.5075e+03    0.198046      748.2266         0.3067       748.2266     24751.6035       1.0585     3.2000e-14      18799.999
 0.392300   150500.0000    0.443944    1.1630e+01       2.6839    6.5040e+03    0.117380      641.6281         0.2837       641.6281     24751.6035       1.0725     3.2000e-14      18799.999
 0.395800   154000.0000    0.448106    3.3749e+00       2.6973    4.7619e+03    0.063233      833.8848         0.3036       833.8848     24751.6035       1.0480     3.2000e-14      18799.999
 0.399300   157500.0000    0.451954    4.0217e+00       2.7171    4.9571e+03    0.069027      993.4170         0.3182       993.4170     24751.6035       1.0291     3.2000e-14      18799.999
 0.402480   160680.0156    0.454760    1.0261e+02       2.7264    1.1122e+04    0.348667      645.4023         0.3118       645.4023     24751.6035       1.0324     3.2000e-14      18799.999
 0.402800   161000.0000    0.455330    1.3986e+01       2.7361    6.7457e+03    0.128723      666.8945         0.3146       666.8945     24751.6035       1.0290     3.2000e-14      18799.999
 0.406300   164500.0000    0.460744    5.4891e+00       2.7489    5.3269e+03    0.080642      811.9053         0.3509       811.9053     24751.6035       0.9867     3.2000e-14      18799.999
 0.409800   168000.0000    0.463278    3.9943e+00       2.7640    4.9065e+03    0.068791      768.7710         0.3988       768.7710     24751.6035       0.9359     3.2000e-14      18799.999
 0.412800   171000.0156    0.470226    5.9354e+01       2.7984    9.5738e+03    0.265179      560.9185         0.3999       560.9185     24751.6035       0.9271     3.2000e-14      18799.999
 0.412840   171040.0156    0.470472    6.5433e+01       2.8009    9.8056e+03    0.278426      561.6680         0.4000       561.6680     24751.6035       0.9268     3.2000e-14      18799.999
 0.412860   171060.0156    0.470596    6.8711e+01       2.8023    9.9238e+03    0.285316      562.0425         0.4000       562.0425     24751.6035       0.9266     3.2000e-14      18799.999
 0.412880   171080.0000    0.470719    6.6839e+01       2.8037    9.8531e+03    0.281403      562.4175         0.4000       562.4175     24751.6035       0.9264     3.2000e-14      18799.999
 0.412920   171120.0000    0.470965    5.8502e+01       2.8062    9.5260e+03    0.263267      563.1670         0.4001       563.1670     24751.6035       0.9261     3.2000e-14      18799.999
 0.413300   171500.0000    0.473307    3.5253e+01       2.8230    8.3680e+03    0.204366      570.2881         0.4008       570.2881     24751.6035       0.9228     3.2000e-14      18799.999
 0.416800   175000.0000    0.487898    8.1471e+00       2.8636    5.7607e+03    0.098246      712.5117         0.3983       712.5117     24751.6035       0.9090     3.2000e-14      18799.999
 0.417120   175320.0156    0.488630    5.9866e+01       2.8685    9.4765e+03    0.266319      732.1328         0.3974       732.1328     24751.6035       0.9092     3.2000e-14      18799.999
 0.420300   178500.0000    0.492074    4.5274e+00       2.8835    4.9565e+03    0.073238      886.5938         0.4180       886.5938     24751.6035       0.8848     3.2000e-14      18799.999
 0.423800   182000.0000    0.493398    5.6727e+00       2.8893    5.2388e+03    0.081980     1013.0244         0.4353      1013.0244     24751.6035       0.8660     3.2000e-14      18799.999
 0.427300   185500.0000    0.494485    4.2048e+00       2.8937    4.8572e+03    0.070581     1060.1753         0.4322      1060.1753     24751.6035       0.8679     3.2000e-14      18799.999
 0.430800   189000.0000    0.503329    2.5583e+01       2.9059    7.6124e+03    0.174095      800.3438         0.4024       800.3438     24751.6035       0.8878     3.2000e-14      18799.999
 0.431200   189400.0000    0.507224    5.4886e+01       2.9212    9.1889e+03    0.255001      857.7891         0.4082       857.7891     24751.6035       0.8777     3.2000e-14      18799.999
 0.431320   189520.0156    0.508394    6.3053e+01       2.9278    9.5023e+03    0.273317      875.0234         0.4099       875.0234     24751.6035       0.8746     3.2000e-14      18799.999
 0.431540   189740.0156    0.510536    7.3315e+01       2.9426    9.8425e+03    0.294721      906.6172         0.4131       906.6172     24751.6035       0.8691     3.2000e-14      18799.999
 0.431680   189879.9844    0.511900    6.3398e+01       2.9521    9.4761e+03    0.274062      926.7188         0.4151       926.7188     24751.6035       0.8655     3.2000e-14      18799.999
 0.431740   189939.9844    0.512484    5.5830e+01       2.9555    9.1744e+03    0.257186      935.3359         0.4160       935.3359     24751.6035       0.8640     3.2000e-14      18799.999
 0.431920   190119.9844    0.514237    5.4884e+01       2.9643    9.1217e+03    0.254997      961.1836         0.4186       961.1836     24751.6035       0.8595     3.2000e-14      18799.999
 0.432180   190379.9844    0.516769    6.0595e+01       2.9782    9.3284e+03    0.267937      998.5234         0.4224       998.5234     24751.6035       0.8529     3.2000e-14      18799.999
 0.432340   190540.0000    0.518327    9.2451e+01       2.9892    1.0348e+04    0.330955     1021.5000         0.4247      1021.5000     24751.6035       0.8488     3.2000e-14      18799.999
 0.432360   190559.9844    0.518523    1.1620e+02       2.9910    1.0954e+04    0.371030     1024.3711         0.4250      1024.3711     24751.6035       0.8483     3.2000e-14      18799.999
 0.432380   190579.9844    0.518717    2.2875e+02       2.9943    1.2968e+04    0.520583     1027.2422         0.4253      1027.2422     24751.6035       0.8478     3.2000e-14      18799.999
 0.432400   190599.9844    0.518912    5.6107e+01       2.9980    9.1204e+03    0.257823     1030.1172         0.4255      1030.1172     24751.6035       0.8473     3.2000e-14      18799.999
 0.432680   190880.0156    0.521297    5.7268e+02       3.0308    1.6214e+04    0.823698     1035.3398         0.4234      1035.3398     24751.6035       0.8468     3.2000e-14      18799.999
 0.432700   190900.0156    0.521454    7.1192e+01       3.0365    9.6184e+03    0.290422     1034.3242         0.4230      1034.3242     24751.6035       0.8470     3.2000e-14      18799.999
 0.432820   191019.9844    0.522394    7.1878e+01       3.0437    9.6300e+03    0.291816     1028.2305         0.4206      1028.2305     24751.6035       0.8484     3.2000e-14      18799.999
 0.432840   191039.9844    0.522551    7.5555e+01       3.0451    9.7486e+03    0.299189     1027.2148         0.4202      1027.2148     24751.6035       0.8486     3.2000e-14      18799.999
 0.432860   191059.9844    0.522708    8.9659e+01       3.0473    1.0171e+04    0.325919     1026.1992         0.4198      1026.1992     24751.6035       0.8488     3.2000e-14      18799.999
 0.433000   191200.0000    0.523806    1.0276e+02       3.0507    1.0518e+04    0.348912     1019.0898         0.4170      1019.0898     24751.6035       0.8504     3.2000e-14      18799.999
 0.434300   192500.0000    0.533997    1.4507e+01       3.0642    6.4330e+03    0.131101      953.0723         0.3909       953.0723     24751.6035       0.8650     3.2000e-14      18799.999
 0.434340   192540.0000    0.534310    1.1956e+02       3.0657    1.0897e+04    0.376363      951.0410         0.3901       951.0410     24751.6035       0.8655     3.2000e-14      18799.999
 0.435000   193200.0000    0.539484    9.4819e+01       3.0812    1.0258e+04    0.335167      917.5250         0.3769       917.5250     24751.6035       0.8729     3.2000e-14      18799.999
 0.435020   193220.0000    0.539527    2.3200e+01       3.0821    7.2132e+03    0.165790      920.6641         0.3771       920.6641     24751.6035       0.8727     3.2000e-14      18799.999
 0.435040   193240.0000    0.539570    4.0152e+02       3.0823    1.4712e+04    0.689712      923.8047         0.3772       923.8047     24751.6035       0.8725     3.2000e-14      18799.999
 0.437800   196000.0000    0.545314    1.2319e+01       3.1064    6.1332e+03    0.120808     1338.0234         0.3956      1338.0234     24751.6035       0.8480     3.2000e-14      18799.999
 0.441300   199500.0000    0.550144    8.8515e+00       3.1258    5.6292e+03    0.102405     1637.0059         0.4012      1637.0059     24751.6035       0.8371     3.2000e-14      18799.999
 0.444800   203000.0000    0.553237    6.6983e+00       3.1386    5.2396e+03    0.089083     1343.6094         0.2325      1343.6094     24751.6035       1.0023     3.2000e-14      18799.999
 0.448300   206500.0000    0.554575    5.2593e+00       3.1439    4.9280e+03    0.078936     1459.7109         0.2525      1459.7109     24751.6035       0.9808     3.2000e-14      18799.999
 0.451800   210000.0000    0.556154    5.9577e+00       3.1507    5.0786e+03    0.084014      987.9727         0.2216       987.9727     24751.6035       1.0099     3.2000e-14      18799.999
 0.455300   213500.0000    0.558572    7.0025e+00       3.1608    5.2795e+03    0.091084     1106.0107         0.2469      1106.0107     24751.6035       0.9819     3.2000e-14      18799.999
 0.458800   217000.0000    0.560838    4.9227e+00       3.1694    4.8277e+03    0.076368      994.1758         0.3331       994.1758     24751.6035       0.8932     3.2000e-14      18799.999
 0.462300   220500.0000    0.564161    1.1234e+01       3.1831    5.9209e+03    0.115368      727.2109         0.4051       727.2109     24751.6035       0.8176     3.2000e-14      18799.999
 0.462820   221019.9844    0.569981    4.8845e+01       3.1930    8.5366e+03    0.240560      722.2578         0.3997       722.2578     24751.6035       0.8165     3.2000e-14      18799.999
 0.463040   221239.9844    0.573831    9.4835e+01       3.2069    1.0055e+04    0.335194      732.0371         0.3959       732.0371     24751.6035       0.8160     3.2000e-14      18799.999
 0.463420   221620.0000    0.580482    1.8654e+02       3.2598    1.1811e+04    0.470106      748.9297         0.3895       748.9297     24751.6035       0.8150     3.2000e-14      18799.999
 0.463580   221780.0156    0.583282    1.1679e+03       3.3032    1.8559e+04    1.176283      756.0430         0.3868       756.0430     24751.6035       0.8146     3.2000e-14      18799.999
 0.463600   221800.0156    0.583632    3.9690e+03       3.3235    2.5122e+04    2.168478      756.9316         0.3865       756.9316     24751.6035       0.8146     3.2000e-14      18799.999
 0.463620   221820.0156    0.583982    1.5702e+02       3.3525    1.1155e+04    0.431309      757.8203         0.3861       757.8203     24751.6035       0.8145     3.2000e-14      18799.999
 0.463680   221880.0000    0.585032    7.9281e+01       3.3609    9.3917e+03    0.306476      760.4883         0.3851       760.4883     24751.6035       0.8144     3.2000e-14      18799.999
 0.465800   224000.0000    0.611600    6.0920e+00       3.3676    4.9398e+03    0.084956      779.9629         0.3354       779.9629     24751.6035       0.8346     3.2000e-14      18799.999
 0.466180   224380.0000    0.613246    1.1532e+03       3.3755    1.8301e+04    1.168854      761.3398         0.3224       761.3398     24751.6035       0.8458     3.2000e-14      18799.999
 0.466200   224399.9844    0.613333    6.6633e+01       3.3842    8.9613e+03    0.280968      760.3613         0.3217       760.3613     24751.6035       0.8463     3.2000e-14      18799.999
 0.466220   224419.9844    0.613420    1.5553e+02       3.3856    1.1074e+04    0.429256      759.3809         0.3210       759.3809     24751.6035       0.8469     3.2000e-14      18799.999
 0.466360   224560.0000    0.614026    1.2315e+02       3.3918    1.0437e+04    0.381970      752.5195         0.3162       752.5195     24751.6035       0.8510     3.2000e-14      18799.999
 0.466440   224639.9844    0.614373    6.0162e+01       3.3982    8.7173e+03    0.266976      748.5996         0.3135       748.5996     24751.6035       0.8534     3.2000e-14      18799.999
 0.466460   224659.9844    0.614459    2.9988e+01       3.4000    7.3228e+03    0.188488      747.6211         0.3128       747.6211     24751.6035       0.8540     3.2000e-14      18799.999
 0.466500   224700.0156    0.614633    5.7094e+01       3.4012    8.6001e+03    0.260081      745.6582         0.3114       745.6582     24751.6035       0.8552     3.2000e-14      18799.999
 0.466520   224720.0156    0.614719    5.2070e+01       3.4022    8.4032e+03    0.248374      744.6797         0.3107       744.6797     24751.6035       0.8557     3.2000e-14      18799.999
 0.469300   227500.0000    0.621849    1.1493e+01       3.4244    5.7411e+03    0.116691      672.8618         0.2524       672.8618     24751.6035       0.9062     3.2000e-14      18799.999
 0.470020   228220.0000    0.623301    9.8200e+01       3.4301    9.8074e+03    0.341090      665.5234         0.2422       665.5234     24751.6035       0.9147     3.2000e-14      18799.999
 0.470200   228400.0000    0.626270    3.7752e+02       3.4616    1.3670e+04    0.668775      682.7422         0.2378       682.7422     24751.6035       0.9158     3.2000e-14      18799.999
 0.470220   228420.0000    0.626600    1.3342e+02       3.4681    1.0530e+04    0.397584      684.6562         0.2373       684.6562     24751.6035       0.9160     3.2000e-14      18799.999
 0.470240   228440.0000    0.626930    5.3323e+01       3.4707    8.3694e+03    0.251346      686.5703         0.2368       686.5703     24751.6035       0.9161     3.2000e-14      18799.999
 0.470260   228459.9844    0.627260    1.0748e+02       3.4715    9.9713e+03    0.356845      688.4844         0.2363       688.4844     24751.6035       0.9162     3.2000e-14      18799.999
 0.470640   228840.0000    0.633528    4.9517e+01       3.4952    8.1871e+03    0.242210      724.8359         0.2269       724.8359     24751.6035       0.9186     3.2000e-14      18799.999
 0.470900   229100.0000    0.637816    4.9051e+01       3.5044    8.1571e+03    0.241067      749.7109         0.2205       749.7109     24751.6035       0.9202     3.2000e-14      18799.999
 0.471080   229280.0156    0.640785    3.8243e+02       3.5168    1.3606e+04    0.673113      766.9336         0.2161       766.9336     24751.6035       0.9214     3.2000e-14      18799.999
 0.471180   229379.9844    0.642435    9.1246e+01       3.5375    9.4815e+03    0.328790      776.4961         0.2137       776.4961     24751.6035       0.9220     3.2000e-14      18799.999
 0.471320   229520.0000    0.644744    9.9983e+02       3.5491    1.7223e+04    1.088367      789.8906         0.2102       789.8906     24751.6035       0.9229     3.2000e-14      18799.999
 0.471340   229540.0000    0.645074    4.6708e+02       3.5602    1.4216e+04    0.743887      791.8047         0.2097       791.8047     24751.6035       0.9230     3.2000e-14      18799.999
 0.471360   229560.0000    0.645404    8.1207e+01       3.5672    9.1709e+03    0.310176      793.7188         0.2092       793.7188     24751.6035       0.9231     3.2000e-14      18799.999
 0.471620   229819.9844    0.649692    6.0132e+01       3.5887    8.4818e+03    0.266910      818.5938         0.2028       818.5938     24751.6035       0.9248     3.2000e-14      18799.999
 0.472800   231000.0000    0.664386    8.5192e+00       3.6024    5.1938e+03    0.100464      811.8281         0.1669       811.8281     24751.6035       0.9444     3.2000e-14      18799.999
 0.476300   234500.0000    0.667243    9.0254e+00       3.6155    5.2597e+03    0.103406      144.7430         0.0614       144.7430     24751.6035       1.0467     3.2000e-14      18799.999
 0.479800   238000.0000    0.669667    6.7026e+00       3.6236    4.8772e+03    0.089112      146.9179         0.0603       146.9179     24751.6035       1.0451     3.2000e-14      18799.999
 0.483300   241500.0000    0.671996    8.4029e+00       3.6335    5.1537e+03    0.099776      152.7450         0.0587       152.7450     24751.6035       1.0441     3.2000e-14      18799.999
 0.486800   245000.0000    0.674358    6.4794e+00       3.6434    4.8229e+03    0.087615     1480.8438         0.1569      1480.8438     24751.6035       0.9433     3.2000e-14      18799.999
 0.490300   248500.0000    0.675949    6.3344e+00       3.6497    4.7915e+03    0.086629      229.3125         0.0583       229.3125     24751.6035       1.0401     3.2000e-14      18799.999
 0.493800   252000.0000    0.677744    6.5143e+00       3.6573    4.8202e+03    0.087851      748.3711         0.0793       748.3711     24751.6035       1.0172     3.2000e-14      18799.999
 0.497300   255500.0000    0.679470    6.2789e+00       3.6645    4.7714e+03    0.086249     1092.9414         0.0971      1092.9414     24751.6035       0.9975     3.2000e-14      18799.999
 0.500800   259000.0000    0.681321    6.3113e+00       3.6719    4.7726e+03    0.086471      783.8438         0.0844       783.8438     24751.6035       1.0081     3.2000e-14      18799.999
 0.504300   262500.0000    0.683485    6.8748e+00       3.6813    4.8696e+03    0.090249      187.1284         0.0492       187.1284     24751.6035       1.0409     3.2000e-14      18799.999
 0.507800   266000.0000    0.685420    5.9050e+00       3.6892    4.6829e+03    0.083642      320.4375         0.0586       320.4375     24751.6035       1.0293     3.2000e-14      18799.999
 0.511300   269500.0000    0.686827    5.6384e+00       3.6952    4.6254e+03    0.081732     1078.8700         0.1305      1078.8700     24751.6035       0.9558     3.2000e-14      18799.999
 0.514800   273000.0000    0.687846    5.0436e+00       3.6994    4.4957e+03    0.077300     1095.0806         0.1499      1095.0806     24751.6035       0.9354     3.2000e-14      18799.999
 0.518300   276500.0000    0.688409    4.3760e+00       3.7017    4.3375e+03    0.072003     1078.5996         0.1774      1078.5996     24751.6035       0.9072     3.2000e-14      18799.999
 0.521800   280000.0000    0.688774    4.6366e+00       3.7030    4.4000e+03    0.074116     1062.2520         0.2351      1062.2520     24751.6035       0.8491     3.2000e-14      18799.999
 0.525300   283500.0000    0.689483    4.0657e+00       3.7061    4.2560e+03    0.069403      947.7380         0.2406       947.7380     24751.6035       0.8428     3.2000e-14      18799.999
 0.528800   287000.0000    0.690225    5.4897e+00       3.7091    4.5860e+03    0.080647      939.8184         0.2335       939.8184     24751.6035       0.8491     3.2000e-14      18799.999
 0.532300   290500.0000    0.691768    5.8838e+00       3.7157    4.6620e+03    0.083491     1004.8857         0.2356      1004.8857     24751.6035       0.8452     3.2000e-14      18799.999
 0.535800   294000.0000    0.693076    5.1413e+00       3.7215    4.5039e+03    0.078046     1127.7930         0.2392      1127.7930     24751.6035       0.8402     3.2000e-14      18799.999
 0.539300   297500.0000    0.693621    3.8321e+00       3.7235    4.1837e+03    0.067380     1283.5112         0.2815      1283.5112     24751.6035       0.7973     3.2000e-14      18799.999
 0.542800   301000.0000    0.694016    4.4201e+00       3.7251    4.3348e+03    0.072365     1245.8027         0.2883      1245.8027     24751.6035       0.7901     3.2000e-14      18799.999
 0.546300   304500.0000    0.694534    4.2068e+00       3.7272    4.2803e+03    0.070598     1188.0859         0.2619      1188.0859     24751.6035       0.8159     3.2000e-14      18799.999
 0.549800   308000.0000    0.694862    3.7275e+00       3.7286    4.1520e+03    0.066454     1185.9683         0.2565      1185.9683     24751.6035       0.8209     3.2000e-14      18799.999
 0.553300   311500.0000    0.695274    4.2500e+00       3.7302    4.2895e+03    0.070959     1178.3320         0.2655      1178.3320     24751.6035       0.8114     3.2000e-14      18799.999
 0.556800   315000.0000    0.696173    4.9817e+00       3.7340    4.4610e+03    0.076825     1076.3408         0.2704      1076.3408     24751.6035       0.8056     3.2000e-14      18799.999
 0.560300   318500.0000    0.697783    5.7886e+00       3.7408    4.6274e+03    0.082813     1092.0840         0.2546      1092.0840     24751.6035       0.8196     3.2000e-14      18799.999
 0.563800   322000.0000    0.699427    5.4682e+00       3.7478    4.5578e+03    0.080489     1071.5938         0.2541      1071.5938     24751.6035       0.8183     3.2000e-14      18799.999
 0.567300   325500.0000    0.700794    4.8816e+00       3.7533    4.4270e+03    0.076049      963.2160         0.2529       963.2160     24751.6035       0.8179     3.2000e-14      18799.999
 0.570800   329000.0000    0.701790    4.4756e+00       3.7575    4.3295e+03    0.072818     1033.0696         0.2793      1033.0696     24751.6035       0.7904     3.2000e-14      18799.999
 0.574300   332500.0000    0.702496    4.0536e+00       3.7605    4.2220e+03    0.069300      997.2949         0.2883       997.2949     24751.6035       0.7807     3.2000e-14      18799.999
 0.577800   336000.0000    0.702885    3.7082e+00       3.7620    4.1282e+03    0.066282      965.6172         0.2982       965.6172     24751.6035       0.7703     3.2000e-14      18799.999
 0.581300   339500.0000    0.703097    3.3589e+00       3.7630    4.0268e+03    0.063082     1097.4062         0.3381      1097.4062     24751.6035       0.7302     3.2000e-14      18799.999
 0.584800   343000.0000    0.703122    3.2784e+00       3.7630    4.0024e+03    0.062323     1009.8806         0.3412      1009.8806     24751.6035       0.7271     3.2000e-14      18799.999
 0.588300   346500.0000    0.703586    4.4663e+00       3.7649    4.3230e+03    0.072742      994.6816         0.3558       994.6816     24751.6035       0.7120     3.2000e-14      18799.999
 0.591800   350000.0000    0.704756    4.8944e+00       3.7698    4.4202e+03    0.076148     1061.5400         0.3560      1061.5400     24751.6035       0.7105     3.2000e-14      18799.999
 0.595300   353500.0000    0.706068    4.8796e+00       3.7753    4.4137e+03    0.076033     1110.1367         0.3491      1110.1367     24751.6035       0.7158     3.2000e-14      18799.999
 0.598800   357000.0000    0.707539    5.6634e+00       3.7816    4.5773e+03    0.081913     1069.8589         0.3004      1069.8589     24751.6035       0.7630     3.2000e-14      18799.999
 0.602300   360500.0000    0.708115    3.1470e+00       3.7838    3.9508e+03    0.061060      512.4219         0.2195       512.4219     24751.6035       0.8432     3.2000e-14      18799.999
 0.605800   364000.0000    0.708240    3.3238e+00       3.7845    4.0048e+03    0.062752      478.0703         0.2140       478.0703     24751.6035       0.8486     3.2000e-14      18799.999
 0.609300   367500.0000    0.708585    4.0402e+00       3.7856    4.2045e+03    0.069185      607.8281         0.2467       607.8281     24751.6035       0.8155     3.2000e-14      18799.999
 0.612800   371000.0000    0.709930    5.0974e+00       3.7918    4.4524e+03    0.077712      551.1152         0.2506       551.1152     24751.6035       0.8101     3.2000e-14      18799.999
 0.616300   374500.0000    0.710384    3.0935e+00       3.7932    3.9291e+03    0.060540     1013.0312         0.2940      1013.0312     24751.6035       0.7662     3.2000e-14      18799.999
 0.619800   378000.0000    0.710942    5.2778e+00       3.7954    4.4891e+03    0.079075      671.3906         0.2521       671.3906     24751.6035       0.8075     3.2000e-14      18799.999
 0.623300   381500.0000    0.712324    3.4832e+00       3.8017    4.0428e+03    0.064240      553.0342         0.2588       553.0342     24751.6035       0.7992     3.2000e-14      18799.999
 0.626800   385000.0000    0.712552    2.9722e+00       3.8022    3.8853e+03    0.059341      900.1328         0.3090       900.1328     24751.6035       0.7487     3.2000e-14      18799.999
 0.630300   388500.0000    0.713067    3.8279e+00       3.8047    4.1377e+03    0.067343      859.9570         0.3277       859.9570     24751.6035       0.7295     3.2000e-14      18799.999
 0.633800   392000.0000    0.713631    3.8821e+00       3.8069    4.1511e+03    0.067818      913.6523         0.3453       913.6523     24751.6035       0.7112     3.2000e-14      18799.999
 0.637300   395500.0000    0.713875    2.9062e+00       3.8078    3.8607e+03    0.058678     1136.0703         0.3437      1136.0703     24751.6035       0.7126     3.2000e-14      18799.999
 0.640800   399000.0000    0.714292    3.8168e+00       3.8086    4.1326e+03    0.067245      652.5781         0.3050       652.5781     24751.6035       0.7508     3.2000e-14      18799.999
 0.644300   402500.0000    0.716642    6.3498e+00       3.8202    4.6862e+03    0.086734      624.8242         0.2920       624.8242     24751.6035       0.7612     3.2000e-14      18799.999
 0.647800   406000.0000    0.717921    3.2154e+00       3.8246    3.9509e+03    0.061721      673.1738         0.2978       673.1738     24751.6035       0.7540     3.2000e-14      18799.999
 0.651300   409500.0000    0.720198    5.4180e+00       3.8280    4.4994e+03    0.080119      696.3125         0.3118       696.3125     24751.6035       0.7375     3.2000e-14      18799.999
 0.652060   410259.9688    0.721347    1.9590e+01       3.8341    6.1995e+03    0.152347      668.8496         0.3088       668.8496     24751.6035       0.7391     3.2000e-14      18799.999
 0.652360   410560.0312    0.721800    2.1865e+01       3.8392    6.3678e+03    0.160948      658.0059         0.3077       658.0059     24751.6035       0.7398     3.2000e-14      18799.999
 0.652700   410900.0000    0.722520    1.9601e+01       3.8450    6.1915e+03    0.152388      635.5469         0.3058       635.5469     24751.6035       0.7408     3.2000e-14      18799.999
 0.654800   413000.0000    0.727854    1.0771e+01       3.8668    5.3158e+03    0.112967      452.8984         0.2920       452.8984     24751.6035       0.7486     3.2000e-14      18799.999
 0.658300   416500.0000    0.730341    2.8738e+00       3.8765    3.8157e+03    0.058350     1010.6016         0.3048      1010.6016     24751.6035       0.7328     3.2000e-14      18799.999
 0.661800   420000.0000    0.730380    2.9759e+00       3.8765    3.8491e+03    0.059378     1580.9531         0.3189      1580.9531     24751.6035       0.7180     3.2000e-14      18799.999
 0.665300   423500.0000    0.730454    2.8149e+00       3.8769    3.7958e+03    0.057749     2022.8125         0.3181      2022.8125     24751.6035       0.7177     3.2000e-14      18799.999
 0.668800   427000.0000    0.730468    2.8318e+00       3.8770    3.8014e+03    0.057923      931.7969         0.1447       931.7969     24751.6035       0.8896     3.2000e-14      18799.999
 0.672300   430500.0000    0.730495    2.8180e+00       3.8771    3.7967e+03    0.057781      743.9023         0.1504       743.9023     24751.6035       0.8820     3.2000e-14      18799.999
 0.675800   434000.0000    0.730820    4.2172e+00       3.8778    4.1990e+03    0.070685      461.9922         0.1427       461.9922     24751.6035       0.8871     3.2000e-14      18799.999
 0.679300   437500.0000    0.732341    5.2006e+00       3.8849    4.4208e+03    0.078494      570.1289         0.1428       570.1289     24751.6035       0.8830     3.2000e-14      18799.999
 0.682800   441000.0000    0.733436    3.3294e+00       3.8894    3.9521e+03    0.062805      758.9805         0.1469       758.9805     24751.6035       0.8753     3.2000e-14      18799.999
 0.686300   444500.0000    0.733677    2.9445e+00       3.8904    3.8321e+03    0.059064      928.5723         0.1698       928.5723     24751.6035       0.8496     3.2000e-14      18799.999
 0.689800   448000.0000    0.733866    2.9793e+00       3.8911    3.8430e+03    0.059412      993.6555         0.1954       993.6555     24751.6035       0.8212     3.2000e-14      18799.999
 0.693300   451500.0000    0.734051    3.1166e+00       3.8916    3.8862e+03    0.060765     1000.8652         0.2071      1000.8652     24751.6035       0.8065     3.2000e-14      18799.999
 0.696800   455000.0000    0.734502    3.0832e+00       3.8939    3.8747e+03    0.060439      978.9470         0.2129       978.9470     24751.6035       0.7974     3.2000e-14      18799.999
 0.700300   458500.0000    0.734717    2.7086e+00       3.8947    3.7508e+03    0.056648      928.9414         0.2104       928.9414     24751.6035       0.7967     3.2000e-14      18799.999
 0.703800   462000.0000    0.734877    3.1153e+00       3.8952    3.8841e+03    0.060752      887.8149         0.2248       887.8149     24751.6035       0.7792     3.2000e-14      18799.999
 0.707300   465500.0000    0.735446    3.6600e+00       3.8977    4.0424e+03    0.065849      835.8584         0.2326       835.8584     24751.6035       0.7677     3.2000e-14      18799.999
 0.710800   469000.0000    0.736326    3.7044e+00       3.9013    4.0527e+03    0.066248      827.7617         0.2328       827.7617     24751.6035       0.7636     3.2000e-14      18799.999
 0.714300   472500.0000    0.737191    3.6133e+00       3.9050    4.0257e+03    0.065429      984.6641         0.2687       984.6641     24751.6035       0.7238     3.2000e-14      18799.999
 0.717800   476000.0000    0.738059    4.1643e+00       3.9087    4.1691e+03    0.070240     1203.5664         0.3172      1203.5664     24751.6035       0.6714     3.2000e-14      18799.999
 0.721300   479500.0000    0.738749    2.8439e+00       3.9116    3.7886e+03    0.058046     1367.8555         0.3290      1367.8555     24751.6035       0.6559     3.2000e-14      18799.999
 0.724800   483000.0000    0.738960    3.0364e+00       3.9123    3.8508e+03    0.059978      867.3281         0.2506       867.3281     24751.6035       0.7313     3.2000e-14      18799.999
 0.728300   486500.0000    0.740263    5.4251e+00       3.9175    4.4491e+03    0.080171      883.7075         0.2658       883.7075     24751.6035       0.7119     3.2000e-14      18799.999
 0.731800   490000.0000    0.742373    4.2411e+00       3.9267    4.1786e+03    0.070885      853.9404         0.2593       853.9404     24751.6035       0.7134     3.2000e-14      18799.999
 0.735300   493500.0000    0.743073    2.8238e+00       3.9294    3.7733e+03    0.057841      994.9375         0.2771       994.9375     24751.6035       0.6923     3.2000e-14      18799.999
 0.738800   497000.0000    0.743394    2.8890e+00       3.9309    3.7942e+03    0.058504     1670.7900         0.3515      1670.7900     24751.6035       0.6150     3.2000e-14      18799.999
 0.742300   500500.0000    0.743558    2.5874e+00       3.9315    3.6907e+03    0.055366     1621.7920         0.3412      1621.7920     24751.6035       0.6226     3.2000e-14      18799.999
 0.745800   504000.0000    0.743679    2.7063e+00       3.9319    3.7322e+03    0.056624     1150.4453         0.2784      1150.4453     24751.6035       0.6829     3.2000e-14      18799.999
 0.749300   507500.0000    0.744074    3.2639e+00       3.9335    3.9104e+03    0.062185     1241.2539         0.3058      1241.2539     24751.6035       0.6527     3.2000e-14      18799.999
 0.752800   511000.0000    0.744835    3.5833e+00       3.9368    4.0011e+03    0.065156     1136.2969         0.3068      1136.2969     24751.6035       0.6486     3.2000e-14      18799.999
 0.756300   514500.0000    0.745827    3.8821e+00       3.9409    4.0798e+03    0.067818     1002.3486         0.3001      1002.3486     24751.6035       0.6521     3.2000e-14      18799.999
 0.759800   518000.0000    0.746731    3.1036e+00       3.9448    3.8559e+03    0.060638      978.9470         0.3062       978.9470     24751.6035       0.6428     3.2000e-14      18799.999
 0.763300   521500.0000    0.747163    3.0047e+00       3.9459    3.8244e+03    0.059665      884.5078         0.2838       884.5078     24751.6035       0.6627     3.2000e-14      18799.999
 0.766800   525000.0000    0.748994    6.0566e+00       3.9541    4.5521e+03    0.084708     1030.6074         0.3126      1030.6074     24751.6035       0.6298     3.2000e-14      18799.999
 0.770300   528500.0000    0.751002    3.9483e+00       3.9626    4.0859e+03    0.068394     1123.3516         0.3197      1123.3516     24751.6035       0.6186     3.2000e-14      18799.999
 0.773800   532000.0000    0.751900    3.3384e+00       3.9662    3.9163e+03    0.062890     1219.7891         0.3234      1219.7891     24751.6035       0.6121     3.2000e-14      18799.999
 0.777300   535500.0000    0.752558    3.0360e+00       3.9690    3.8230e+03    0.059974     1266.9688         0.3221      1266.9688     24751.6035       0.6109     3.2000e-14      18799.999
 0.780800   539000.0000    0.752953    2.7930e+00       3.9707    3.7434e+03    0.057524     1255.6562         0.3245      1255.6562     24751.6035       0.6063     3.2000e-14      18799.999
 0.784300   542500.0000    0.753236    2.6735e+00       3.9718    3.7021e+03    0.056280     1172.6738         0.3111      1172.6738     24751.6035       0.6177     3.2000e-14      18799.999
 0.787800   546000.0000    0.753681    3.2032e+00       3.9737    3.8724e+03    0.061603     1220.6543         0.3344      1220.6543     24751.6035       0.5923     3.2000e-14      18799.999
 0.791300   549500.0000    0.754360    3.2105e+00       3.9765    3.8732e+03    0.061674     1379.9258         0.3594      1379.9258     24751.6035       0.5651     3.2000e-14      18799.999
 0.794800   553000.0000    0.754835    2.5241e+00       3.9785    3.6462e+03    0.054685     1556.2109         0.3858      1556.2109     24751.6035       0.5368     3.2000e-14      18799.999
 0.798300   556500.0000    0.754989    2.6897e+00       3.9787    3.7045e+03    0.056450     1697.4160         0.3958      1697.4160     24751.6035       0.5252     3.2000e-14      18799.999
 0.801800   560000.0000    0.756086    4.8207e+00       3.9835    4.2837e+03    0.075573     1207.4844         0.3175      1207.4844     24751.6035       0.6010     3.2000e-14      18799.999
 0.805300   563500.0000    0.757944    4.4066e+00       3.9915    4.1844e+03    0.072254     1035.9531         0.2933      1035.9531     24751.6035       0.6218     3.2000e-14      18799.999
 0.808800   567000.0000    0.759153    3.4713e+00       3.9964    3.9397e+03    0.064130     1078.3174         0.3100      1078.3174     24751.6035       0.6026     3.2000e-14      18799.999
 0.812300   570500.0000    0.760110    3.6187e+00       4.0004    3.9789e+03    0.065477     1778.9844         0.4135      1778.9844     24751.6035       0.4968     3.2000e-14      18799.999
 0.815800   574000.0000    0.761075    3.3648e+00       4.0046    3.9051e+03    0.063138     1532.4062         0.3920      1532.4062     24751.6035       0.5161     3.2000e-14      18799.999
 0.819300   577500.0000    0.761696    2.7538e+00       4.0074    3.7130e+03    0.057118     1112.7031         0.3453      1112.7031     24751.6035       0.5612     3.2000e-14      18799.999
 0.822020   580220.0000    0.762159    9.3627e+00       4.0086    5.0411e+03    0.105321     1147.5483         0.3634      1147.5483     24751.6035       0.5417     3.2000e-14      18799.999
 0.822800   581000.0000    0.762754    3.9041e+00       4.0098    4.0504e+03    0.068010     1132.3633         0.3693      1132.3633     24751.6035       0.5349     3.2000e-14      18799.999
 0.823260   581460.0000    0.763536    1.2601e+01       4.0105    5.4285e+03    0.122185     1103.6250         0.3713      1103.6250     24751.6035       0.5320     3.2000e-14      18799.999
 0.823340   581540.0000    0.763672    4.4648e+01       4.0122    7.4462e+03    0.229993     1098.6289         0.3716      1098.6289     24751.6035       0.5315     3.2000e-14      18799.999
 0.823360   581560.0000    0.763706    1.1189e+01       4.0127    5.2681e+03    0.115133     1097.3789         0.3717      1097.3789     24751.6035       0.5313     3.2000e-14      18799.999
 0.824440   582640.0000    0.765540    1.3982e+01       4.0215    5.5638e+03    0.128706     1029.9180         0.3764      1029.9180     24751.6035       0.5244     3.2000e-14      18799.999
 0.825060   583260.0000    0.766538    9.3991e+00       4.0276    5.0342e+03    0.105525      990.7148         0.3784       990.7148     24751.6035       0.5210     3.2000e-14      18799.999
 0.826300   584500.0000    0.767518    4.9194e+00       4.0324    4.2793e+03    0.076343      903.5312         0.3715       903.5312     24751.6035       0.5265     3.2000e-14      18799.999
 0.829800   588000.0000    0.769638    3.8451e+00       4.0403    4.0197e+03    0.067494      819.1640         0.3392       819.1640     24751.6035       0.5556     3.2000e-14      18799.999
 0.833300   591500.0000    0.771214    3.8725e+00       4.0472    4.0234e+03    0.067734      978.6953         0.3435       978.6953     24751.6035       0.5487     3.2000e-14      18799.999
 0.836500   594700.0000    0.773337    9.1678e+00       4.0496    4.9893e+03    0.104219     1086.4336         0.3364      1086.4336     24751.6035       0.5527     3.2000e-14      18799.999
 0.836800   595000.0000    0.773648    1.4316e+01       4.0524    5.5754e+03    0.130232     1094.8242         0.3351      1094.8242     24751.6035       0.5536     3.2000e-14      18799.999
 0.837320   595520.0000    0.774188    1.2172e+01       4.0583    5.3499e+03    0.120087     1109.3691         0.3327      1109.3691     24751.6035       0.5553     3.2000e-14      18799.999
 0.838560   596760.0000    0.776886    1.6767e+01       4.0719    5.7862e+03    0.140942     1106.8062         0.3333      1106.8062     24751.6035       0.5515     3.2000e-14      18799.999
 0.839120   597320.0000    0.778213    1.2117e+01       4.0784    5.3307e+03    0.119814     1102.7944         0.3340      1102.7944     24751.6035       0.5491     3.2000e-14      18799.999
 0.839940   598140.0000    0.780156    8.4426e+00       4.0842    4.8668e+03    0.100012     1096.9194         0.3351      1096.9194     24751.6035       0.5457     3.2000e-14      18799.999
 0.840300   598500.0000    0.780584    7.5017e+00       4.0861    4.7240e+03    0.094274     1066.4453         0.3340      1066.4453     24751.6035       0.5463     3.2000e-14      18799.999
 0.843800   602000.0000    0.783548    5.2099e+00       4.0982    4.3061e+03    0.078565      839.0684         0.3355       839.0684     24751.6035       0.5408     3.2000e-14      18799.999
 0.847300   605500.0000    0.786420    6.1505e+00       4.1083    4.4831e+03    0.085363      924.5117         0.3415       924.5117     24751.6035       0.5310     3.2000e-14      18799.999
 0.847460   605660.0000    0.786564    3.4448e+01       4.1094    6.8957e+03    0.202019      930.9062         0.3412       930.9062     24751.6035       0.5310     3.2000e-14      18799.999
 0.847480   605680.0000    0.786582    4.6570e+01       4.1101    7.4350e+03    0.234891      931.7070         0.3412       931.7070     24751.6035       0.5310     3.2000e-14      18799.999
 0.847640   605840.0000    0.786774    2.7748e+01       4.1126    6.5302e+03    0.181313      961.1562         0.3429       961.1562     24751.6035       0.5291     3.2000e-14      18799.999
 0.847800   606000.0000    0.786973    5.8094e+01       4.1148    7.8530e+03    0.262349      993.9062         0.3448       993.9062     24751.6035       0.5269     3.2000e-14      18799.999
 0.847960   606160.0000    0.787172    1.3165e+01       4.1179    5.4162e+03    0.124889     1026.6406         0.3468      1026.6406     24751.6035       0.5246     3.2000e-14      18799.999
 0.848740   606940.0000    0.788143    9.1654e+00       4.1202    4.9460e+03    0.104205     1186.2656         0.3565      1186.2656     24751.6035       0.5138     3.2000e-14      18799.999
 0.848800   607000.0000    0.788218    1.0815e+01       4.1206    5.1547e+03    0.113193     1198.5469         0.3572      1198.5469     24751.6035       0.5129     3.2000e-14      18799.999
 0.848920   607120.0000    0.788367    9.4711e+00       4.1214    4.9860e+03    0.105928     1223.1094         0.3587      1223.1094     24751.6035       0.5113     3.2000e-14      18799.999
 0.848980   607180.0000    0.788442    8.8629e+00       4.1218    4.9038e+03    0.102471     1235.3906         0.3595      1235.3906     24751.6035       0.5104     3.2000e-14      18799.999
 0.849200   607400.0000    0.788715    8.2204e+00       4.1227    4.8118e+03    0.098687     1280.4062         0.3622      1280.4062     24751.6035       0.5074     3.2000e-14      18799.999
 0.850520   608720.0000    0.790512    8.1333e+00       4.1245    4.7980e+03    0.098163     1300.8750         0.3469      1300.8750     24751.6035       0.5204     3.2000e-14      18799.999
 0.850620   608820.0000    0.790666    1.1772e+01       4.1251    5.2622e+03    0.118096     1273.3438         0.3421      1273.3438     24751.6035       0.5251     3.2000e-14      18799.999
 0.850800   609000.0000    0.790943    1.5982e+01       4.1271    5.6788e+03    0.137603     1223.7500         0.3334      1223.7500     24751.6035       0.5335     3.2000e-14      18799.999
 0.850840   609040.0000    0.791005    1.6044e+01       4.1276    5.6840e+03    0.137869     1212.7344         0.3314      1212.7344     24751.6035       0.5353     3.2000e-14      18799.999
 0.851500   609700.0000    0.792022    1.1538e+01       4.1344    5.2301e+03    0.116919     1030.9219         0.2995      1030.9219     24751.6035       0.5660     3.2000e-14      18799.999
 0.851940   610140.0000    0.792699    8.2260e+00       4.1374    4.8041e+03    0.098720      909.7031         0.2782       909.7031     24751.6035       0.5865     3.2000e-14      18799.999
 0.854300   612500.0000    0.794093    3.0285e+00       4.1423    3.7400e+03    0.059900      705.0547         0.2595       705.0547     24751.6035       0.6033     3.2000e-14      18799.999
 0.857800   616000.0000    0.795489    4.6635e+00       4.1453    4.1646e+03    0.074331      398.8320         0.2646       398.8320     24751.6035       0.5961     3.2000e-14      18799.999
 0.857980   616180.0000    0.795895    8.2861e+00       4.1459    4.8079e+03    0.099081      404.8398         0.2647       404.8398     24751.6035       0.5955     3.2000e-14      18799.999
 0.858220   616420.0000    0.796436    1.6853e+01       4.1480    5.7402e+03    0.141302      412.8477         0.2649       412.8477     24751.6035       0.5948     3.2000e-14      18799.999
 0.858580   616780.0000    0.797247    2.4852e+01       4.1545    6.3207e+03    0.171592      424.8613         0.2651       424.8613     24751.6035       0.5936     3.2000e-14      18799.999
 0.859100   617300.0000    0.798419    1.6803e+01       4.1633    5.7254e+03    0.141093      442.2148         0.2654       442.2148     24751.6035       0.5919     3.2000e-14      18799.999
 0.859440   617640.0000    0.799186    7.9065e+00       4.1666    4.7400e+03    0.096784      453.5625         0.2656       453.5625     24751.6035       0.5908     3.2000e-14      18799.999
 0.861300   619500.0000    0.801145    7.2958e+00       4.1712    4.6432e+03    0.092971      544.9102         0.2758       544.9102     24751.6035       0.5782     3.2000e-14      18799.999
 0.864800   623000.0000    0.802064    3.6453e+00       4.1751    3.9019e+03    0.065717      630.5176         0.2925       630.5176     24751.6035       0.5601     3.2000e-14      18799.999
 0.867660   625860.0000    0.802709    8.1401e+00       4.1773    4.7686e+03    0.098204      659.5039         0.3094       659.5039     24751.6035       0.5421     3.2000e-14      18799.999
 0.867820   626020.0000    0.803003    1.2974e+01       4.1784    5.3573e+03    0.123980      666.0625         0.3101       666.0625     24751.6035       0.5411     3.2000e-14      18799.999
 0.868140   626340.0000    0.803593    1.9018e+01       4.1827    5.8917e+03    0.150106      679.1797         0.3114       679.1797     24751.6035       0.5391     3.2000e-14      18799.999
 0.868300   626500.0000    0.803888    1.7975e+01       4.1851    5.8076e+03    0.145932      685.7383         0.3121       685.7383     24751.6035       0.5381     3.2000e-14      18799.999
 0.868620   626820.0000    0.804477    1.2833e+01       4.1889    5.3359e+03    0.123305      698.8555         0.3134       698.8555     24751.6035       0.5361     3.2000e-14      18799.999
 0.869320   627520.0000    0.805766    7.6110e+00       4.1940    4.6798e+03    0.094958      727.5508         0.3163       727.5508     24751.6035       0.5317     3.2000e-14      18799.999
 0.871800   630000.0000    0.807427    2.8672e+00       4.1981    3.6645e+03    0.058283      791.8438         0.3264       791.8438     24751.6035       0.5195     3.2000e-14      18799.999
 0.872980   631180.0000    0.808364    8.1903e+00       4.1987    4.7637e+03    0.098506      791.6660         0.3287       791.6660     24751.6035       0.5160     3.2000e-14      18799.999
 0.873080   631280.0000    0.808527    1.2238e+01       4.1994    5.2664e+03    0.120413      788.6797         0.3286       788.6797     24751.6035       0.5159     3.2000e-14      18799.999
 0.873320   631520.0000    0.808916    1.6224e+01       4.2021    5.6492e+03    0.138643      781.5137         0.3284       781.5137     24751.6035       0.5157     3.2000e-14      18799.999
 0.873920   632120.0000    0.809889    1.1587e+01       4.2087    5.1891e+03    0.117164      763.5957         0.3278       763.5957     24751.6035       0.5151     3.2000e-14      18799.999
 0.874680   632880.0000    0.811121    7.5568e+00       4.2139    4.6603e+03    0.094620      740.9023         0.3270       740.9023     24751.6035       0.5145     3.2000e-14      18799.999
 0.875300   633500.0000    0.811816    5.4277e+00       4.2161    4.2892e+03    0.080190      709.1484         0.3246       709.1484     24751.6035       0.5160     3.2000e-14      18799.999
 0.878800   637000.0000    0.813376    2.7109e+00       4.2231    3.6028e+03    0.056672      537.3159         0.3070       537.3159     24751.6035       0.5316     3.2000e-14      18799.999
 0.880300   638500.0000    0.814242    7.4264e+00       4.2241    4.6345e+03    0.093800      524.9727         0.3044       524.9727     24751.6035       0.5331     3.2000e-14      18799.999
 0.880440   638640.0000    0.814528    1.1356e+01       4.2249    5.1532e+03    0.115993      523.1143         0.3044       523.1143     24751.6035       0.5328     3.2000e-14      18799.999
 0.881080   639280.0000    0.815837    1.5684e+01       4.2320    5.5818e+03    0.136315      514.6182         0.3043       514.6182     24751.6035       0.5315     3.2000e-14      18799.999
 0.881920   640120.0000    0.817555    1.1240e+01       4.2406    5.1305e+03    0.115399      503.4668         0.3041       503.4668     24751.6035       0.5297     3.2000e-14      18799.999
 0.882300   640500.0000    0.818333    9.7765e+00       4.2435    4.9529e+03    0.107623      498.4219         0.3040       498.4219     24751.6035       0.5288     3.2000e-14      18799.999
 0.883140   641340.0000    0.819399    7.2937e+00       4.2481    4.6006e+03    0.092958      520.5234         0.3062       520.5234     24751.6035       0.5254     3.2000e-14      18799.999
 0.884540   642740.0000    0.820836    7.3381e+00       4.2534    4.6047e+03    0.093241      574.6758         0.3110       574.6758     24751.6035       0.5189     3.2000e-14      18799.999
 0.884640   642840.0000    0.820938    7.5541e+00       4.2538    4.6380e+03    0.094603      578.5430         0.3113       578.5430     24751.6035       0.5185     3.2000e-14      18799.999
 0.884820   643020.0000    0.821123    7.2789e+00       4.2547    4.5947e+03    0.092864      585.5078         0.3119       585.5078     24751.6035       0.5176     3.2000e-14      18799.999
 0.885800   644000.0000    0.821589    4.1633e+00       4.2577    3.9944e+03    0.070232      615.2324         0.3163       615.2324     24751.6035       0.5126     3.2000e-14      18799.999
 0.887980   646180.0000    0.823138    7.1721e+00       4.2603    4.5748e+03    0.092180      686.0156         0.3250       686.0156     24751.6035       0.5021     3.2000e-14      18799.999
 0.888720   646920.0000    0.824606    1.2090e+01       4.2647    5.2101e+03    0.119683      720.5586         0.3260       720.5586     24751.6035       0.4994     3.2000e-14      18799.999
 0.889180   647380.0000    0.825519    1.6511e+01       4.2700    5.6287e+03    0.139862      742.0312         0.3266       742.0312     24751.6035       0.4978     3.2000e-14      18799.999
 0.889300   647500.0000    0.825757    1.6183e+01       4.2715    5.5995e+03    0.138467      747.6328         0.3268       747.6328     24751.6035       0.4973     3.2000e-14      18799.999
 0.890320   648520.0000    0.827606    1.1842e+01       4.2829    5.1720e+03    0.118445      761.3359         0.3276       761.3359     24751.6035       0.4943     3.2000e-14      18799.999
 0.890660   648860.0000    0.828094    9.3077e+00       4.2855    4.8684e+03    0.105011      741.1836         0.3276       741.1836     24751.6035       0.4939     3.2000e-14      18799.999
 0.892800   651000.0000    0.831059    7.9109e+00       4.2963    4.6686e+03    0.096811      625.1055         0.3280       625.1055     24751.6035       0.4900     3.2000e-14      18799.999
 0.893380   651580.0000    0.831684    7.0341e+00       4.2990    4.5320e+03    0.091289      611.5215         0.3296       611.5215     24751.6035       0.4877     3.2000e-14      18799.999
 0.894060   652260.0000    0.832417    1.4994e+01       4.3013    5.4747e+03    0.133282      595.5957         0.3313       595.5957     24751.6035       0.4851     3.2000e-14      18799.999
 0.894260   652460.0000    0.832633    2.1051e+01       4.3038    5.9576e+03    0.157923      590.9141         0.3319       590.9141     24751.6035       0.4843     3.2000e-14      18799.999
 0.894340   652540.0000    0.832719    1.0375e+01       4.3049    4.9910e+03    0.110866      589.0391         0.3321       589.0391     24751.6035       0.4840     3.2000e-14      18799.999
 0.894380   652580.0000    0.832762    3.4670e+00       4.3050    3.7947e+03    0.064090      588.1035         0.3322       588.1035     24751.6035       0.4838     3.2000e-14      18799.999
 0.894440   652640.0000    0.832827    7.2816e+00       4.3052    4.5681e+03    0.092881      586.6973         0.3324       586.6973     24751.6035       0.4836     3.2000e-14      18799.999
 0.896300   654500.0000    0.833845    3.7201e+00       4.3077    3.8609e+03    0.066388      559.4326         0.3351       559.4326     24751.6035       0.4796     3.2000e-14      18799.999
 0.898240   656440.0000    0.835456    7.0955e+00       4.3103    4.5360e+03    0.091686      584.2812         0.3378       584.2812     24751.6035       0.4751     3.2000e-14      18799.999
 0.898560   656760.0000    0.835986    1.1829e+01       4.3123    5.1530e+03    0.118383      600.6758         0.3384       600.6758     24751.6035       0.4738     3.2000e-14      18799.999
 0.899060   657260.0000    0.836815    1.6059e+01       4.3177    5.5588e+03    0.137935      626.2930         0.3393       626.2930     24751.6035       0.4719     3.2000e-14      18799.999
 0.899780   657980.0000    0.838008    1.1746e+01       4.3248    5.1364e+03    0.117966      663.1758         0.3407       663.1758     24751.6035       0.4692     3.2000e-14      18799.999
 0.899800   658000.0000    0.838042    1.0211e+01       4.3250    4.9597e+03    0.109991      664.2031         0.3407       664.2031     24751.6035       0.4691     3.2000e-14      18799.999
 0.900360   658560.0000    0.838589    6.9849e+00       4.3287    4.5086e+03    0.090969      666.8906         0.3385       666.8906     24751.6035       0.4707     3.2000e-14      18799.999
 0.903240   661440.0000    0.840024    1.5482e+01       4.3335    5.4981e+03    0.135435      591.9219         0.3200       591.9219     24751.6035       0.4875     3.2000e-14      18799.999
 0.903260   661460.0000    0.840028    1.6571e+01       4.3337    5.5922e+03    0.140117      591.1094         0.3199       591.1094     24751.6035       0.4875     3.2000e-14      18799.999
 0.903280   661480.0000    0.840032    1.5707e+01       4.3340    5.5177e+03    0.136416      590.2969         0.3199       590.2969     24751.6035       0.4876     3.2000e-14      18799.999
 0.903300   661500.0000    0.840036    1.3738e+01       4.3342    5.3358e+03    0.127578      589.4883         0.3198       589.4883     24751.6035       0.4877     3.2000e-14      18799.999
 0.903300   661500.0000    0.840036    1.3738e+01       4.3342    5.3358e+03    0.127578      589.4883         0.3198       589.4883     24751.6035       0.4877     3.2000e-14      18799.999
 0.906800   665000.0000    0.840492    2.7349e+00       4.3353    3.5637e+03    0.056923      608.2891         0.3301       608.2891     24751.6035       0.4767     3.2000e-14      18799.999
 0.910300   668500.0000    0.841313    2.6830e+00       4.3368    3.5461e+03    0.056380      733.7285         0.3582       733.7285     24751.6035       0.4476     3.2000e-14      18799.999
 0.910780   668980.0000    0.842104    6.8995e+00       4.3375    4.4902e+03    0.090411      718.4297         0.3566       718.4297     24751.6035       0.4482     3.2000e-14      18799.999
 0.911000   669200.0000    0.842467    1.0521e+01       4.3387    4.9890e+03    0.111646      711.4180         0.3559       711.4180     24751.6035       0.4485     3.2000e-14      18799.999
 0.911960   670160.0000    0.844050    1.4535e+01       4.3484    5.4028e+03    0.131227      680.8203         0.3529       680.8203     24751.6035       0.4497     3.2000e-14      18799.999
 0.912880   671080.0000    0.845408    1.0205e+01       4.3570    4.9407e+03    0.109956      665.2561         0.3496       665.2561     24751.6035       0.4515     3.2000e-14      18799.999
 0.913520   671720.0000    0.846194    7.5137e+00       4.3608    4.5746e+03    0.094349      668.0305         0.3468       668.0305     24751.6035       0.4533     3.2000e-14      18799.999
 0.913800   672000.0000    0.846538    6.8892e+00       4.3620    4.4759e+03    0.090344      669.2444         0.3456       669.2444     24751.6035       0.4542     3.2000e-14      18799.999
 0.915460   673660.0000    0.848433    6.5234e+00       4.3685    4.4119e+03    0.087912      662.9531         0.3373       662.9531     24751.6035       0.4603     3.2000e-14      18799.999
 0.916860   675060.0000    0.849714    6.5785e+00       4.3734    4.4187e+03    0.088283      627.9707         0.3276       627.9707     24751.6035       0.4685     3.2000e-14      18799.999
 0.917300   675500.0000    0.850116    7.3501e+00       4.3753    4.5420e+03    0.093317      616.9766         0.3245       616.9766     24751.6035       0.4711     3.2000e-14      18799.999
 0.917380   675580.0000    0.850189    7.4540e+00       4.3757    4.5578e+03    0.093974      614.9785         0.3240       614.9785     24751.6035       0.4716     3.2000e-14      18799.999
 0.917800   676000.0000    0.850495    6.5227e+00       4.3775    4.4073e+03    0.087908      627.7344         0.3241       627.7344     24751.6035       0.4711     3.2000e-14      18799.999
 0.920800   679000.0000    0.852398    3.1254e+00       4.3841    3.6641e+03    0.060850      711.0234         0.3253       711.0234     24751.6035       0.4676     3.2000e-14      18799.999
 0.921820   680020.0000    0.852995    6.5201e+00       4.3853    4.4029e+03    0.087890      669.8828         0.3183       669.8828     24751.6035       0.4740     3.2000e-14      18799.999
 0.922360   680560.0000    0.853311    9.5860e+00       4.3882    4.8467e+03    0.106569      648.1016         0.3146       648.1016     24751.6035       0.4773     3.2000e-14      18799.999
 0.924300   682500.0000    0.855809    1.0386e+01       4.4003    4.9380e+03    0.110929      829.8828         0.3358       829.8828     24751.6035       0.4533     3.2000e-14      18799.999
 0.924360   682560.0000    0.855889    1.0855e+01       4.4008    4.9925e+03    0.113403      836.1328         0.3366       836.1328     24751.6035       0.4525     3.2000e-14      18799.999
 0.924460   682660.0000    0.856023    8.2078e+00       4.4015    4.6552e+03    0.098611      846.5469         0.3378       846.5469     24751.6035       0.4511     3.2000e-14      18799.999
 0.924540   682740.0000    0.856131    6.6506e+00       4.4018    4.4165e+03    0.088765      854.8750         0.3388       854.8750     24751.6035       0.4500     3.2000e-14      18799.999
 0.926140   684340.0000    0.857548    6.2989e+00       4.4054    4.3551e+03    0.086386     1069.5938         0.3420      1069.5938     24751.6035       0.4452     3.2000e-14      18799.999
 0.926560   684760.0000    0.857842    7.0877e+00       4.4071    4.4847e+03    0.091636     1131.0469         0.3410      1131.0469     24751.6035       0.4457     3.2000e-14      18799.999
 0.927160   685360.0000    0.858263    6.3313e+00       4.4094    4.3587e+03    0.086608     1218.8438         0.3397      1218.8438     24751.6035       0.4465     3.2000e-14      18799.999
 0.927800   686000.0000    0.858648    4.5468e+00       4.4111    4.0117e+03    0.073395     1340.9219         0.3366      1340.9219     24751.6035       0.4492     3.2000e-14      18799.999
 0.928900   687100.0000    0.859183    6.6831e+00       4.4135    4.4160e+03    0.088982     1606.1562         0.3279      1606.1562     24751.6035       0.4573     3.2000e-14      18799.999
 0.928920   687120.0000    0.859193    7.1852e+00       4.4135    4.4967e+03    0.092264     1610.9688         0.3277      1610.9688     24751.6035       0.4575     3.2000e-14      18799.999
 0.931300   689500.0000    0.859942    3.0569e+00       4.4166    3.6304e+03    0.060180     2179.9219         0.3325      2179.9219     24751.6035       0.4518     3.2000e-14      18799.999
 0.934800   693000.0000    0.860452    2.8062e+00       4.4186    3.5527e+03    0.057659      585.0625         0.1305       585.0625     24751.6035       0.6531     3.2000e-14      18799.999
 0.938300   696500.0000    0.860656    2.3728e+00       4.4194    3.4065e+03    0.053020      230.8164         0.0977       230.8164     24751.6035       0.6856     3.2000e-14      18799.999
 0.941800   700000.0000    0.860729    2.5667e+00       4.4197    3.4739e+03    0.055144      222.6621         0.1002       222.6621     24751.6035       0.6829     3.2000e-14      18799.999
 0.945300   703500.0000    0.860960    2.6167e+00       4.4206    3.4904e+03    0.055678      318.3066         0.1064       318.3066     24751.6035       0.6763     3.2000e-14      18799.999
 0.948800   707000.0000    0.861294    2.4919e+00       4.4220    3.4475e+03    0.054335      285.6689         0.1060       285.6689     24751.6035       0.6757     3.2000e-14      18799.999
 0.952300   710500.0000    0.861448    2.6035e+00       4.4227    3.4852e+03    0.055539      214.7148         0.1060       214.7148     24751.6035       0.6745     3.2000e-14      18799.999
 0.955800   714000.0000    0.861751    2.5717e+00       4.4239    3.4740e+03    0.055198      231.4468         0.1058       231.4468     24751.6035       0.6726     3.2000e-14      18799.999
 0.959300   717500.0000    0.862092    2.8814e+00       4.4254    3.5736e+03    0.058427      262.9873         0.1064       262.9873     24751.6035       0.6698     3.2000e-14      18799.999
 0.962800   721000.0000    0.862467    2.9367e+00       4.4270    3.5899e+03    0.058985      351.3125         0.1136       351.3125     24751.6035       0.6603     3.2000e-14      18799.999
 0.966300   724500.0000    0.862908    2.6463e+00       4.4291    3.4969e+03    0.055992      209.5625         0.1068       209.5625     24751.6035       0.6650     3.2000e-14      18799.999
 0.969800   728000.0000    0.863157    2.3877e+00       4.4298    3.4078e+03    0.053186      229.8887         0.1068       229.8887     24751.6035       0.6632     3.2000e-14      18799.999
 0.973300   731500.0000    0.863299    2.5474e+00       4.4303    3.4633e+03    0.054937      329.9004         0.1121       329.9004     24751.6035       0.6561     3.2000e-14      18799.999
 0.976800   735000.0000    0.863555    2.4383e+00       4.4314    3.4251e+03    0.053748      250.9375         0.1100       250.9375     24751.6035       0.6557     3.2000e-14      18799.999
 0.980300   738500.0000    0.863767    2.6056e+00       4.4323    3.4821e+03    0.055561      207.2305         0.1066       207.2305     24751.6035       0.6550     3.2000e-14      18799.999
 0.983800   742000.0000    0.864045    2.9455e+00       4.4332    3.5901e+03    0.059073      283.0508         0.1084       283.0508     24751.6035       0.6475     3.2000e-14      18799.999
 0.987300   745500.0000    0.864379    2.6187e+00       4.4349    3.4854e+03    0.055700      274.8691         0.1067       274.8691     24751.6035       0.6428     3.2000e-14      18799.999
 0.990800   749000.0000    0.864652    2.4243e+00       4.4361    3.4184e+03    0.053593      278.5332         0.1132       278.5332     24751.6035       0.6300     3.2000e-14      18799.999
 0.994300   752500.0000    0.864790    2.4950e+00       4.4366    3.4429e+03    0.054369      280.6172         0.1116       280.6172     24751.6035       0.6261     3.2000e-14      18799.999
 0.997800   756000.0000    0.864996    2.3851e+00       4.4375    3.4040e+03    0.053157      267.9023         0.1063       267.9023     24751.6035       0.6264     3.2000e-14      18799.999
 1.001300   759500.0000    0.865150    2.4108e+00       4.4380    3.4129e+03    0.053443      206.8765         0.1079       206.8765     24751.6035       0.6204     3.2000e-14      18799.999
 1.004800   763000.0000    0.865414    2.4716e+00       4.4393    3.4337e+03    0.054113      263.2559         0.1097       263.2559     24751.6035       0.6143     3.2000e-14      18799.999
 1.008300   766500.0000    0.865669    2.5010e+00       4.4403    3.4435e+03    0.054434      280.5137         0.1130       280.5137     24751.6035       0.6073     3.2000e-14      18799.999
 1.011800   770000.0000    0.865883    2.4988e+00       4.4412    3.4424e+03    0.054410      223.8789         0.1123       223.8789     24751.6035       0.6045     3.2000e-14      18799.999
 1.015300   773500.0000    0.866449    2.5875e+00       4.4435    3.4716e+03    0.055368      282.8984         0.1148       282.8984     24751.6035       0.5984     3.2000e-14      18799.999
 1.018800   777000.0000    0.866834    2.5397e+00       4.4450    3.4549e+03    0.054853      266.0703         0.1146       266.0703     24751.6035       0.5955     3.2000e-14      18799.999
 1.022300   780500.0000    0.867269    2.5670e+00       4.4470    3.4634e+03    0.055148      277.8535         0.1182       277.8535     24751.6035       0.5889     3.2000e-14      18799.999
 1.025800   784000.0000    0.867676    2.4274e+00       4.4487    3.4146e+03    0.053626      341.8682         0.1211       341.8682     24751.6035       0.5833     3.2000e-14      18799.999
 1.029300   787500.0000    0.867983    2.3543e+00       4.4501    3.3881e+03    0.052814      282.3633         0.1180       282.3633     24751.6035       0.5839     3.2000e-14      18799.999
 1.032800   791000.0000    0.868165    2.3249e+00       4.4507    3.3773e+03    0.052483      314.9180         0.1188       314.9180     24751.6035       0.5808     3.2000e-14      18799.999
 1.036300   794500.0000    0.868313    2.7612e+00       4.4512    3.5254e+03    0.057196      261.2754         0.1177       261.2754     24751.6035       0.5798     3.2000e-14      18799.999
 1.039800   798000.0000    0.868560    2.7731e+00       4.4523    3.5288e+03    0.057318      360.5117         0.1189       360.5117     24751.6035       0.5764     3.2000e-14      18799.999
 1.043300   801500.0000    0.868727    2.3053e+00       4.4531    3.3692e+03    0.052261      297.8691         0.1187       297.8691     24751.6035       0.5739     3.2000e-14      18799.999
 1.046800   805000.0000    0.868938    2.4224e+00       4.4539    3.4109e+03    0.053571      322.1543         0.1195       322.1543     24751.6035       0.5689     3.2000e-14      18799.999
 1.050300   808500.0000    0.869141    2.6753e+00       4.4547    3.4963e+03    0.056298      243.4326         0.1160       243.4326     24751.6035       0.5669     3.2000e-14      18799.999
 1.053800   812000.0000    0.869541    2.3776e+00       4.4566    3.3940e+03    0.053074      250.3984         0.1152       250.3984     24751.6035       0.5603     3.2000e-14      18799.999
 1.057300   815500.0000    0.869765    2.2358e+00       4.4574    3.3419e+03    0.051467      289.7371         0.1145       289.7371     24751.6035       0.5526     3.2000e-14      18799.999
 1.060800   819000.0000    0.870097    2.7162e+00       4.4586    3.5081e+03    0.056728      266.7422         0.1152       266.7422     24751.6035       0.5413     3.2000e-14      18799.999
 1.064300   822500.0000    0.870546    2.5846e+00       4.4606    3.4640e+03    0.055336      326.1299         0.1182       326.1299     24751.6035       0.5260     3.2000e-14      18799.999
 1.067800   826000.0000    0.870942    2.4647e+00       4.4623    3.4225e+03    0.054038      253.8398         0.1105       253.8398     24751.6035       0.5177     3.2000e-14      18799.999
 1.071300   829500.0000    0.871314    2.7210e+00       4.4634    3.5077e+03    0.056777      251.1113         0.1149       251.1113     24751.6035       0.4884     3.2000e-14      18799.999
 1.074800   833000.0000    0.871586    2.4044e+00       4.4649    3.4003e+03    0.053372      342.2305         0.1213       342.2305     24751.6035       0.4483     3.2000e-14      18799.999
 1.078300   836500.0000    0.871808    2.1725e+00       4.4658    3.3148e+03    0.050733      287.2417         0.1215       287.2417     24751.6035       0.4140     3.2000e-14      18799.999
 1.081800   840000.0000    0.872140    2.5567e+00       4.4673    3.4521e+03    0.055037      338.0332         0.1242       338.0332     24751.6035       0.3877     3.2000e-14      18799.999
 1.083460   841660.0000    0.872485    3.7517e+00       4.4684    3.7989e+03    0.066669      332.5449         0.1246       332.5449     24751.6035       0.3798     3.2000e-14      18799.999
 1.083720   841920.0000    0.872553    4.1664e+00       4.4688    3.8996e+03    0.070258      327.0586         0.1245       327.0586     24751.6035       0.3789     3.2000e-14      18799.999
 1.084100   842300.0000    0.872653    3.7485e+00       4.4695    3.7976e+03    0.066641      319.0371         0.1244       319.0371     24751.6035       0.3777     3.2000e-14      18799.999
 1.085300   843500.0000    0.872952    2.6836e+00       4.4705    3.4928e+03    0.056386      305.0234         0.1243       305.0234     24751.6035       0.3736     3.2000e-14      18799.999
 1.087080   845280.0000    0.873326    3.7135e+00       4.4719    3.7877e+03    0.066330      334.5840         0.1262       334.5840     24751.6035       0.3670     3.2000e-14      18799.999
 1.087240   845440.0000    0.873359    3.7890e+00       4.4722    3.8067e+03    0.067000      337.2402         0.1263       337.2402     24751.6035       0.3664     3.2000e-14      18799.999
 1.087400   845599.9375    0.873393    3.7429e+00       4.4724    3.7950e+03    0.066591      339.8965         0.1265       339.8965     24751.6035       0.3658     3.2000e-14      18799.999
 1.088800   847000.0000    0.873598    2.4622e+00       4.4736    3.4173e+03    0.054010      290.3438         0.1251       290.3438     24751.6035       0.3644     3.2000e-14      18799.999
 1.092300   850500.0000    0.874168    3.0437e+00       4.4757    3.6024e+03    0.060050      338.8164         0.1299       338.8164     24751.6035       0.3533     3.2000e-14      18799.999
 1.095800   854000.0000    0.874476    2.4566e+00       4.4771    3.4140e+03    0.053949      330.6710         0.1302       330.6710     24751.6035       0.3484     3.2000e-14      18799.999
 1.099300   857500.0000    0.874783    2.3681e+00       4.4782    3.3824e+03    0.052968      323.0806         0.1288       323.0806     24751.6035       0.3459     3.2000e-14      18799.999
 1.102800   861000.0000    0.875185    2.5885e+00       4.4800    3.4578e+03    0.055378      334.7852         0.1273       334.7852     24751.6035       0.3440     3.2000e-14      18799.999
 1.106300   864500.0000    0.875595    2.8876e+00       4.4820    3.5528e+03    0.058489      293.2305         0.1268       293.2305     24751.6035       0.3414     3.2000e-14      18799.999
 1.109800   868000.0000    0.875843    2.2402e+00       4.4827    3.3341e+03    0.051518      356.3555         0.1296       356.3555     24751.6035       0.3361     3.2000e-14      18799.999
 1.113300   871500.0000    0.876089    2.2499e+00       4.4837    3.3373e+03    0.051629      502.5625         0.1456       502.5625     24751.6035       0.3178     3.2000e-14      18799.999
 1.115240   873440.0000    0.876288    3.4514e+00       4.4846    3.7138e+03    0.063946      936.5547         0.1788       936.5547     24751.6035       0.2833     3.2000e-14      18799.999
 1.115440   873640.0000    0.876325    3.5101e+00       4.4849    3.7293e+03    0.064487      914.3281         0.1774       914.3281     24751.6035       0.2846     3.2000e-14      18799.999
 1.115660   873859.9375    0.876366    3.4623e+00       4.4852    3.7164e+03    0.064046      889.8984         0.1758       889.8984     24751.6035       0.2860     3.2000e-14      18799.999
 1.116800   875000.0000    0.876578    2.3904e+00       4.4861    3.3873e+03    0.053217      763.2344         0.1676       763.2344     24751.6035       0.2934     3.2000e-14      18799.999
 1.120300   878500.0000    0.876993    2.1871e+00       4.4875    3.3124e+03    0.050903      499.2188         0.1513       499.2188     24751.6035       0.3076     3.2000e-14      18799.999
 1.123800   882000.0000    0.877168    2.4570e+00       4.4880    3.4100e+03    0.053953      454.5625         0.1425       454.5625     24751.6035       0.3147     3.2000e-14      18799.999
 1.127300   885500.0000    0.877564    2.2030e+00       4.4899    3.3175e+03    0.051088      316.6729         0.1258       316.6729     24751.6035       0.3295     3.2000e-14      18799.999
 1.130800   889000.0000    0.877870    2.2436e+00       4.4912    3.3322e+03    0.051557      377.2949         0.1347       377.2949     24751.6035       0.3190     3.2000e-14      18799.999
 1.134300   892500.0000    0.878038    2.2537e+00       4.4917    3.3358e+03    0.051672      365.4565         0.1422       365.4565     24751.6035       0.3101     3.2000e-14      18799.999
 1.137800   896000.0000    0.878321    2.1831e+00       4.4930    3.3089e+03    0.050857      317.1484         0.1419       317.1484     24751.6035       0.3090     3.2000e-14      18799.999
 1.141300   899500.0000    0.878513    2.2510e+00       4.4939    3.3339e+03    0.051642      376.2500         0.1523       376.2500     24751.6035       0.2973     3.2000e-14      18799.999
 1.144800   903000.0000    0.878860    2.6676e+00       4.4952    3.4780e+03    0.056217      394.6914         0.1466       394.6914     24751.6035       0.3017     3.2000e-14      18799.999
 1.148300   906500.0000    0.879029    2.0985e+00       4.4959    3.2753e+03    0.049862      448.7969         0.1555       448.7969     24751.6035       0.2917     3.2000e-14      18799.999
 1.151800   910000.0000    0.879172    2.4064e+00       4.4964    3.3891e+03    0.053395      513.4609         0.1581       513.4609     24751.6035       0.2881     3.2000e-14      18799.999
 1.155300   913500.0000    0.879438    2.5679e+00       4.4977    3.4441e+03    0.055157      363.0781         0.1517       363.0781     24751.6035       0.2934     3.2000e-14      18799.999
 1.158800   917000.0000    0.879788    2.6719e+00       4.4993    3.4778e+03    0.056263      376.6172         0.1510       376.6172     24751.6035       0.2930     3.2000e-14      18799.999
 1.162300   920500.0000    0.880060    2.5163e+00       4.5002    3.4257e+03    0.054600      594.7188         0.1566       594.7188     24751.6035       0.2865     3.2000e-14      18799.999
 1.162760   920960.0000    0.880110    3.0711e+00       4.5005    3.6006e+03    0.060320      648.1875         0.1586       648.1875     24751.6035       0.2843     3.2000e-14      18799.999
 1.163080   921280.0000    0.880159    3.1727e+00       4.5009    3.6298e+03    0.061309      680.4453         0.1600       680.4453     24751.6035       0.2827     3.2000e-14      18799.999
 1.163320   921519.9375    0.880195    3.0592e+00       4.5011    3.5968e+03    0.060202      704.6328         0.1611       704.6328     24751.6035       0.2816     3.2000e-14      18799.999
 1.165800   924000.0000    0.880519    2.1815e+00       4.5020    3.3049e+03    0.050838      710.9375         0.1571       710.9375     24751.6035       0.2848     3.2000e-14      18799.999
 1.169300   927500.0000    0.880804    2.0643e+00       4.5035    3.2591e+03    0.049454      298.0625         0.1343       298.0625     24751.6035       0.3067     3.2000e-14      18799.999
 1.172800   931000.0000    0.881093    2.3987e+00       4.5046    3.3833e+03    0.053309      339.7773         0.1347       339.7773     24751.6035       0.3053     3.2000e-14      18799.999
 1.176300   934500.0000    0.881399    2.2835e+00       4.5061    3.3414e+03    0.052013      332.9336         0.1406       332.9336     24751.6035       0.2986     3.2000e-14      18799.999
 1.179800   938000.0000    0.881658    2.4216e+00       4.5069    3.3905e+03    0.053563      399.6074         0.1399       399.6074     24751.6035       0.2985     3.2000e-14      18799.999
 1.183300   941500.0000    0.881891    2.1218e+00       4.5078    3.2800e+03    0.050138      356.1719         0.1408       356.1719     24751.6035       0.2967     3.2000e-14      18799.999
 1.192880   951080.0000    0.882571    2.4804e+00       4.5109    3.4094e+03    0.054209      891.0312         0.1815       891.0312     24751.6035       0.2540     3.2000e-14      18799.999
