Time (Myr)  Time-t0 (yr) Mstar (Msun)  Lstar (Lsun)  Rstar (Rsun)  Tstar (K)  Rdisk_in (AU)  Rdisk_out (AU)  Mdisk (Msun)  Renv_in (AU)  Renv_out (AU)  Menv (Msun)  Omega_0 (1/s)   c_s (cm/s)
 0.095600        0.0000    0.002801    0.0000e+00    1078.0000    0.0000e+00    0.000000        0.0000         0.0000         4.8711      9900.6416       0.7337     3.8000e-14      18799.999
 0.096100      499.9000    0.007359    1.9571e-03    1078.0000    3.6964e+01    0.001523        0.0000         0.0000         4.8711      9900.6416       0.7306     3.8000e-14      18799.999
 0.096600      999.9000    0.011918    2.8549e-03    1078.0000    4.0622e+01    0.001839        0.0000         0.0000         4.8711      9900.6416       0.7274     3.8000e-14      18799.999
 0.097100     1499.8000    0.016476    3.6913e-03    1078.0000    4.3317e+01    0.002091        0.0000         0.0000         4.8711      9900.6416       0.7242     3.8000e-14      18799.999
 0.097600     1999.9000    0.020890    4.4557e-03    1078.0000    4.5404e+01    0.002298        0.0000         0.0000         4.8711      9900.6416       0.7207     3.8000e-14      18799.999
 0.098100     2499.8000    0.024720    5.0717e-03    1078.0000    4.6898e+01    0.002451        0.0000         0.0000         4.8711      9900.6416       0.7161     3.8000e-14      18799.999
 0.098600     2999.8000    0.028552    5.6723e-03    1078.0000    4.8229e+01    0.002592        0.0000         0.0000         4.8711      9900.6416       0.7114     3.8000e-14      18799.999
 0.099100     3499.8000    0.032383    6.2593e-03    1078.0000    4.9431e+01    0.002723        0.0000         0.0000         4.8711      9900.6416       0.7068     3.8000e-14      18799.999
 0.099600     3999.8000    0.036214    6.8346e-03    1078.0000    5.0530e+01    0.002846        0.0000         0.0000         4.8711      9900.6416       0.7021     3.8000e-14      18799.999
 0.100100     4499.7998    0.039961    7.3840e-03    1078.0000    5.1516e+01    0.002958        0.0000         0.0000         4.8711      9900.6416       0.6978     3.8000e-14      18799.999
 0.100600     4999.7998    0.043373    7.8638e-03    1078.0000    5.2333e+01    0.003052        0.0000         0.0000         4.8711      9900.6416       0.6951     3.8000e-14      18799.999
 0.101100     5499.7998    0.046784    8.3380e-03    1078.0000    5.3105e+01    0.003143        0.0000         0.0000         4.8711      9900.6416       0.6923     3.8000e-14      18799.999
 0.101600     5999.7998    0.050195    8.8070e-03    1078.0000    5.3836e+01    0.003230        0.0000         0.0000         4.8711      9900.6416       0.6895     3.8000e-14      18799.999
 0.102100     6499.7998    0.053607    9.2714e-03    1077.9900    5.4533e+01    0.003314        0.0000         0.0000         4.8711      9900.6416       0.6868     3.8000e-14      18799.999
 0.102600     6999.7998    0.056976    9.7241e-03    1077.9800    5.5187e+01    0.003394        0.0000         0.0000         4.8711      9900.6416       0.6838     3.8000e-14      18799.999
 0.103100     7499.7998    0.060174    1.0144e-02    1077.9600    5.5774e+01    0.003467        0.0000         0.0000         4.8711      9900.6416       0.6800     3.8000e-14      18799.999
 0.103600     7999.7998    0.063373    1.0562e-02    1077.9300    5.6340e+01    0.003537        0.0000         0.0000         4.8711      9900.6416       0.6761     3.8000e-14      18799.999
 0.104100     8499.7998    0.066571    1.0978e-02    1077.8700    5.6888e+01    0.003606        0.0000         0.0000         4.8711      9900.6416       0.6722     3.8000e-14      18799.999
 0.104600     8999.7998    0.069770    1.1391e-02    1077.7700    5.7419e+01    0.003674        0.0000         0.0000         4.8711      9900.6416       0.6684     3.8000e-14      18799.999
 0.105100     9499.7998    0.072938    1.1798e-02    1077.6000    5.7930e+01    0.003739        0.0000         0.0000         4.8711      9900.6416       0.6648     3.8000e-14      18799.999
 0.105600     9999.7998    0.075982    1.2185e-02    1077.3300    5.8406e+01    0.003799        0.0000         0.0000         4.8711      9900.6416       0.6624     3.8000e-14      18799.999
 0.106100    10499.7998    0.079025    1.2572e-02    1076.9100    5.8876e+01    0.003859        0.0000         0.0000         4.8711      9900.6416       0.6599     3.8000e-14      18799.999
 0.106600    10999.7998    0.082069    1.2961e-02    1076.2700    5.9344e+01    0.003919        0.0000         0.0000         4.8711      9900.6416       0.6575     3.8000e-14      18799.999
 0.107100    11499.7998    0.085113    1.3353e-02    1075.3000    5.9815e+01    0.003977        0.0000         0.0000         4.8711      9900.6416       0.6550     3.8000e-14      18799.999
 0.107600    11999.7998    0.088136    1.3748e-02    1073.8600    6.0292e+01    0.004036        0.0000         0.0000         4.8711      9900.6416       0.6524     3.8000e-14      18799.999
 0.108100    12499.7998    0.091077    1.4139e-02    1071.7800    6.0775e+01    0.004093        0.0000         0.0000         4.8711      9900.6416       0.6488     3.8000e-14      18799.999
 0.108600    12999.7998    0.094019    1.4543e-02    1068.7900    6.1290e+01    0.004151        0.0000         0.0000         4.8711      9900.6416       0.6453     3.8000e-14      18799.999
 0.109100    13499.7998    0.096960    1.4966e-02    1064.5700    6.1854e+01    0.004211        0.0000         0.0000         4.8711      9900.6416       0.6418     3.8000e-14      18799.999
 0.109600    13999.7998    0.099901    1.5416e-02    1058.6800    6.2487e+01    0.004274        0.0000         0.0000         4.8711      9900.6416       0.6382     3.8000e-14      18799.999
 0.110100    14499.7998    0.102825    1.5902e-02    1050.5700    6.3216e+01    0.004341        0.0000         0.0000         4.8711      9900.6416       0.6349     3.8000e-14      18799.999
 0.110600    14999.7998    0.105683    1.6432e-02    1039.5100    6.4074e+01    0.004412        0.0000         0.0000         4.8711      9900.6416       0.6326     3.8000e-14      18799.999
 0.111100    15499.7998    0.108540    1.7036e-02    1024.6300    6.5123e+01    0.004493        0.0000         0.0000         4.8711      9900.6416       0.6303     3.8000e-14      18799.999
 0.111600    15999.7998    0.111397    1.7745e-02    1004.8200    6.6436e+01    0.004585        0.0000         0.0000         4.8711      9900.6416       0.6280     3.8000e-14      18799.999
 0.112100    16499.8008    0.114254    1.8601e-02     978.7670    6.8111e+01    0.004694        0.0000         0.0000         4.8711      9900.6416       0.6258     3.8000e-14      18799.999
 0.112600    16999.8008    0.117100    1.9660e-02     944.9990    7.0284e+01    0.004826        0.0000         0.0000         4.8711      9900.6416       0.6232     3.8000e-14      18799.999
 0.113100    17499.8008    0.119898    2.1004e-02     901.9870    7.3140e+01    0.004988        0.0000         0.0000         4.8711      9900.6416       0.6199     3.8000e-14      18799.999
 0.113600    17999.8008    0.122696    2.2762e-02     848.4350    7.6943e+01    0.005193        0.0000         0.0000         4.8711      9900.6416       0.6165     3.8000e-14      18799.999
 0.114100    18499.8008    0.125494    2.5109e-02     783.7770    8.2042e+01    0.005454        0.0000         0.0000         4.8711      9900.6416       0.6132     3.8000e-14      18799.999
 0.114600    18999.8008    0.128292    2.8284e-02     708.8110    8.8878e+01    0.005789        0.0000         0.0000         4.8711      9900.6416       0.6098     3.8000e-14      18799.999
 0.115100    19499.8008    0.131080    3.2600e-02     626.2210    9.7976e+01    0.006215        0.0000         0.0000         4.8711      9900.6416       0.6067     3.8000e-14      18799.999
 0.115600    19999.8008    0.133829    3.8443e-02     540.4620    1.0990e+02    0.006749        0.0000         0.0000         4.8711      9900.6416       0.6045     3.8000e-14      18799.999
 0.116100    20499.8008    0.136577    4.6283e-02     456.7600    1.2522e+02    0.007405        0.0000         0.0000         4.8711      9900.6416       0.6023     3.8000e-14      18799.999
 0.116600    20999.8008    0.139326    5.6641e-02     379.6550    1.4447e+02    0.008192        0.0000         0.0000         4.8711      9900.6416       0.6001     3.8000e-14      18799.999
 0.117100    21499.8008    0.142075    7.0106e-02     311.9460    1.6810e+02    0.009114        0.0000         0.0000         4.8711      9900.6416       0.5979     3.8000e-14      18799.999
 0.117600    21999.8008    0.144817    8.7337e-02     254.5800    1.9659e+02    0.010172        0.0000         0.0000         4.8711      9900.6416       0.5954     3.8000e-14      18799.999
 0.118100    22499.8008    0.147531    1.0909e-01     207.1400    2.3040e+02    0.011368        0.0000         0.0000         4.8711      9900.6416       0.5922     3.8000e-14      18799.999
 0.118600    22999.8008    0.150244    1.3626e-01     168.5020    2.7006e+02    0.012705        0.0000         0.0000         4.8711      9900.6416       0.5889     3.8000e-14      18799.999
 0.119100    23499.8008    0.152958    1.6988e-01     137.2950    3.1614e+02    0.014187        0.0000         0.0000         4.8711      9900.6416       0.5857     3.8000e-14      18799.999
 0.119600    23999.8008    0.155672    2.1116e-01     112.1890    3.6928e+02    0.015817        0.0000         0.0000         4.8711      9900.6416       0.5824     3.8000e-14      18799.999
 0.120100    24499.8008    0.158380    2.6146e-01      92.0083    4.3014e+02    0.017600        0.0000         0.0000         4.8711      9900.6416       0.5794     3.8000e-14      18799.999
 0.120600    24999.8008    0.161065    3.2229e-01      75.7721    4.9944e+02    0.019540        0.0000         0.0000         4.8711      9900.6416       0.5772     3.8000e-14      18799.999
 0.121100    25499.8008    0.163750    3.9587e-01      62.6833    5.7808e+02    0.021657        0.0000         0.0000         4.8711      9900.6416       0.5751     3.8000e-14      18799.999
 0.121600    25999.8008    0.166435    4.9048e-01      52.1024    6.6896e+02    0.024106        0.0000         0.0000         4.8711      9900.6416       0.5729     3.8000e-14      18799.999
 0.122100    26499.8008    0.169120    6.2786e-01      43.5214    7.7856e+02    0.027274        0.0000         0.0000         4.8711      9900.6416       0.5708     3.8000e-14      18799.999
 0.122600    26999.8008    0.171800    8.4747e-01      36.5400    9.1585e+02    0.031686        0.0000         0.0000         4.8711      9900.6416       0.5684     3.8000e-14      18799.999
 0.123100    27499.8008    0.174457    1.2109e+00      30.8407    1.0899e+03    0.037876        0.0000         0.0000         4.8711      9900.6416       0.5652     3.8000e-14      18799.999
 0.123600    27999.8008    0.177115    1.8074e+00      26.1715    1.3078e+03    0.046275        0.0000         0.0000         4.8711      9900.6416       0.5620     3.8000e-14      18799.999
 0.124100    28499.8008    0.179773    2.7598e+00      22.3339    1.5737e+03    0.057181        0.0000         0.0000         4.8711      9900.6416       0.5588     3.8000e-14      18799.999
 0.124600    28999.8008    0.182431    4.1860e+00      19.1690    1.8851e+03    0.070422        0.0000         0.0000         4.8711      9900.6416       0.5556     3.8000e-14      18799.999
 0.125100    29499.8008    0.185083    5.2448e+00      16.5505    2.1464e+03    0.078827        0.0000         0.0000         4.8711      9900.6416       0.5527     3.8000e-14      18799.999
 0.125600    29999.8008    0.187714    5.4959e+00      14.3772    2.3300e+03    0.080692        0.0000         0.0000         4.8711      9900.6416       0.5506     3.8000e-14      18799.999
 0.126100    30499.8008    0.190345    5.7842e+00      12.5678    2.5241e+03    0.082782        0.0000         0.0000         4.8711      9900.6416       0.5484     3.8000e-14      18799.999
 0.126600    30999.8008    0.192976    6.1064e+00      11.0570    2.7278e+03    0.085056        0.0000         0.0000         4.8711      9900.6416       0.5463     3.8000e-14      18799.999
 0.127100    31499.8008    0.195606    6.4670e+00       9.7918    2.9405e+03    0.087532        0.0000         0.0000         4.8711      9900.6416       0.5442     3.8000e-14      18799.999
 0.127600    31999.8008    0.198236    6.8598e+00       8.7294    3.1605e+03    0.090150        0.0000         0.0000         4.8711      9900.6416       0.5419     3.8000e-14      18799.999
 0.128100    32499.8008    0.200864    7.2796e+00       7.8347    3.3860e+03    0.092868        0.0000         0.0000         4.8711      9900.6416       0.5388     3.8000e-14      18799.999
 0.128600    32999.8008    0.203491    7.7099e+00       7.0794    3.6136e+03    0.095573        0.0000         0.0000         4.8711      9900.6416       0.5356     3.8000e-14      18799.999
 0.129100    33499.8008    0.206119    8.1701e+00       6.4400    3.8441e+03    0.098384        0.0000         0.0000         4.8711      9900.6416       0.5325     3.8000e-14      18799.999
 0.129600    33999.8008    0.208746    8.6563e+00       5.8975    4.0755e+03    0.101270        0.0000         0.0000         4.8711      9900.6416       0.5293     3.8000e-14      18799.999
 0.130100    34499.8008    0.211375    9.1606e+00       5.4360    4.3055e+03    0.104178        0.0000         0.0000         4.8711      9900.6416       0.5264     3.8000e-14      18799.999
 0.130600    34999.8008    0.214010    9.6829e+00       5.0425    4.5327e+03    0.107106        0.0000         0.0000         4.8711      9900.6416       0.5243     3.8000e-14      18799.999
 0.131100    35499.8008    0.216645    1.0218e+01       4.7062    4.7553e+03    0.110025        0.0000         0.0000         4.8711      9900.6416       0.5222     3.8000e-14      18799.999
 0.131600    35999.8008    0.219280    1.0761e+01       4.4183    4.9718e+03    0.112910        0.0000         0.0000         4.8711      9900.6416       0.5200     3.8000e-14      18799.999
 0.132100    36499.8008    0.221915    1.1312e+01       4.1711    5.1813e+03    0.115766        0.0000         0.0000         4.8711      9900.6416       0.5179     3.8000e-14      18799.999
 0.132600    36999.8008    0.224190    1.1861e+01       3.9585    5.3819e+03    0.118542        0.0000         0.0000         4.8711      9900.6416       0.5156     3.8000e-14      18799.999
 0.133100    37499.8008    0.225027    1.2399e+01       3.7753    5.5725e+03    0.121202        0.0000         0.0000         4.8711      9900.6416       0.5124     3.8000e-14      18799.999
 0.133600    37999.8008    0.225864    3.2454e+00       3.6171    4.0721e+03    0.062008        0.0000         0.0000         4.8711      9900.6416       0.5092     3.8000e-14      18799.999
 0.134100    38499.8008    0.226701    3.6151e+00       3.4802    4.2649e+03    0.065445       12.6075         0.0059        12.6075      9900.6416       0.5059     3.8000e-14      18799.999
 0.134600    38999.8008    0.227538    4.3373e+00       3.3615    4.5416e+03    0.071684       16.5474         0.0077        16.5474      9900.6416       0.5027     3.8000e-14      18799.999
 0.135100    39499.8008    0.228340    4.6093e+00       3.2585    4.6836e+03    0.073898       19.8346         0.0096        19.8346      9900.6416       0.4996     3.8000e-14      18799.999
 0.135600    39999.8008    0.228997    4.5822e+00       3.1688    4.7424e+03    0.073680       20.5114         0.0116        20.5114      9900.6416       0.4969     3.8000e-14      18799.999
 0.136100    40499.8008    0.229655    5.6386e+00       3.0907    5.0576e+03    0.081733       21.1881         0.0136        21.1881      9900.6416       0.4941     3.8000e-14      18799.999
 0.136600    40999.8008    0.230313    5.7124e+00       3.0225    5.1310e+03    0.082266       21.8648         0.0156        21.8648      9900.6416       0.4914     3.8000e-14      18799.999
 0.137100    41499.8008    0.230971    5.4864e+00       2.9628    5.1303e+03    0.080622       22.5415         0.0176        22.5415      9900.6416       0.4887     3.8000e-14      18799.999
 0.137600    41999.8008    0.231701    6.1138e+00       2.9106    5.3182e+03    0.085108       23.1809         0.0196        23.1809      9900.6416       0.4859     3.8000e-14      18799.999
 0.138100    42499.8008    0.232721    5.6908e+00       2.8648    5.2653e+03    0.082110       23.6708         0.0213        23.6708      9900.6416       0.4831     3.8000e-14      18799.999
 0.138600    42999.8008    0.233741    5.9575e+00       2.8245    5.3638e+03    0.084013       24.1608         0.0229        24.1608      9900.6416       0.4803     3.8000e-14      18799.999
 0.139100    43499.8008    0.234760    7.1478e+00       2.7891    5.6492e+03    0.092023       24.6508         0.0246        24.6508      9900.6416       0.4775     3.8000e-14      18799.999
 0.139600    43999.8008    0.235780    7.7718e+00       2.7579    5.8012e+03    0.095956       25.1407         0.0263        25.1407      9900.6416       0.4747     3.8000e-14      18799.999
 0.140100    44499.8008    0.236911    8.6878e+00       2.7303    5.9951e+03    0.101454       25.7081         0.0279        25.7081      9900.6416       0.4718     3.8000e-14      18799.999
 0.140600    44999.8008    0.238487    1.2630e+01       2.7060    6.6125e+03    0.122323       26.5852         0.0290        26.5852      9900.6416       0.4689     3.8000e-14      18799.999
 0.141100    45499.8008    0.240062    8.5048e+00       2.6844    6.0141e+03    0.100379       27.4623         0.0302        27.4623      9900.6416       0.4660     3.8000e-14      18799.999
 0.141600    45999.8008    0.241638    8.3162e+00       2.6653    6.0018e+03    0.099260       28.3394         0.0314        28.3394      9900.6416       0.4631     3.8000e-14      18799.999
 0.142100    46499.8008    0.243214    1.4928e+01       2.6484    6.9693e+03    0.132990       29.2165         0.0325        29.2165      9900.6416       0.4602     3.8000e-14      18799.999
 0.142600    46999.8008    0.244778    5.8125e+00       2.6333    5.5210e+03    0.082984       30.3179         0.0337        30.3179      9900.6416       0.4573     3.8000e-14      18799.999
 0.143100    47499.8008    0.246295    9.2887e+00       2.6199    6.2233e+03    0.104904       32.3165         0.0350        32.3165      9900.6416       0.4543     3.8000e-14      18799.999
 0.143600    47999.8008    0.247813    8.5617e+00       2.6080    6.1117e+03    0.100714       34.3152         0.0363        34.3152      9900.6416       0.4513     3.8000e-14      18799.999
 0.144100    48499.8008    0.249331    1.1781e+01       2.5974    6.6329e+03    0.118143       36.3138         0.0375        36.3138      9900.6416       0.4484     3.8000e-14      18799.999
 0.144600    48999.8008    0.250849    8.7777e+00       2.5879    6.1737e+03    0.101977       38.3124         0.0388        38.3124      9900.6416       0.4454     3.8000e-14      18799.999
 0.145100    49499.8008    0.252390    1.3456e+01       2.5794    6.8809e+03    0.126261       39.9818         0.0401        39.9818      9900.6416       0.4424     3.8000e-14      18799.999
 0.145600    49999.8008    0.254023    8.7480e+00       2.5718    6.1878e+03    0.101805       40.3345         0.0412        40.3345      9900.6416       0.4395     3.8000e-14      18799.999
 0.146100    50499.8008    0.255656    1.1426e+01       2.5650    6.6237e+03    0.116346       40.6871         0.0423        40.6871      9900.6416       0.4365     3.8000e-14      18799.999
 0.146600    50999.8008    0.257290    9.8346e+00       2.5589    6.3876e+03    0.107942       41.0397         0.0435        41.0397      9900.6416       0.4336     3.8000e-14      18799.999
 0.147100    51499.8008    0.258923    1.0021e+01       2.5534    6.4245e+03    0.108960       41.3923         0.0446        41.3923      9900.6416       0.4307     3.8000e-14      18799.999
 0.147600    51999.8008    0.260509    1.7328e+01       2.5485    7.3743e+03    0.143280       42.0470         0.0458        42.0470      9900.6416       0.4277     3.8000e-14      18799.999
 0.148100    52499.8008    0.261906    5.6751e+00       2.5441    5.5835e+03    0.081997       43.9101         0.0471        43.9101      9900.6416       0.4248     3.8000e-14      18799.999
 0.148600    52999.8008    0.263303    1.6951e+01       2.5401    7.3460e+03    0.141715       45.7732         0.0485        45.7732      9900.6416       0.4219     3.8000e-14      18799.999
 0.149100    53499.8008    0.264700    6.7598e+00       2.5365    5.8418e+03    0.089491       47.6362         0.0498        47.6362      9900.6416       0.4190     3.8000e-14      18799.999
 0.149600    53999.8008    0.266097    1.2438e+01       2.5333    6.8081e+03    0.121392       49.4992         0.0512        49.4992      9900.6416       0.4161     3.8000e-14      18799.999
 0.150100    54499.8008    0.267516    7.8611e+00       2.5303    6.0738e+03    0.096506       51.7103         0.0525        51.7103      9900.6416       0.4132     3.8000e-14      18799.999
 0.150600    54999.8008    0.269029    6.8724e+00       2.5277    5.8761e+03    0.090234       55.3141         0.0537        55.3141      9900.6416       0.4103     3.8000e-14      18799.999
 0.151100    55499.8008    0.270541    7.1669e+00       2.5253    5.9409e+03    0.092146       58.9178         0.0549        58.9178      9900.6416       0.4075     3.8000e-14      18799.999
 0.151600    55999.8008    0.272053    1.2699e+01       2.5231    6.8573e+03    0.122660       62.5216         0.0561        62.5216      9900.6416       0.4046     3.8000e-14      18799.999
 0.152100    56499.8008    0.273565    1.0585e+01       2.5212    6.5546e+03    0.111984       66.1252         0.0572        66.1252      9900.6416       0.4018     3.8000e-14      18799.999
 0.152600    56999.8008    0.274975    6.4662e+00       2.5194    5.7969e+03    0.087526       68.4086         0.0585        68.4086      9900.6416       0.3989     3.8000e-14      18799.999
 0.153100    57499.8008    0.275977    1.1248e+01       2.5177    6.6595e+03    0.115439       65.4100         0.0601        65.4100      9900.6416       0.3962     3.8000e-14      18799.999
 0.153600    57999.8008    0.276979    7.9747e+00       2.5163    6.1126e+03    0.097201       62.4113         0.0617        62.4113      9900.6416       0.3935     3.8000e-14      18799.999
 0.154100    58499.8008    0.277980    6.9730e+00       2.5149    5.9125e+03    0.090891       59.4126         0.0633        59.4126      9900.6416       0.3908     3.8000e-14      18799.999
 0.154600    58999.8008    0.278982    5.6872e+00       2.5137    5.6201e+03    0.082084       56.4140         0.0649        56.4140      9900.6416       0.3881     3.8000e-14      18799.999
 0.155100    59499.8008    0.280029    1.7554e+01       2.5126    7.4509e+03    0.144212       54.1105         0.0664        54.1105      9900.6416       0.3854     3.8000e-14      18799.999
 0.155600    59999.8008    0.281257    1.0327e+01       2.5116    6.5268e+03    0.110614       54.5877         0.0677        54.5877      9900.6416       0.3828     3.8000e-14      18799.999
 0.156100    60499.8008    0.282486    6.5450e+00       2.5107    5.8245e+03    0.088058       55.0650         0.0689        55.0650      9900.6416       0.3801     3.8000e-14      18799.999
 0.156600    60999.8008    0.283715    3.6601e+00       2.5098    5.0376e+03    0.065850       55.5422         0.0702        55.5422      9900.6416       0.3775     3.8000e-14      18799.999
 0.157100    61499.8008    0.284943    7.8623e+00       2.5091    6.0997e+03    0.096514       56.0195         0.0715        56.0195      9900.6416       0.3748     3.8000e-14      18799.999
 0.157600    61999.8008    0.286211    1.1344e+01       2.5084    6.6861e+03    0.115931       56.5699         0.0727        56.5699      9900.6416       0.3722     3.8000e-14      18799.999
 0.158100    62499.8008    0.287633    9.5964e+00       2.5077    6.4131e+03    0.106627       57.4126         0.0737        57.4126      9900.6416       0.3696     3.8000e-14      18799.999
 0.158600    62999.8008    0.289056    1.4052e+01       2.5071    7.0555e+03    0.129029       58.2553         0.0747        58.2553      9900.6416       0.3671     3.8000e-14      18799.999
 0.159100    63499.8008    0.290479    8.5493e+00       2.5066    6.2319e+03    0.100642       59.0980         0.0757        59.0980      9900.6416       0.3645     3.8000e-14      18799.999
 0.159600    63999.8008    0.291902    6.1472e+00       2.5061    5.7392e+03    0.085340       59.9407         0.0766        59.9407      9900.6416       0.3620     3.8000e-14      18799.999
 0.160100    64499.8008    0.293257    5.1189e+00       2.5056    5.4829e+03    0.077875       61.0726         0.0777        61.0726      9900.6416       0.3594     3.8000e-14      18799.999
 0.160600    64999.8008    0.294340    9.5217e+00       2.5052    6.4037e+03    0.106211       63.3610         0.0789        63.3610      9900.6416       0.3570     3.8000e-14      18799.999
 0.161100    65499.8008    0.295423    4.6036e+00       2.5048    5.3403e+03    0.073852       65.6494         0.0802        65.6494      9900.6416       0.3545     3.8000e-14      18799.999
 0.161600    65999.7969    0.296506    1.1709e+01       2.5045    6.7445e+03    0.117781       67.9378         0.0815        67.9378      9900.6416       0.3520     3.8000e-14      18799.999
 0.162100    66499.7969    0.297589    1.3970e+01       2.5042    7.0492e+03    0.128648       70.2262         0.0827        70.2262      9900.6416       0.3496     3.8000e-14      18799.999
 0.162600    66999.7969    0.298715    5.3244e+00       2.5038    5.5391e+03    0.079423       72.0987         0.0839        72.0987      9900.6416       0.3471     3.8000e-14      18799.999
 0.163100    67499.7969    0.300011    8.7051e+00       2.5036    6.2638e+03    0.101555       72.3079         0.0848        72.3079      9900.6416       0.3448     3.8000e-14      18799.999
 0.163600    67999.7969    0.301306    4.6521e+00       2.5033    5.3559e+03    0.074240       72.5171         0.0857        72.5171      9900.6416       0.3424     3.8000e-14      18799.999
 0.164100    68499.7969    0.302602    2.3737e+01       2.5031    8.0500e+03    0.167696       72.7262         0.0866        72.7262      9900.6416       0.3401     3.8000e-14      18799.999
 0.164600    68999.7969    0.303898    1.0766e+01       2.5029    6.6065e+03    0.112937       72.9354         0.0875        72.9354      9900.6416       0.3377     3.8000e-14      18799.999
 0.165100    69499.7969    0.305164    1.1065e+01       2.5027    6.6522e+03    0.114497       73.9143         0.0885        73.9143      9900.6416       0.3354     3.8000e-14      18799.999
 0.165600    69999.7969    0.306312    1.0641e+01       2.5025    6.5878e+03    0.112282       77.9727         0.0895        77.9727      9900.6416       0.3331     3.8000e-14      18799.999
 0.166100    70499.7969    0.307461    1.0292e+01       2.5023    6.5332e+03    0.110421       82.0309         0.0905        82.0309      9900.6416       0.3308     3.8000e-14      18799.999
 0.166600    70999.7969    0.308610    5.2918e+00       2.5021    5.5325e+03    0.079180       86.0894         0.0915        86.0894      9900.6416       0.3285     3.8000e-14      18799.999
 0.167100    71499.7969    0.309758    5.5537e+00       2.5020    5.5999e+03    0.081115       90.1476         0.0925        90.1476      9900.6416       0.3263     3.8000e-14      18799.999
 0.167600    71999.7969    0.310882    5.4275e+00       2.5019    5.5679e+03    0.080189       92.5408         0.0935        92.5408      9900.6416       0.3240     3.8000e-14      18799.999
 0.168100    72499.7969    0.311907    9.8943e+00       2.5017    6.4699e+03    0.108269       88.2733         0.0945        88.2733      9900.6416       0.3219     3.8000e-14      18799.999
 0.168600    72999.7969    0.312933    1.4609e+01       2.5016    7.1321e+03    0.131558       84.0059         0.0955        84.0059      9900.6416       0.3198     3.8000e-14      18799.999
 0.169100    73499.7969    0.313958    6.7734e+00       2.5015    5.8854e+03    0.089581       79.7384         0.0965        79.7384      9900.6416       0.3176     3.8000e-14      18799.999
 0.169600    73999.7969    0.314984    3.6487e+00       2.5014    5.0422e+03    0.065748       75.4709         0.0974        75.4709      9900.6416       0.3155     3.8000e-14      18799.999
 0.170100    74499.7969    0.316093    1.0957e+01       2.5013    6.6377e+03    0.113937       72.1842         0.0983        72.1842      9900.6416       0.3134     3.8000e-14      18799.999
 0.170600    74999.7969    0.317538    1.1272e+01       2.5013    6.6850e+03    0.115562       72.8209         0.0988        72.8209      9900.6416       0.3114     3.8000e-14      18799.999
 0.171100    75499.7969    0.318983    1.0454e+01       2.5012    6.5604e+03    0.111291       73.4576         0.0992        73.4576      9900.6416       0.3093     3.8000e-14      18799.999
 0.171600    75999.7969    0.320427    9.3886e+00       2.5011    6.3865e+03    0.105466       74.0942         0.0997        74.0942      9900.6416       0.3072     3.8000e-14      18799.999
 0.172100    76499.7969    0.321872    1.2634e+01       2.5010    6.8786e+03    0.122342       74.7309         0.1001        74.7309      9900.6416       0.3052     3.8000e-14      18799.999
 0.172600    76999.7969    0.323165    1.0551e+01       2.5010    6.5758e+03    0.111807       75.4188         0.1007        75.4188      9900.6416       0.3031     3.8000e-14      18799.999
 0.173100    77499.7969    0.323849    3.6077e+00       2.5009    5.0285e+03    0.065377       76.3116         0.1020        76.3116      9900.6416       0.3011     3.8000e-14      18799.999
 0.173600    77999.7969    0.324534    6.6726e+00       2.5008    5.8642e+03    0.088912       77.2044         0.1032        77.2044      9900.6416       0.2991     3.8000e-14      18799.999
 0.174100    78499.7969    0.325219    5.6154e+00       2.5008    5.6167e+03    0.081565       78.0972         0.1044        78.0972      9900.6416       0.2971     3.8000e-14      18799.999
 0.174600    78999.7969    0.325903    6.2342e+00       2.5007    5.7655e+03    0.085941       78.9901         0.1057        78.9901      9900.6416       0.2951     3.8000e-14      18799.999
 0.175100    79499.7969    0.326658    1.0076e+01       2.5007    6.5009e+03    0.109261       80.4170         0.1068        80.4170      9900.6416       0.2932     3.8000e-14      18799.999
 0.175600    79999.7969    0.327695    1.0420e+01       2.5006    6.5557e+03    0.111108       83.9802         0.1074        83.9802      9900.6416       0.2914     3.8000e-14      18799.999
 0.176100    80499.7969    0.328732    8.4167e+00       2.5006    6.2150e+03    0.099858       87.5433         0.1081        87.5433      9900.6416       0.2896     3.8000e-14      18799.999
 0.176600    80999.7969    0.329769    5.9339e+00       2.5006    5.6950e+03    0.083846       91.1064         0.1087        91.1064      9900.6416       0.2878     3.8000e-14      18799.999
 0.177100    81499.7969    0.330806    1.0917e+01       2.5005    6.6326e+03    0.113725       94.6697         0.1094        94.6697      9900.6416       0.2860     3.8000e-14      18799.999
 0.177600    81999.7969    0.331900    1.4929e+01       2.5005    7.1724e+03    0.132991       98.8987         0.1100        98.8987      9900.6416       0.2842     3.8000e-14      18799.999
 0.178100    82499.7969    0.333228    1.0923e+01       2.5005    6.6336e+03    0.113758      105.7913         0.1105       105.7913      9900.6416       0.2822     3.8000e-14      18799.999
 0.178600    82999.7969    0.334555    1.8640e+01       2.5004    7.5819e+03    0.148606      112.6833         0.1110       112.6833      9900.6416       0.2802     3.8000e-14      18799.999
 0.179100    83499.7969    0.335883    6.6306e+00       2.5004    5.8554e+03    0.088632      119.5759         0.1115       119.5759      9900.6416       0.2783     3.8000e-14      18799.999
 0.179600    83999.7969    0.337210    5.9261e+00       2.5004    5.6933e+03    0.083791      126.4680         0.1120       126.4680      9900.6416       0.2763     3.8000e-14      18799.999
 0.180100    84499.7969    0.338483    7.3241e+00       2.5004    6.0029e+03    0.093152      130.9559         0.1125       130.9559      9900.6416       0.2744     3.8000e-14      18799.999
 0.180600    84999.7969    0.339536    5.1252e+00       2.5004    5.4904e+03    0.077923      125.8248         0.1130       125.8248      9900.6416       0.2727     3.8000e-14      18799.999
 0.181100    85499.7969    0.340589    8.5212e+00       2.5003    6.2345e+03    0.100476      120.6938         0.1136       120.6938      9900.6416       0.2710     3.8000e-14      18799.999
 0.181600    85999.7969    0.341642    1.0916e+01       2.5003    6.6327e+03    0.113721      115.5627         0.1141       115.5627      9900.6416       0.2692     3.8000e-14      18799.999
 0.182100    86499.7969    0.342695    8.6368e+00       2.5003    6.2556e+03    0.101156      110.4318         0.1146       110.4318      9900.6416       0.2675     3.8000e-14      18799.999
 0.182600    86999.7969    0.343658    1.0560e+01       2.5003    6.5781e+03    0.111853      105.8640         0.1153       105.8640      9900.6416       0.2658     3.8000e-14      18799.999
 0.183100    87499.7969    0.344266    6.6804e+00       2.5003    5.8666e+03    0.088964      103.5485         0.1163       103.5485      9900.6416       0.2641     3.8000e-14      18799.999
 0.183600    87999.7969    0.344873    6.1387e+00       2.5002    5.7439e+03    0.085281      101.2331         0.1173       101.2331      9900.6416       0.2625     3.8000e-14      18799.999
 0.184100    88499.7969    0.345480    7.9147e+00       2.5002    6.1206e+03    0.096834       98.9177         0.1183        98.9177      9900.6416       0.2608     3.8000e-14      18799.999
 0.184600    88999.7969    0.346087    6.2050e+00       2.5002    5.7593e+03    0.085740       96.6022         0.1193        96.6022      9900.6416       0.2591     3.8000e-14      18799.999
 0.185100    89499.7969    0.346705    4.3231e+00       2.5002    5.2618e+03    0.071567       94.6421         0.1202        94.6421      9900.6416       0.2575     3.8000e-14      18799.999
 0.185600    89999.7969    0.347367    5.0882e+00       2.5002    5.4806e+03    0.077641       94.1038         0.1210        94.1038      9900.6416       0.2560     3.8000e-14      18799.999
 0.186100    90499.7969    0.348028    6.5132e+00       2.5002    5.8296e+03    0.087844       93.5655         0.1217        93.5655      9900.6416       0.2545     3.8000e-14      18799.999
 0.186600    90999.7969    0.348689    7.4653e+00       2.5002    6.0319e+03    0.094045       93.0272         0.1224        93.0272      9900.6416       0.2531     3.8000e-14      18799.999
 0.187100    91499.7969    0.349351    7.7817e+00       2.5002    6.0948e+03    0.096018       92.4888         0.1232        92.4888      9900.6416       0.2516     3.8000e-14      18799.999
 0.187600    91999.7969    0.350077    1.1328e+01       2.5002    6.6948e+03    0.115850       92.7534         0.1239        92.7534      9900.6416       0.2501     3.8000e-14      18799.999
 0.188100    92499.7969    0.351059    1.0390e+01       2.5002    6.5515e+03    0.110946       96.2289         0.1244        96.2289      9900.6416       0.2485     3.8000e-14      18799.999
 0.188600    92999.7969    0.352042    1.1389e+01       2.5001    6.7038e+03    0.116161       99.7045         0.1249        99.7045      9900.6416       0.2469     3.8000e-14      18799.999
 0.189100    93499.7969    0.353024    3.3675e+00       2.5001    4.9434e+03    0.063164      103.1801         0.1254       103.1801      9900.6416       0.2453     3.8000e-14      18799.999
 0.189600    93999.7969    0.354007    7.9523e+00       2.5001    6.1280e+03    0.097064      106.6556         0.1259       106.6556      9900.6416       0.2437     3.8000e-14      18799.999
 0.190100    94499.7969    0.354956    6.6017e+00       2.5001    5.8494e+03    0.088438      109.3116         0.1264       109.3116      9900.6416       0.2421     3.8000e-14      18799.999
 0.190600    94999.7969    0.355771    7.7633e+00       2.5001    6.0913e+03    0.095904      108.6898         0.1271       108.6898      9900.6416       0.2406     3.8000e-14      18799.999
 0.191100    95499.7969    0.356585    7.4944e+00       2.5001    6.0378e+03    0.094228      108.0680         0.1277       108.0680      9900.6416       0.2391     3.8000e-14      18799.999
 0.191600    95999.7969    0.357400    8.5317e+00       2.5001    6.2367e+03    0.100538      107.4462         0.1283       107.4462      9900.6416       0.2376     3.8000e-14      18799.999
 0.192100    96499.7969    0.358214    1.2454e+01       2.5001    6.8553e+03    0.121469      106.8244         0.1289       106.8244      9900.6416       0.2360     3.8000e-14      18799.999
 0.192600    96999.7969    0.359048    9.7338e+00       2.5001    6.4457e+03    0.107387      107.9983         0.1295       107.9983      9900.6416       0.2345     3.8000e-14      18799.999
 0.193100    97499.7969    0.359955    9.9204e+00       2.5001    6.4764e+03    0.108412      116.3547         0.1299       116.3547      9900.6416       0.2331     3.8000e-14      18799.999
 0.193600    97999.7969    0.360863    1.1831e+01       2.5001    6.7678e+03    0.118390      124.7107         0.1304       124.7107      9900.6416       0.2316     3.8000e-14      18799.999
 0.194100    98499.7969    0.361770    4.4684e+00       2.5001    5.3056e+03    0.072759      133.0671         0.1308       133.0671      9900.6416       0.2301     3.8000e-14      18799.999
 0.194600    98999.7969    0.362678    9.3461e+00       2.5001    6.3805e+03    0.105227      141.4231         0.1313       141.4231      9900.6416       0.2287     3.8000e-14      18799.999
 0.195100    99499.7969    0.363606    5.5963e+00       2.5001    5.6128e+03    0.081426      147.2396         0.1316       147.2396      9900.6416       0.2273     3.8000e-14      18799.999
 0.195600    99999.7969    0.364617    7.8076e+00       2.5001    6.1000e+03    0.096177      142.8976         0.1316       142.8976      9900.6416       0.2262     3.8000e-14      18799.999
 0.196100   100499.7969    0.365628    6.2853e+00       2.5001    5.7781e+03    0.086293      138.5557         0.1316       138.5557      9900.6416       0.2251     3.8000e-14      18799.999
 0.196600   100999.7969    0.366639    1.5451e+01       2.5001    7.2350e+03    0.135297      134.2136         0.1316       134.2136      9900.6416       0.2240     3.8000e-14      18799.999
 0.197100   101499.7969    0.367649    1.1984e+01       2.5001    6.7898e+03    0.119157      129.8717         0.1316       129.8717      9900.6416       0.2228     3.8000e-14      18799.999
 0.197600   101999.7969    0.368696    9.5901e+00       2.5001    6.4218e+03    0.106592      125.4150         0.1316       125.4150      9900.6416       0.2216     3.8000e-14      18799.999
 0.198100   102499.7969    0.369886    1.3490e+01       2.5000    6.9937e+03    0.126421      120.5011         0.1318       120.5011      9900.6416       0.2201     3.8000e-14      18799.999
 0.198600   102999.7969    0.371077    1.2085e+01       2.5000    6.8040e+03    0.119657      115.5872         0.1320       115.5872      9900.6416       0.2186     3.8000e-14      18799.999
 0.199100   103499.7969    0.372267    1.0072e+01       2.5000    6.5009e+03    0.109235      110.6731         0.1322       110.6731      9900.6416       0.2171     3.8000e-14      18799.999
 0.199600   103999.7969    0.373458    9.2331e+00       2.5000    6.3612e+03    0.104589      105.7592         0.1325       105.7592      9900.6416       0.2155     3.8000e-14      18799.999
 0.200100   104499.7969    0.374529    8.7573e+00       2.5000    6.2776e+03    0.101858      103.3474         0.1327       103.3474      9900.6416       0.2141     3.8000e-14      18799.999
 0.200600   104999.7969    0.375124    6.6460e+00       2.5000    5.8593e+03    0.088735      110.9441         0.1330       110.9441      9900.6416       0.2132     3.8000e-14      18799.999
 0.201100   105499.7969    0.375719    7.2119e+00       2.5000    5.9802e+03    0.092435      118.5410         0.1332       118.5410      9900.6416       0.2122     3.8000e-14      18799.999
 0.201600   105999.7969    0.376315    4.8802e+00       2.5000    5.4239e+03    0.076038      126.1377         0.1335       126.1377      9900.6416       0.2113     3.8000e-14      18799.999
 0.202100   106499.7969    0.376910    6.9008e+00       2.5000    5.9146e+03    0.090419      133.7344         0.1338       133.7344      9900.6416       0.2103     3.8000e-14      18799.999
 0.202600   106999.7969    0.377514    5.7424e+00       2.5000    5.6491e+03    0.082482      139.0615         0.1342       139.0615      9900.6416       0.2092     3.8000e-14      18799.999
 0.203100   107499.7969    0.378155    7.1724e+00       2.5000    5.9720e+03    0.092182      135.3091         0.1351       135.3091      9900.6416       0.2076     3.8000e-14      18799.999
 0.203600   107999.7969    0.378796    8.1276e+00       2.5000    6.1616e+03    0.098128      131.5566         0.1360       131.5566      9900.6416       0.2060     3.8000e-14      18799.999
 0.204100   108499.7969    0.379437    6.2746e+00       2.5000    5.7756e+03    0.086220      127.8043         0.1369       127.8043      9900.6416       0.2045     3.8000e-14      18799.999
 0.204600   108999.7969    0.380077    7.2986e+00       2.5000    5.9981e+03    0.092989      124.0519         0.1378       124.0519      9900.6416       0.2029     3.8000e-14      18799.999
 0.205100   109499.7969    0.380719    6.5146e+00       2.5000    5.8301e+03    0.087853      121.8005         0.1385       121.8005      9900.6416       0.2014     3.8000e-14      18799.999
 0.205600   109999.7969    0.381363    6.6898e+00       2.5000    5.8689e+03    0.089027      125.5529         0.1387       125.5529      9900.6416       0.2005     3.8000e-14      18799.999
 0.206100   110499.7969    0.382007    4.4523e+00       2.5000    5.3009e+03    0.072629      129.3053         0.1389       129.3053      9900.6416       0.1996     3.8000e-14      18799.999
 0.206600   110999.7969    0.382651    5.0375e+00       2.5000    5.4671e+03    0.077254      133.0576         0.1391       133.0576      9900.6416       0.1986     3.8000e-14      18799.999
 0.207100   111499.7969    0.383296    6.4885e+00       2.5000    5.8243e+03    0.087677      136.8102         0.1393       136.8102      9900.6416       0.1977     3.8000e-14      18799.999
 0.207600   111999.7969    0.383979    1.1650e+01       2.5000    6.7420e+03    0.117484      138.7905         0.1396       138.7905      9900.6416       0.1967     3.8000e-14      18799.999
 0.208100   112499.7969    0.384819    7.9071e+00       2.5000    6.1194e+03    0.096788      133.6819         0.1400       133.6819      9900.6416       0.1954     3.8000e-14      18799.999
 0.208600   112999.7969    0.385660    9.2065e+00       2.5000    6.3567e+03    0.104439      128.5735         0.1404       128.5735      9900.6416       0.1940     3.8000e-14      18799.999
 0.209100   113499.7969    0.386500    9.0021e+00       2.5000    6.3211e+03    0.103273      123.4653         0.1408       123.4653      9900.6416       0.1927     3.8000e-14      18799.999
 0.209600   113999.7969    0.387341    7.2879e+00       2.5000    5.9959e+03    0.092921      118.3567         0.1412       118.3567      9900.6416       0.1913     3.8000e-14      18799.999
 0.210100   114499.7969    0.388101    6.5050e+00       2.5000    5.8280e+03    0.087789      116.1587         0.1417       116.1587      9900.6416       0.1900     3.8000e-14      18799.999
 0.210600   114999.7969    0.388540    6.2811e+00       2.5000    5.7771e+03    0.086264      125.6013         0.1423       125.6013      9900.6416       0.1889     3.8000e-14      18799.999
 0.211100   115499.7969    0.388980    4.5535e+00       2.5000    5.3308e+03    0.073449      135.0439         0.1429       135.0439      9900.6416       0.1878     3.8000e-14      18799.999
 0.211600   115999.7969    0.389419    4.5266e+00       2.5000    5.3229e+03    0.073231      144.4866         0.1436       144.4866      9900.6416       0.1867     3.8000e-14      18799.999
 0.212100   116499.7969    0.389858    4.5764e+00       2.5000    5.3375e+03    0.073633      153.9290         0.1442       153.9290      9900.6416       0.1856     3.8000e-14      18799.999
 0.212600   116999.7969    0.390298    4.9453e+00       2.5000    5.4420e+03    0.076544      160.6163         0.1448       160.6163      9900.6416       0.1845     3.8000e-14      18799.999
 0.213100   117499.7969    0.390736    7.2311e+00       2.5000    5.9842e+03    0.092558      156.2821         0.1454       156.2821      9900.6416       0.1834     3.8000e-14      18799.999
 0.213600   117999.7969    0.391174    6.2969e+00       2.5000    5.7808e+03    0.086372      151.9479         0.1460       151.9479      9900.6416       0.1823     3.8000e-14      18799.999
 0.214100   118499.7969    0.391612    4.8035e+00       2.5000    5.4025e+03    0.075438      147.6136         0.1466       147.6136      9900.6416       0.1812     3.8000e-14      18799.999
 0.214600   118999.7969    0.392050    7.3832e+00       2.5000    6.0154e+03    0.093526      143.2794         0.1472       143.2794      9900.6416       0.1801     3.8000e-14      18799.999
 0.215100   119499.7969    0.392506    6.4813e+00       2.5000    5.8227e+03    0.087628      139.4988         0.1478       139.4988      9900.6416       0.1791     3.8000e-14      18799.999
 0.215600   119999.7969    0.393031    7.5929e+00       2.5000    6.0577e+03    0.094846      137.9328         0.1481       137.9328      9900.6416       0.1781     3.8000e-14      18799.999
 0.216100   120499.7969    0.393555    6.0644e+00       2.5000    5.7267e+03    0.084763      136.3668         0.1485       136.3668      9900.6416       0.1771     3.8000e-14      18799.999
 0.216600   120999.7969    0.394080    7.0008e+00       2.5000    5.9360e+03    0.091073      134.8008         0.1489       134.8008      9900.6416       0.1762     3.8000e-14      18799.999
 0.217100   121499.7969    0.394604    6.3946e+00       2.5000    5.8031e+03    0.087040      133.2348         0.1493       133.2348      9900.6416       0.1752     3.8000e-14      18799.999
 0.217600   121999.7969    0.395118    6.2096e+00       2.5000    5.7606e+03    0.085772      131.5447         0.1497       131.5447      9900.6416       0.1743     3.8000e-14      18799.999
 0.218100   122499.7969    0.395591    6.1477e+00       2.5000    5.7462e+03    0.085343      129.3583         0.1500       129.3583      9900.6416       0.1734     3.8000e-14      18799.999
 0.218600   122999.7969    0.396063    4.6597e+00       2.5000    5.3616e+03    0.074300      127.1719         0.1503       127.1719      9900.6416       0.1726     3.8000e-14      18799.999
 0.219100   123499.7969    0.396535    5.8290e+00       2.5000    5.6703e+03    0.083101      124.9855         0.1506       124.9855      9900.6416       0.1718     3.8000e-14      18799.999
 0.219600   123999.7969    0.397007    6.5844e+00       2.5000    5.8457e+03    0.088323      122.7991         0.1509       122.7991      9900.6416       0.1709     3.8000e-14      18799.999
 0.220100   124499.7969    0.397503    8.4648e+00       2.5000    6.2246e+03    0.100143      121.8817         0.1512       121.8817      9900.6416       0.1701     3.8000e-14      18799.999
 0.220600   124999.7969    0.398091    5.2585e+00       2.5000    5.5261e+03    0.078930      126.0400         0.1516       126.0400      9900.6416       0.1690     3.8000e-14      18799.999
 0.221100   125499.7969    0.398679    7.5858e+00       2.5000    6.0563e+03    0.094801      130.1986         0.1520       130.1986      9900.6416       0.1680     3.8000e-14      18799.999
 0.221600   125999.7969    0.399268    5.0523e+00       2.5000    5.4711e+03    0.077367      134.3569         0.1523       134.3569      9900.6416       0.1670     3.8000e-14      18799.999
 0.222100   126499.7969    0.399856    6.5849e+00       2.5000    5.8458e+03    0.088326      138.5154         0.1527       138.5154      9900.6416       0.1659     3.8000e-14      18799.999
 0.222600   126999.7969    0.400402    5.9336e+00       2.5018    5.6935e+03    0.083844      142.0927         0.1531       142.0927      9900.6416       0.1649     3.8000e-14      18799.999
 0.223100   127499.7969    0.400775    4.7357e+00       2.5032    5.3799e+03    0.074904      143.3458         0.1538       143.3458      9900.6416       0.1639     3.8000e-14      18799.999
 0.223600   127999.7969    0.401148    4.1282e+00       2.5046    5.1970e+03    0.069935      144.5991         0.1544       144.5991      9900.6416       0.1628     3.8000e-14      18799.999
 0.224100   128499.7969    0.401521    7.0384e+00       2.5061    5.9367e+03    0.091317      145.8522         0.1550       145.8522      9900.6416       0.1618     3.8000e-14      18799.999
 0.224600   128999.7969    0.401894    6.3249e+00       2.5078    5.7782e+03    0.086564      147.1055         0.1556       147.1055      9900.6416       0.1607     3.8000e-14      18799.999
 0.225100   129499.7969    0.402328    5.3092e+00       2.5093    5.5291e+03    0.079310      147.8574         0.1561       147.8574      9900.6416       0.1599     3.8000e-14      18799.999
 0.225600   129999.7969    0.403004    7.2058e+00       2.5107    5.9662e+03    0.092396      146.6041         0.1556       146.6041      9900.6416       0.1596     3.8000e-14      18799.999
 0.226100   130499.7969    0.403679    8.8198e+00       2.5135    6.2720e+03    0.102221      145.3510         0.1551       145.3510      9900.6416       0.1593     3.8000e-14      18799.999
 0.226600   130999.7969    0.404355    8.3517e+00       2.5171    6.1825e+03    0.099472      144.0978         0.1546       144.0978      9900.6416       0.1591     3.8000e-14      18799.999
 0.227100   131499.7969    0.405031    1.1196e+01       2.5196    6.6493e+03    0.115170      142.8446         0.1541       142.8446      9900.6416       0.1588     3.8000e-14      18799.999
 0.227600   131999.7969    0.405764    1.0180e+01       2.5239    6.4876e+03    0.109823      141.6020         0.1538       141.6020      9900.6416       0.1583     3.8000e-14      18799.999
 0.228100   132499.7969    0.406726    7.3473e+00       2.5269    5.9761e+03    0.093299      140.4017         0.1542       140.4017      9900.6416       0.1568     3.8000e-14      18799.999
 0.228600   132999.7969    0.407689    1.4473e+01       2.5316    7.0732e+03    0.130945      139.2015         0.1547       139.2015      9900.6416       0.1553     3.8000e-14      18799.999
 0.229100   133499.7969    0.408652    1.1334e+01       2.5374    6.6463e+03    0.115878      138.0013         0.1551       138.0013      9900.6416       0.1538     3.8000e-14      18799.999
 0.229600   133999.7969    0.409615    7.3823e+00       2.5419    5.9655e+03    0.093521      136.8011         0.1555       136.8011      9900.6416       0.1523     3.8000e-14      18799.999
 0.230100   134499.7969    0.410481    5.3344e+00       2.5435    5.4984e+03    0.079498      136.0811         0.1558       136.0811      9900.6416       0.1510     3.8000e-14      18799.999
 0.230600   134999.7969    0.410963    6.5423e+00       2.5455    5.7839e+03    0.088040      137.2812         0.1560       137.2812      9900.6416       0.1503     3.8000e-14      18799.999
 0.231100   135499.7969    0.411445    6.2610e+00       2.5475    5.7185e+03    0.086126      138.4814         0.1561       138.4814      9900.6416       0.1496     3.8000e-14      18799.999
 0.231600   135999.7969    0.411927    7.0821e+00       2.5499    5.8947e+03    0.091600      139.6816         0.1563       139.6816      9900.6416       0.1489     3.8000e-14      18799.999
 0.232100   136499.7969    0.412409    3.6949e+00       2.5520    5.0076e+03    0.066163      140.8818         0.1565       140.8818      9900.6416       0.1482     3.8000e-14      18799.999
 0.232600   136999.7969    0.412860    4.1484e+00       2.5535    5.1532e+03    0.070106      142.2658         0.1567       142.2658      9900.6416       0.1475     3.8000e-14      18799.999
 0.233100   137499.7969    0.413183    5.3245e+00       2.5549    5.4836e+03    0.079424      144.3850         0.1573       144.3850      9900.6416       0.1465     3.8000e-14      18799.999
 0.233600   137999.7969    0.413507    6.0607e+00       2.5561    5.6626e+03    0.084737      146.5043         0.1579       146.5043      9900.6416       0.1455     3.8000e-14      18799.999
 0.234100   138499.7969    0.413831    3.9998e+00       2.5578    5.1022e+03    0.068838      148.6234         0.1586       148.6234      9900.6416       0.1446     3.8000e-14      18799.999
 0.234600   138999.7969    0.414154    4.4980e+00       2.5588    5.2531e+03    0.073000      150.7426         0.1592       150.7426      9900.6416       0.1436     3.8000e-14      18799.999
 0.235100   139499.7969    0.414474    6.2621e+00       2.5605    5.7042e+03    0.086134      152.2648         0.1598       152.2648      9900.6416       0.1427     3.8000e-14      18799.999
 0.235600   139999.7969    0.414781    6.4005e+00       2.5617    5.7341e+03    0.087080      151.3988         0.1602       151.3988      9900.6416       0.1419     3.8000e-14      18799.999
 0.236100   140499.7969    0.415088    4.3795e+00       2.5630    5.2139e+03    0.072032      150.5328         0.1606       150.5328      9900.6416       0.1411     3.8000e-14      18799.999
 0.236600   140999.7969    0.415394    5.0069e+00       2.5644    5.3898e+03    0.077019      149.6668         0.1610       149.6668      9900.6416       0.1404     3.8000e-14      18799.999
 0.237100   141499.7969    0.415701    4.4606e+00       2.5654    5.2353e+03    0.072695      148.8008         0.1614       148.8008      9900.6416       0.1396     3.8000e-14      18799.999
 0.237600   141999.7969    0.416035    5.7175e+00       2.5669    5.5690e+03    0.082303      148.1940         0.1618       148.1940      9900.6416       0.1389     3.8000e-14      18799.999
 0.238100   142499.7969    0.416478    5.0837e+00       2.5687    5.4059e+03    0.077607      148.6238         0.1618       148.6238      9900.6416       0.1384     3.8000e-14      18799.999
 0.238600   142999.7969    0.416922    5.7872e+00       2.5704    5.5820e+03    0.082803      149.0536         0.1618       149.0536      9900.6416       0.1379     3.8000e-14      18799.999
 0.239100   143499.7969    0.417366    5.3736e+00       2.5721    5.4777e+03    0.079789      149.4834         0.1618       149.4834      9900.6416       0.1374     3.8000e-14      18799.999
 0.239600   143999.7969    0.417809    7.1204e+00       2.5739    5.8750e+03    0.091847      149.9132         0.1619       149.9132      9900.6416       0.1368     3.8000e-14      18799.999
 0.240100   144499.7969    0.418242    6.0315e+00       2.5761    5.6338e+03    0.084533      149.6025         0.1620       149.6025      9900.6416       0.1362     3.8000e-14      18799.999
 0.240600   144999.7969    0.418633    6.7530e+00       2.5781    5.7930e+03    0.089446      146.3306         0.1625       146.3306      9900.6416       0.1352     3.8000e-14      18799.999
 0.241100   145499.7969    0.419023    4.8318e+00       2.5802    5.3257e+03    0.075660      143.0586         0.1631       143.0586      9900.6416       0.1343     3.8000e-14      18799.999
 0.241600   145999.7969    0.419414    4.7618e+00       2.5815    5.3049e+03    0.075110      139.7865         0.1636       139.7865      9900.6416       0.1333     3.8000e-14      18799.999
 0.242100   146499.7969    0.419805    5.1763e+00       2.5826    5.4157e+03    0.078311      136.5146         0.1641       136.5146      9900.6416       0.1323     3.8000e-14      18799.999
 0.242600   146999.7969    0.420183    5.3433e+00       2.5842    5.4572e+03    0.079564      134.2148         0.1646       134.2148      9900.6416       0.1315     3.8000e-14      18799.999
 0.243100   147499.7969    0.420511    3.4557e+00       2.5857    4.8923e+03    0.063985      135.8038         0.1647       135.8038      9900.6416       0.1310     3.8000e-14      18799.999
 0.243600   147999.7969    0.420840    4.2007e+00       2.5871    5.1358e+03    0.070546      137.3928         0.1649       137.3928      9900.6416       0.1304     3.8000e-14      18799.999
 0.244100   148499.7969    0.421169    4.2782e+00       2.5883    5.1580e+03    0.071194      138.9818         0.1650       138.9818      9900.6416       0.1299     3.8000e-14      18799.999
 0.244600   148999.7969    0.421497    4.7012e+00       2.5894    5.2799e+03    0.074631      140.5708         0.1652       140.5708      9900.6416       0.1294     3.8000e-14      18799.999
 0.245100   149499.7969    0.421815    4.0738e+00       2.5907    5.0929e+03    0.069473      142.0079         0.1654       142.0079      9900.6416       0.1288     3.8000e-14      18799.999
 0.245600   149999.7969    0.422092    4.2917e+00       2.5918    5.1586e+03    0.071306      142.8373         0.1660       142.8373      9900.6416       0.1279     3.8000e-14      18799.999
 0.246100   150499.7969    0.422368    4.8557e+00       2.5930    5.3191e+03    0.075847      143.6667         0.1666       143.6667      9900.6416       0.1271     3.8000e-14      18799.999
 0.246600   150999.7969    0.422644    4.8316e+00       2.5943    5.3112e+03    0.075658      144.4961         0.1672       144.4961      9900.6416       0.1262     3.8000e-14      18799.999
 0.247100   151499.7969    0.422921    4.5194e+00       2.5956    5.2219e+03    0.073173      145.3255         0.1677       145.3255      9900.6416       0.1253     3.8000e-14      18799.999
 0.247600   151999.7969    0.423206    5.9026e+00       2.5967    5.5811e+03    0.083625      146.6088         0.1682       146.6088      9900.6416       0.1245     3.8000e-14      18799.999
 0.248100   152499.7969    0.423527    5.0376e+00       2.5984    5.3626e+03    0.077255      149.7075         0.1681       149.7075      9900.6416       0.1243     3.8000e-14      18799.999
 0.248600   152999.7969    0.423848    6.0761e+00       2.6000    5.6182e+03    0.084845      152.8064         0.1680       152.8064      9900.6416       0.1240     3.8000e-14      18799.999
 0.249100   153499.7969    0.424169    4.3038e+00       2.6011    5.1530e+03    0.071407      155.9052         0.1679       155.9052      9900.6416       0.1237     3.8000e-14      18799.999
 0.249600   153999.7969    0.424490    5.0186e+00       2.6021    5.3538e+03    0.077109      159.0039         0.1678       159.0039      9900.6416       0.1234     3.8000e-14      18799.999
 0.250100   154499.7969    0.424832    6.0835e+00       2.6036    5.6160e+03    0.084896      161.1212         0.1679       161.1212      9900.6416       0.1230     3.8000e-14      18799.999
 0.250600   154999.7969    0.425254    6.0912e+00       2.6053    5.6159e+03    0.084950      159.3121         0.1685       159.3121      9900.6416       0.1220     3.8000e-14      18799.999
 0.251100   155499.7969    0.425677    6.4852e+00       2.6074    5.7024e+03    0.087655      157.5032         0.1690       157.5032      9900.6416       0.1209     3.8000e-14      18799.999
 0.251600   155999.7969    0.426100    6.2747e+00       2.6094    5.6533e+03    0.086220      155.6942         0.1696       155.6942      9900.6416       0.1199     3.8000e-14      18799.999
 0.252100   156499.7969    0.426523    5.5676e+00       2.6109    5.4853e+03    0.081217      153.8852         0.1702       153.8852      9900.6416       0.1188     3.8000e-14      18799.999
 0.252600   156999.7969    0.426940    4.8039e+00       2.6122    5.2853e+03    0.075441      152.0964         0.1707       152.0964      9900.6416       0.1179     3.8000e-14      18799.999
 0.253100   157499.7969    0.427338    6.0017e+00       2.6136    5.5863e+03    0.084323      150.3889         0.1709       150.3889      9900.6416       0.1172     3.8000e-14      18799.999
 0.253600   157999.7969    0.427735    5.7466e+00       2.6153    5.5242e+03    0.082512      148.6813         0.1711       148.6813      9900.6416       0.1166     3.8000e-14      18799.999
 0.254100   158499.7969    0.428132    6.1114e+00       2.6170    5.6080e+03    0.085091      146.9737         0.1713       146.9737      9900.6416       0.1159     3.8000e-14      18799.999
 0.254600   158999.7969    0.428529    5.1288e+00       2.6190    5.3656e+03    0.077951      145.2661         0.1715       145.2661      9900.6416       0.1153     3.8000e-14      18799.999
 0.255100   159499.7969    0.428909    4.9843e+00       2.6205    5.3258e+03    0.076845      143.4232         0.1717       143.4232      9900.6416       0.1146     3.8000e-14      18799.999
 0.255600   159999.7969    0.429217    4.4678e+00       2.6216    5.1810e+03    0.072755      141.0396         0.1720       141.0396      9900.6416       0.1140     3.8000e-14      18799.999
 0.256100   160499.7969    0.429526    6.0303e+00       2.6227    5.5833e+03    0.084525      138.6560         0.1723       138.6560      9900.6416       0.1134     3.8000e-14      18799.999
 0.256600   160999.7969    0.429835    6.1440e+00       2.6244    5.6075e+03    0.085317      136.2725         0.1725       136.2725      9900.6416       0.1128     3.8000e-14      18799.999
 0.257100   161499.7969    0.430143    4.6876e+00       2.6258    5.2395e+03    0.074523      133.8889         0.1728       133.8889      9900.6416       0.1122     3.8000e-14      18799.999
 0.257600   161999.7969    0.430451    5.2183e+00       2.6269    5.3806e+03    0.078628      132.3765         0.1731       132.3765      9900.6416       0.1116     3.8000e-14      18799.999
 0.258100   162499.7969    0.430757    4.9640e+00       2.6283    5.3125e+03    0.076688      134.3484         0.1733       134.3484      9900.6416       0.1111     3.8000e-14      18799.999
 0.258600   162999.7969    0.431062    4.2068e+00       2.6295    5.0959e+03    0.070597      136.3204         0.1734       136.3204      9900.6416       0.1105     3.8000e-14      18799.999
 0.259100   163499.7969    0.431368    4.2439e+00       2.6301    5.1066e+03    0.070908      138.2924         0.1736       138.2924      9900.6416       0.1100     3.8000e-14      18799.999
 0.259600   163999.7969    0.431674    5.6616e+00       2.6317    5.4865e+03    0.081899      140.2645         0.1738       140.2645      9900.6416       0.1095     3.8000e-14      18799.999
 0.260100   164499.7969    0.431989    5.8565e+00       2.6333    5.5314e+03    0.083297      141.6808         0.1739       141.6808      9900.6416       0.1090     3.8000e-14      18799.999
 0.260600   164999.7969    0.432342    5.9591e+00       2.6346    5.5541e+03    0.084024      140.8748         0.1737       140.8748      9900.6416       0.1088     3.8000e-14      18799.999
 0.261100   165499.7969    0.432696    5.9923e+00       2.6362    5.5601e+03    0.084258      140.0688         0.1736       140.0688      9900.6416       0.1086     3.8000e-14      18799.999
 0.261600   165999.7969    0.433049    6.2237e+00       2.6378    5.6113e+03    0.085869      139.2628         0.1734       139.2628      9900.6416       0.1084     3.8000e-14      18799.999
 0.262100   166499.7969    0.433403    4.9614e+00       2.6391    5.3009e+03    0.076668      138.4568         0.1732       138.4568      9900.6416       0.1082     3.8000e-14      18799.999
 0.262600   166999.7969    0.433758    5.7910e+00       2.6407    5.5082e+03    0.082830      138.4856         0.1731       138.4856      9900.6416       0.1078     3.8000e-14      18799.999
 0.263100   167499.7969    0.434118    5.9049e+00       2.6426    5.5331e+03    0.083641      141.8534         0.1736       141.8534      9900.6416       0.1069     3.8000e-14      18799.999
 0.263600   167999.7969    0.434478    5.0759e+00       2.6440    5.3263e+03    0.077548      145.2212         0.1741       145.2212      9900.6416       0.1061     3.8000e-14      18799.999
 0.264100   168499.7969    0.434839    5.6574e+00       2.6457    5.4709e+03    0.081870      148.5889         0.1746       148.5889      9900.6416       0.1052     3.8000e-14      18799.999
 0.264600   168999.7969    0.435199    4.5425e+00       2.6470    5.1775e+03    0.073360      151.9569         0.1751       151.9569      9900.6416       0.1043     3.8000e-14      18799.999
 0.265100   169499.7969    0.435547    5.2520e+00       2.6480    5.3678e+03    0.078882      154.5625         0.1756       154.5625      9900.6416       0.1034     3.8000e-14      18799.999
 0.265600   169999.7969    0.435847    5.6174e+00       2.6496    5.4572e+03    0.081579      154.1199         0.1758       154.1199      9900.6416       0.1029     3.8000e-14      18799.999
 0.266100   170499.7969    0.436147    4.7086e+00       2.6509    5.2204e+03    0.074689      153.6773         0.1761       153.6773      9900.6416       0.1023     3.8000e-14      18799.999
 0.266600   170999.7969    0.436446    4.8315e+00       2.6519    5.2532e+03    0.075658      153.2347         0.1763       153.2347      9900.6416       0.1017     3.8000e-14      18799.999
 0.267100   171499.7969    0.436746    3.4928e+00       2.6530    4.8429e+03    0.064328      152.7921         0.1766       152.7921      9900.6416       0.1011     3.8000e-14      18799.999
 0.267600   171999.7969    0.437045    4.6306e+00       2.6543    5.1953e+03    0.074068      152.2648         0.1768       152.2648      9900.6416       0.1005     3.8000e-14      18799.999
 0.268100   172499.7969    0.437342    5.5781e+00       2.6556    5.4415e+03    0.081293      151.3988         0.1770       151.3988      9900.6416       0.1000     3.8000e-14      18799.999
 0.268600   172999.7969    0.437639    5.8546e+00       2.6570    5.5062e+03    0.083284      150.5328         0.1772       150.5328      9900.6416       0.0995     3.8000e-14      18799.999
 0.269100   173499.7969    0.437936    5.6064e+00       2.6587    5.4452e+03    0.081500      149.6668         0.1773       149.6668      9900.6416       0.0990     3.8000e-14      18799.999
 0.269600   173999.7969    0.438233    4.0501e+00       2.6595    5.0193e+03    0.069270      148.8008         0.1775       148.8008      9900.6416       0.0985     3.8000e-14      18799.999
 0.270100   174499.7969    0.438563    4.8718e+00       2.6606    5.2555e+03    0.075973      147.8574         0.1776       147.8574      9900.6416       0.0980     3.8000e-14      18799.999
 0.270600   174999.7969    0.439026    6.9656e+00       2.6618    5.7455e+03    0.090843      146.6042         0.1776       146.6042      9900.6416       0.0975     3.8000e-14      18799.999
 0.271100   175499.7969    0.439488    6.5584e+00       2.6637    5.6576e+03    0.088148      145.3510         0.1776       145.3510      9900.6416       0.0970     3.8000e-14      18799.999
 0.271600   175999.7969    0.439950    5.9973e+00       2.6655    5.5307e+03    0.084293      144.0978         0.1776       144.0978      9900.6416       0.0965     3.8000e-14      18799.999
 0.272100   176499.7969    0.440412    8.0293e+00       2.6673    5.9472e+03    0.097533      142.8446         0.1776       142.8446      9900.6416       0.0960     3.8000e-14      18799.999
 0.272160   176559.7969    0.440468    9.7267e+00       2.6677    6.2388e+03    0.107348      142.6942         0.1776       142.6942      9900.6416       0.0959     3.8000e-14      18799.999
 0.272340   176739.7969    0.440634    9.8316e+00       2.6688    6.2542e+03    0.107926      142.2430         0.1776       142.2430      9900.6416       0.0958     3.8000e-14      18799.999
 0.272360   176759.7969    0.440653    9.9878e+00       2.6690    6.2787e+03    0.108780      142.1929         0.1776       142.1929      9900.6416       0.0957     3.8000e-14      18799.999
 0.272380   176779.7969    0.440671    9.7177e+00       2.6691    6.2357e+03    0.107299      142.1428         0.1776       142.1428      9900.6416       0.0957     3.8000e-14      18799.999
 0.272500   176899.8125    0.440782    9.7507e+00       2.6699    6.2400e+03    0.107481      141.8420         0.1776       141.8420      9900.6416       0.0956     3.8000e-14      18799.999
 0.272520   176919.8125    0.440802    9.8287e+00       2.6701    6.2522e+03    0.107910      141.9993         0.1776       141.9993      9900.6416       0.0956     3.8000e-14      18799.999
 0.272600   176999.7969    0.440884    7.6197e+00       2.6706    5.8662e+03    0.095013      142.6277         0.1775       142.6277      9900.6416       0.0956     3.8000e-14      18799.999
 0.273100   177499.7969    0.441392    8.5332e+00       2.6736    6.0312e+03    0.100547      146.5557         0.1771       146.5557      9900.6416       0.0954     3.8000e-14      18799.999
 0.273600   177999.7969    0.441900    5.6490e+00       2.6757    5.4381e+03    0.081809      150.4841         0.1767       150.4841      9900.6416       0.0952     3.8000e-14      18799.999
 0.274100   178499.7969    0.442408    5.6393e+00       2.6773    5.4342e+03    0.081738      154.4124         0.1763       154.4124      9900.6416       0.0950     3.8000e-14      18799.999
 0.274600   178999.7969    0.442916    6.2863e+00       2.6791    5.5818e+03    0.086300      158.3403         0.1760       158.3403      9900.6416       0.0949     3.8000e-14      18799.999
 0.275100   179499.7969    0.443384    5.4666e+00       2.6808    5.3885e+03    0.080477      161.1212         0.1756       161.1212      9900.6416       0.0947     3.8000e-14      18799.999
 0.275600   179999.7969    0.443688    5.9785e+00       2.6822    5.5090e+03    0.084161      159.3122         0.1756       159.3122      9900.6416       0.0943     3.8000e-14      18799.999
 0.276100   180499.7969    0.443993    5.8147e+00       2.6833    5.4698e+03    0.083000      157.5031         0.1756       157.5031      9900.6416       0.0940     3.8000e-14      18799.999
 0.276600   180999.7969    0.444297    5.3044e+00       2.6848    5.3442e+03    0.079274      155.6942         0.1756       155.6942      9900.6416       0.0937     3.8000e-14      18799.999
 0.277100   181499.7969    0.444601    4.6721e+00       2.6858    5.1763e+03    0.074400      153.8852         0.1755       153.8852      9900.6416       0.0934     3.8000e-14      18799.999
 0.277600   181999.7969    0.444926    5.7307e+00       2.6871    5.4461e+03    0.082398      153.1829         0.1756       153.1829      9900.6416       0.0930     3.8000e-14      18799.999
 0.278100   182499.7969    0.445332    5.5872e+00       2.6885    5.4103e+03    0.081360      156.9084         0.1762       156.9084      9900.6416       0.0920     3.8000e-14      18799.999
 0.278600   182999.7969    0.445739    5.6044e+00       2.6901    5.4128e+03    0.081485      160.6335         0.1767       160.6335      9900.6416       0.0909     3.8000e-14      18799.999
 0.279100   183499.7969    0.446145    6.7461e+00       2.6918    5.6679e+03    0.089400      164.3586         0.1773       164.3586      9900.6416       0.0899     3.8000e-14      18799.999
 0.279600   183999.7969    0.446551    6.4638e+00       2.6937    5.6056e+03    0.087510      168.0837         0.1778       168.0837      9900.6416       0.0889     3.8000e-14      18799.999
 0.280100   184499.7969    0.446972    6.6530e+00       2.6958    5.6440e+03    0.088781      170.7745         0.1782       170.7745      9900.6416       0.0881     3.8000e-14      18799.999
 0.280600   184999.7969    0.447454    6.3751e+00       2.6978    5.5820e+03    0.086908      169.3270         0.1779       169.3270      9900.6416       0.0879     3.8000e-14      18799.999
 0.281100   185499.7969    0.447936    6.8491e+00       2.6998    5.6809e+03    0.090080      167.8796         0.1776       167.8796      9900.6416       0.0877     3.8000e-14      18799.999
 0.281600   185999.7969    0.448418    6.5017e+00       2.7020    5.6052e+03    0.087766      166.4323         0.1772       166.4323      9900.6416       0.0874     3.8000e-14      18799.999
 0.282100   186499.7969    0.448900    6.2876e+00       2.7039    5.5565e+03    0.086309      164.9849         0.1769       164.9849      9900.6416       0.0872     3.8000e-14      18799.999
 0.282600   186999.7969    0.449374    6.1189e+00       2.7057    5.5170e+03    0.085143      163.9221         0.1767       163.9221      9900.6416       0.0870     3.8000e-14      18799.999
 0.283100   187499.7969    0.449813    6.4421e+00       2.7075    5.5866e+03    0.087363      164.3975         0.1767       164.3975      9900.6416       0.0864     3.8000e-14      18799.999
 0.283600   187999.7969    0.450252    5.7340e+00       2.7092    5.4246e+03    0.082422      164.8729         0.1767       164.8729      9900.6416       0.0859     3.8000e-14      18799.999
 0.284100   188499.7969    0.450691    7.1407e+00       2.7111    5.7285e+03    0.091978      165.3483         0.1768       165.3483      9900.6416       0.0854     3.8000e-14      18799.999
 0.284600   188999.7969    0.451130    4.7444e+00       2.7131    5.1700e+03    0.074972      165.8237         0.1768       165.8237      9900.6416       0.0849     3.8000e-14      18799.999
 0.285100   189499.7969    0.451548    6.7402e+00       2.7150    5.6423e+03    0.089361      166.0151         0.1768       166.0151      9900.6416       0.0844     3.8000e-14      18799.999
 0.285600   189999.7969    0.451881    7.1838e+00       2.7164    5.7315e+03    0.092255      165.0709         0.1771       165.0709      9900.6416       0.0838     3.8000e-14      18799.999
 0.286100   190499.7969    0.452214    6.4611e+00       2.7182    5.5798e+03    0.087491      164.1267         0.1773       164.1267      9900.6416       0.0832     3.8000e-14      18799.999
 0.286600   190999.7969    0.452547    5.4043e+00       2.7195    5.3348e+03    0.080017      163.1826         0.1775       163.1826      9900.6416       0.0826     3.8000e-14      18799.999
 0.287100   191499.7969    0.452880    5.5345e+00       2.7205    5.3657e+03    0.080976      162.2383         0.1777       162.2383      9900.6416       0.0820     3.8000e-14      18799.999
 0.287600   191999.7969    0.453205    5.0324e+00       2.7219    5.2383e+03    0.077215      162.7024         0.1778       162.7024      9900.6416       0.0815     3.8000e-14      18799.999
 0.288100   192499.7969    0.453497    5.7268e+00       2.7233    5.4089e+03    0.082370      168.7988         0.1776       168.7988      9900.6416       0.0814     3.8000e-14      18799.999
 0.288600   192999.7969    0.453788    4.7730e+00       2.7244    5.1670e+03    0.075198      174.8950         0.1774       174.8950      9900.6416       0.0814     3.8000e-14      18799.999
 0.289100   193499.7969    0.454079    4.6957e+00       2.7252    5.1452e+03    0.074587      180.9915         0.1771       180.9915      9900.6416       0.0813     3.8000e-14      18799.999
 0.289600   193999.7969    0.454371    5.4473e+00       2.7266    5.3384e+03    0.080335      187.0881         0.1769       187.0881      9900.6416       0.0812     3.8000e-14      18799.999
 0.290100   194499.7969    0.454662    5.2157e+00       2.7278    5.2796e+03    0.078608      191.2283         0.1767       191.2283      9900.6416       0.0810     3.8000e-14      18799.999
 0.290600   194999.7969    0.454952    5.2786e+00       2.7290    5.2942e+03    0.079081      187.5447         0.1770       187.5447      9900.6416       0.0804     3.8000e-14      18799.999
 0.291100   195499.7969    0.455243    5.2382e+00       2.7306    5.2826e+03    0.078778      183.8611         0.1773       183.8611      9900.6416       0.0798     3.8000e-14      18799.999
 0.291600   195999.7969    0.455533    4.8755e+00       2.7314    5.1879e+03    0.076002      180.1775         0.1776       180.1775      9900.6416       0.0791     3.8000e-14      18799.999
 0.292100   196499.7969    0.455824    4.8895e+00       2.7326    5.1904e+03    0.076111      176.4937         0.1779       176.4937      9900.6416       0.0785     3.8000e-14      18799.999
 0.292600   196999.7969    0.456097    4.6513e+00       2.7338    5.1249e+03    0.074233      173.5470         0.1782       173.5470      9900.6416       0.0780     3.8000e-14      18799.999
 0.293100   197499.7969    0.456304    4.5404e+00       2.7346    5.0933e+03    0.073343      173.5470         0.1783       173.5470      9900.6416       0.0776     3.8000e-14      18799.999
 0.293600   197999.7969    0.456511    4.6514e+00       2.7354    5.1234e+03    0.074234      173.5470         0.1784       173.5470      9900.6416       0.0773     3.8000e-14      18799.999
 0.294100   198499.7969    0.456717    4.3372e+00       2.7362    5.0339e+03    0.071683      173.5470         0.1785       173.5470      9900.6416       0.0769     3.8000e-14      18799.999
 0.294600   198999.7969    0.456924    4.3521e+00       2.7371    5.0374e+03    0.071806      173.5470         0.1787       173.5470      9900.6416       0.0766     3.8000e-14      18799.999
 0.295100   199499.7969    0.457151    4.5399e+00       2.7380    5.0900e+03    0.073339      173.6478         0.1787       173.6478      9900.6416       0.0763     3.8000e-14      18799.999
 0.296280   200679.7969    0.457884    5.1664e+00       2.7405    5.2549e+03    0.078236      174.8367         0.1776       174.8367      9900.6416       0.0765     3.8000e-14      18799.999
