Time (Myr)  Time-t0 (yr) Mstar (Msun)  Lstar (Lsun)  Rstar (Rsun)  Tstar (K)  Rdisk_in (AU)  Rdisk_out (AU)  Mdisk (Msun)  Renv_in (AU)  Renv_out (AU)  Menv (Msun)  Omega_0 (1/s)   c_s (cm/s)
 0.291980        0.0000    0.006712    0.0000e+00    1616.3800    0.0000e+00    0.000000        0.0000         0.0000         4.8721     16501.0684       1.2198     1.2000e-14      18799.999
 0.293980     2000.0000    0.036928    9.1090e-03    1616.3800    4.4338e+01    0.003285        0.0000         0.0000         4.8721     16501.0684       1.1920     1.2000e-14      18799.999
 0.294800     2820.0132    0.050554    2.9140e-02    1616.3800    5.9297e+01    0.005876        0.0000         0.0000         4.8721     16501.0684       1.1766     1.2000e-14      18799.999
 0.294980     2999.9895    0.053545    3.9428e-02    1616.3800    6.3952e+01    0.006835        0.0000         0.0000         4.8721     16501.0684       1.1733     1.2000e-14      18799.999
 0.295140     3159.9983    0.056779    5.1918e-02    1616.3800    6.8507e+01    0.007843        0.0000         0.0000         4.8721     16501.0684       1.1651     1.2000e-14      18799.999
 0.295300     3320.0068    0.060095    6.5053e-02    1616.3800    7.2481e+01    0.008779        0.0000         0.0000         4.8721     16501.0684       1.1562     1.2000e-14      18799.999
 0.295980     4000.0000    0.074188    2.1276e-07    1616.3800    3.0823e+00    0.000016        0.0000         0.0000         4.8721     16501.0684       1.1184     1.2000e-14      18799.999
 0.296560     4579.9893    0.086208    3.6570e-02    1616.3800    6.2761e+01    0.006582       76.4775         0.0518        76.4775     16501.0684       1.0861     1.2000e-14      18799.999
 0.296700     4720.0010    0.089110    5.4784e-02    1616.3800    6.9433e+01    0.008056       83.3408         0.0564        83.3408     16501.0684       1.0784     1.2000e-14      18799.999
 0.296920     4940.0015    0.093669    9.2958e-02    1616.3800    7.9246e+01    0.010494       94.1260         0.0637        94.1260     16501.0684       1.0661     1.2000e-14      18799.999
 0.296940     4959.9990    0.094084    1.4568e-01    1616.3800    8.8666e+01    0.013137       95.1064         0.0644        95.1064     16501.0684       1.0650     1.2000e-14      18799.999
 0.296960     4979.9961    0.094498    8.8931e-02    1610.6700    7.8512e+01    0.010265       96.0869         0.0651        96.0869     16501.0684       1.0639     1.2000e-14      18799.999
 0.297120     5140.0049    0.097815    5.2277e-02    1352.4500    7.5023e+01    0.007870      103.9307         0.0704       103.9307     16501.0684       1.0550     1.2000e-14      18799.999
 0.297140     5160.0024    0.098229    7.7580e-02    1320.2200    8.3809e+01    0.009587      104.9111         0.0710       104.9111     16501.0684       1.0539     1.2000e-14      18799.999
 0.297160     5179.9995    0.098643    7.0980e-02    1287.9500    8.2987e+01    0.009170      105.8916         0.0717       105.8916     16501.0684       1.0528     1.2000e-14      18799.999
 0.297660     5679.9932    0.107847    2.0840e-01     481.0230    1.7775e+02    0.015713      129.2861         0.0852       129.2861     16501.0684       1.0293     1.2000e-14      18799.999
 0.297960     5980.0132    0.111893    6.0971e+01       2.5000    1.0197e+04    0.268766      141.9014         0.0894       141.9014     16501.0684       1.0206     1.2000e-14      18799.999
 0.297980     6000.0000    0.112162    6.5242e+01       2.5000    1.0371e+04    0.278021      142.7432         0.0897       142.7432     16501.0684       1.0200     1.2000e-14      18799.999
 0.298000     6020.0078    0.112432    8.1284e+01       2.5000    1.0957e+04    0.310323      143.5840         0.0900       143.5840     16501.0684       1.0194     1.2000e-14      18799.999
 0.298380     6399.9873    0.117556    3.9662e+01       2.5000    9.1580e+03    0.216771      159.5605         0.0953       159.5605     16501.0684       1.0084     1.2000e-14      18799.999
 0.298400     6420.0146    0.117826    6.2810e+01       2.5000    1.0273e+04    0.272790      160.4033         0.0956       160.4033     16501.0684       1.0078     1.2000e-14      18799.999
 0.298420     6440.0122    0.118095    1.1069e+02       2.5000    1.1837e+04    0.362132      161.2441         0.0959       161.2441     16501.0684       1.0073     1.2000e-14      18799.999
 0.299540     7560.0132    0.133197    4.2848e+01       2.5000    9.3366e+03    0.225309      208.3379         0.1117       208.3379     16501.0684       0.9748     1.2000e-14      18799.999
 0.299980     8000.0000    0.139131    3.0307e+01       2.5000    8.5624e+03    0.189490      226.8389         0.1178       226.8389     16501.0684       0.9621     1.2000e-14      18799.999
 0.300460     8480.0107    0.145965    4.5307e+01       2.5000    9.4678e+03    0.231684      224.0496         0.1185       224.0496     16501.0684       0.9539     1.2000e-14      18799.999
 0.300520     8540.0029    0.146821    2.8324e+01       2.5000    8.4187e+03    0.183186      223.5762         0.1185       223.5762     16501.0684       0.9529     1.2000e-14      18799.999
 0.300600     8619.9922    0.147963    5.8474e+01       2.5000    1.0091e+04    0.263205      222.9448         0.1186       222.9448     16501.0684       0.9515     1.2000e-14      18799.999
 0.300680     8700.0117    0.149105    7.3936e+01       2.5000    1.0701e+04    0.295965      222.3132         0.1186       222.3132     16501.0684       0.9502     1.2000e-14      18799.999
 0.300740     8760.0039    0.149961    1.2424e+02       2.5000    1.2184e+04    0.383659      221.8398         0.1187       221.8398     16501.0684       0.9492     1.2000e-14      18799.999
 0.300760     8780.0010    0.150247    1.8799e+02       2.5000    1.3513e+04    0.471934      221.6821         0.1187       221.6821     16501.0684       0.9489     1.2000e-14      18799.999
 0.300780     8799.9980    0.150532    6.7848e+01       2.5000    1.0473e+04    0.283517      221.5242         0.1187       221.5242     16501.0684       0.9485     1.2000e-14      18799.999
 0.301920     9939.9971    0.166802    4.8510e+01       2.5000    9.6309e+03    0.239734      212.5273         0.1195       212.5273     16501.0684       0.9295     1.2000e-14      18799.999
 0.301940     9959.9941    0.167088    5.2800e+01       2.5000    9.8370e+03    0.250108      212.3696         0.1195       212.3696     16501.0684       0.9292     1.2000e-14      18799.999
 0.301980    10000.0000    0.167658    2.0248e+01       2.5000    7.7411e+03    0.154882      212.0540         0.1195       212.0540     16501.0684       0.9285     1.2000e-14      18799.999
 0.303980    12000.0000    0.187044    2.3346e+01       2.5000    8.0216e+03    0.166310      219.6301         0.1328       219.6301     16501.0684       0.8937     1.2000e-14      18799.999
 0.304200    12219.9941    0.188823    7.1338e+01       2.5000    1.0606e+04    0.290719      221.3662         0.1347       221.3662     16501.0684       0.8898     1.2000e-14      18799.999
 0.304220    12239.9912    0.188985    9.4751e+01       2.5000    1.1386e+04    0.335047      221.5242         0.1348       221.5242     16501.0684       0.8895     1.2000e-14      18799.999
 0.304500    12520.0137    0.191248    5.1574e+01       2.5000    9.7795e+03    0.247189      223.7341         0.1373       223.7341     16501.0684       0.8845     1.2000e-14      18799.999
 0.304660    12679.9922    0.192542    6.9772e+01       2.5000    1.0547e+04    0.287510      224.9966         0.1387       224.9966     16501.0684       0.8817     1.2000e-14      18799.999
 0.304680    12699.9902    0.192703    9.3490e+01       2.5000    1.1347e+04    0.332809      225.1545         0.1388       225.1545     16501.0684       0.8813     1.2000e-14      18799.999
 0.305980    14000.0000    0.200209    1.7310e+01       2.5000    7.4436e+03    0.143207      229.0402         0.1487       229.0402     16501.0684       0.8632     1.2000e-14      18799.999
 0.307980    16000.0000    0.213588    1.0320e+01       2.5000    6.5407e+03    0.110572      252.4980         0.1595       252.4980     16501.0684       0.8375     1.2000e-14      18799.999
 0.308840    16860.0078    0.223888    5.9657e+01       2.5000    1.0142e+04    0.265854      290.7480         0.1594       290.7480     16501.0684       0.8262     1.2000e-14      18799.999
 0.308860    16880.0039    0.224128    6.2465e+01       2.5000    1.0259e+04    0.272040      291.6377         0.1594       291.6377     16501.0684       0.8259     1.2000e-14      18799.999
 0.309000    17019.9844    0.225804    6.1073e+01       2.5000    1.0202e+04    0.268992      297.8633         0.1593       297.8633     16501.0684       0.8241     1.2000e-14      18799.999
 0.309420    17439.9902    0.230834    8.9477e+01       2.5000    1.1224e+04    0.325589      316.5430         0.1593       316.5430     16501.0684       0.8185     1.2000e-14      18799.999
 0.309440    17459.9863    0.231073    1.8667e+02       2.5000    1.3489e+04    0.470271      317.4326         0.1593       317.4326     16501.0684       0.8183     1.2000e-14      18799.999
 0.309460    17480.0137    0.231313    9.9258e+01       2.5000    1.1519e+04    0.342923      318.3232         0.1593       318.3232     16501.0684       0.8180     1.2000e-14      18799.999
 0.309480    17500.0117    0.231553    6.0254e+01       2.5000    1.0167e+04    0.267180      319.2129         0.1593       319.2129     16501.0684       0.8178     1.2000e-14      18799.999
 0.309980    18000.0000    0.237541    8.2764e+00       2.5000    6.1897e+03    0.099023      341.4502         0.1592       341.4502     16501.0684       0.8112     1.2000e-14      18799.999
 0.311980    20000.0000    0.241542    4.2072e+00       2.5000    5.2264e+03    0.070601      381.8291         0.1789       381.8291     16501.0684       0.7874     1.2000e-14      18799.999
 0.313980    22000.0000    0.249439    9.3092e+00       2.5000    6.3743e+03    0.105019      336.9248         0.1902       336.9248     16501.0684       0.7671     1.2000e-14      18799.999
 0.314280    22300.0039    0.250839    1.2949e+02       2.5000    1.2310e+04    0.391676      325.7207         0.1914       325.7207     16501.0684       0.7643     1.2000e-14      18799.999
 0.314540    22559.9980    0.252053    8.9163e+01       2.5000    1.1214e+04    0.325017      316.0098         0.1925       316.0098     16501.0684       0.7618     1.2000e-14      18799.999
 0.315020    23039.9941    0.254336    8.8016e+01       2.5000    1.1178e+04    0.322920      299.7227         0.1944       299.7227     16501.0684       0.7573     1.2000e-14      18799.999
 0.315040    23059.9922    0.254471    1.0930e+02       2.5000    1.1800e+04    0.359859      300.6152         0.1945       300.6152     16501.0684       0.7571     1.2000e-14      18799.999
 0.315060    23079.9902    0.254607    8.4044e+01       2.5000    1.1049e+04    0.315549      301.5078         0.1945       301.5078     16501.0684       0.7569     1.2000e-14      18799.999
 0.315980    24000.0000    0.260844    1.1403e+01       2.5000    6.7059e+03    0.116230      342.5576         0.1963       342.5576     16501.0684       0.7482     1.2000e-14      18799.999
 0.316920    24940.0117    0.267218    1.6259e+02       2.5000    1.3031e+04    0.438899      384.5020         0.1981       384.5020     16501.0684       0.7393     1.2000e-14      18799.999
 0.316940    24960.0098    0.267353    7.0391e+01       2.5000    1.0570e+04    0.288782      385.3936         0.1982       385.3936     16501.0684       0.7391     1.2000e-14      18799.999
 0.317980    26000.0000    0.277288    9.9032e+00       2.5000    6.4737e+03    0.108318      443.1172         0.1980       443.1172     16501.0684       0.7282     1.2000e-14      18799.999
 0.318420    26439.9922    0.282915    6.7824e+01       2.5000    1.0473e+04    0.283469      473.1250         0.1968       473.1250     16501.0684       0.7231     1.2000e-14      18799.999
 0.318560    26580.0039    0.284706    1.1415e+02       2.5000    1.1928e+04    0.367742      482.6738         0.1965       482.6738     16501.0684       0.7215     1.2000e-14      18799.999
 0.318660    26679.9902    0.285984    6.9636e+01       2.5000    1.0542e+04    0.287230      489.4922         0.1962       489.4922     16501.0684       0.7203     1.2000e-14      18799.999
 0.318800    26820.0020    0.287775    8.4376e+01       2.5000    1.1060e+04    0.316171      499.0410         0.1959       499.0410     16501.0684       0.7187     1.2000e-14      18799.999
 0.318980    27000.0078    0.290076    1.4226e+02       2.5000    1.2603e+04    0.410542      511.3184         0.1954       511.3184     16501.0684       0.7166     1.2000e-14      18799.999
 0.319000    27020.0059    0.290332    9.2700e+01       2.5000    1.1323e+04    0.331400      512.6816         0.1953       512.6816     16501.0684       0.7164     1.2000e-14      18799.999
 0.319140    27159.9863    0.292122    7.3323e+01       2.5000    1.0679e+04    0.294735      522.2285         0.1950       522.2285     16501.0684       0.7148     1.2000e-14      18799.999
 0.319340    27359.9902    0.294680    6.7004e+01       2.5000    1.0441e+04    0.281749      535.8691         0.1944       535.8691     16501.0684       0.7124     1.2000e-14      18799.999
 0.319980    28000.0000    0.302865    6.7229e+00       2.5000    5.8762e+03    0.089246      579.5176         0.1928       579.5176     16501.0684       0.7050     1.2000e-14      18799.999
 0.321980    30000.0000    0.305163    6.6636e+00       2.5000    5.8632e+03    0.088852      534.7139         0.2040       534.7139     16501.0684       0.6912     1.2000e-14      18799.999
 0.323980    32000.0000    0.306464    5.8595e+00       2.5000    5.6777e+03    0.083319      418.9648         0.2053       418.9648     16501.0684       0.6884     1.2000e-14      18799.999
 0.325980    34000.0000    0.311353    2.6897e+01       2.5000    8.3106e+03    0.178510      407.0898         0.2119       407.0898     16501.0684       0.6764     1.2000e-14      18799.999
 0.327980    36000.0000    0.320007    2.2103e+01       2.5000    7.9126e+03    0.161823      474.4238         0.2235       474.4238     16501.0684       0.6552     1.2000e-14      18799.999
 0.329980    38000.0000    0.327871    6.7609e+00       2.5000    5.8845e+03    0.089498      370.2422         0.2219       370.2422     16501.0684       0.6481     1.2000e-14      18799.999
 0.331980    40000.0000    0.337937    1.3310e+01       2.5000    6.9703e+03    0.125574      378.1733         0.2197       378.1733     16501.0684       0.6386     1.2000e-14      18799.999
 0.332240    40259.9844    0.339248    9.9316e+01       2.5000    1.1520e+04    0.343023      379.3517         0.2194       379.3517     16501.0684       0.6374     1.2000e-14      18799.999
 0.333980    42000.0000    0.344609    1.0044e+01       2.5000    6.4966e+03    0.109087      442.1211         0.2279       442.1211     16501.0684       0.6234     1.2000e-14      18799.999
 0.335980    44000.0000    0.350975    7.5111e+00       2.5000    6.0413e+03    0.094333      446.0566         0.2294       446.0566     16501.0684       0.6151     1.2000e-14      18799.999
 0.337980    46000.0000    0.358016    1.3602e+01       2.5000    7.0082e+03    0.126945      377.8755         0.2217       377.8755     16501.0684       0.6148     1.2000e-14      18799.999
 0.339980    48000.0000    0.364248    1.9206e+01       2.5000    7.6395e+03    0.150845      342.6914         0.2195       342.6914     16501.0684       0.6101     1.2000e-14      18799.999
 0.341980    50000.0000    0.376436    8.9764e+00       2.5000    6.3166e+03    0.103125      472.7754         0.2300       472.7754     16501.0684       0.5860     1.2000e-14      18799.999
 0.343980    52000.0000    0.381988    8.3552e+00       2.5000    6.2043e+03    0.099493      535.5112         0.2454       535.5112     16501.0684       0.5644     1.2000e-14      18799.999
 0.345980    54000.0000    0.383867    4.4431e+00       2.5000    5.2982e+03    0.072553      495.9844         0.2588       495.9844     16501.0684       0.5490     1.2000e-14      18799.999
 0.347980    56000.0000    0.385669    5.3496e+00       2.5000    5.5499e+03    0.079611      414.2007         0.2678       414.2007     16501.0684       0.5380     1.2000e-14      18799.999
 0.349980    58000.0000    0.391581    1.9497e+01       2.5000    7.6683e+03    0.151985      455.7446         0.2752       455.7446     16501.0684       0.5240     1.2000e-14      18799.999
 0.351980    60000.0000    0.402348    7.1108e+00       2.5175    5.9384e+03    0.091785      456.1600         0.2568       456.1600     16501.0684       0.5305     1.2000e-14      18799.999
 0.353980    62000.0000    0.408132    1.1452e+01       2.5356    6.6659e+03    0.116482      436.5117         0.2515       436.5117     16501.0684       0.5294     1.2000e-14      18799.999
 0.355980    64000.0000    0.413104    8.6078e+00       2.5492    6.1901e+03    0.100986      406.3330         0.2510       406.3330     16501.0684       0.5243     1.2000e-14      18799.999
 0.357980    66000.0000    0.417736    5.9752e+00       2.5756    5.6212e+03    0.084137      396.3848         0.2508       396.3848     16501.0684       0.5193     1.2000e-14      18799.999
 0.359980    68000.0000    0.418136    4.8821e+00       2.5756    5.3443e+03    0.076053      462.4395         0.2516       462.4395     16501.0684       0.5181     1.2000e-14      18799.999
 0.361980    70000.0000    0.425704    1.5870e+01       2.5923    7.1528e+03    0.137122      542.6875         0.2592       542.6875     16501.0684       0.5022     1.2000e-14      18799.999
 0.362000    70019.9922    0.425780    7.9310e+02       2.5923    1.9018e+04    0.969339      543.4912         0.2593       543.4912     16501.0684       0.5021     1.2000e-14      18799.999
 0.362020    70039.9844    0.425856    1.0700e+02       2.5992    1.1511e+04    0.356049      544.2949         0.2594       544.2949     16501.0684       0.5019     1.2000e-14      18799.999
 0.363980    72000.0000    0.430549    9.0727e+00       2.6330    6.1714e+03    0.103677      521.1738         0.2666       521.1738     16501.0684       0.4894     1.2000e-14      18799.999
 0.365980    74000.0000    0.433986    1.3364e+01       2.6435    6.7854e+03    0.125831      507.0708         0.2778       507.0708     16501.0684       0.4743     1.2000e-14      18799.999
 0.367980    76000.0000    0.436345    3.3743e+00       2.6511    4.8030e+03    0.063227      566.4688         0.2917       566.4688     16501.0684       0.4577     1.2000e-14      18799.999
 0.369980    78000.0000    0.436696    3.5184e+00       2.6529    4.8518e+03    0.064563      716.1816         0.3010       716.1816     16501.0684       0.4481     1.2000e-14      18799.999
 0.371980    80000.0000    0.437175    3.9779e+00       2.6533    5.0026e+03    0.068650      820.4355         0.3083       820.4355     16501.0684       0.4400     1.2000e-14      18799.999
 0.373980    82000.0000    0.440621    1.3356e+01       2.6709    6.7495e+03    0.125791      862.8059         0.3119       862.8059     16501.0684       0.4326     1.2000e-14      18799.999
 0.375980    84000.0000    0.443933    8.2157e+00       2.6853    5.9613e+03    0.098659      758.7422         0.2974       758.7422     16501.0684       0.4436     1.2000e-14      18799.999
 0.377980    86000.0000    0.445954    7.5181e+00       2.6907    5.8246e+03    0.094377      589.6294         0.2829       589.6294     16501.0684       0.4559     1.2000e-14      18799.999
 0.379980    88000.0000    0.447762    4.9024e+00       2.6991    5.2260e+03    0.076211      626.0854         0.3244       626.0854     16501.0684       0.4124     1.2000e-14      18799.999
 0.380560    88580.0078    0.454062    4.9507e+01       2.7115    9.2949e+03    0.242184      599.6992         0.3183       599.6992     16501.0684       0.4115     1.2000e-14      18799.999
 0.380920    88939.9922    0.458099    5.3384e+01       2.7305    9.4386e+03    0.251490      582.5039         0.3141       582.5039     16501.0684       0.4112     1.2000e-14      18799.999
 0.381180    89199.9844    0.461015    1.3107e+02       2.7426    1.1789e+04    0.394057      570.0840         0.3111       570.0840     16501.0684       0.4110     1.2000e-14      18799.999
 0.381200    89219.9844    0.461239    9.6705e+01       2.7446    1.0922e+04    0.338484      569.1289         0.3109       569.1289     16501.0684       0.4109     1.2000e-14      18799.999
 0.381320    89340.0000    0.462585    4.2613e+02       2.7613    1.5776e+04    0.710536      563.3945         0.3095       563.3945     16501.0684       0.4108     1.2000e-14      18799.999
 0.381340    89360.0000    0.462810    5.9464e+02       2.7770    1.7098e+04    0.839346      562.4395         0.3092       562.4395     16501.0684       0.4108     1.2000e-14      18799.999
 0.381360    89379.9922    0.463034    7.4230e+01       2.7870    1.0145e+04    0.296553      561.4844         0.3090       561.4844     16501.0684       0.4108     1.2000e-14      18799.999
 0.381620    89639.9922    0.465950    5.2079e+01       2.7945    9.2724e+03    0.248396      549.0664         0.3060       549.0664     16501.0684       0.4106     1.2000e-14      18799.999
 0.381640    89659.9844    0.466175    4.8355e+01       2.7954    9.1005e+03    0.239351      548.1094         0.3058       548.1094     16501.0684       0.4106     1.2000e-14      18799.999
 0.381980    90000.0000    0.469988    1.7176e+01       2.8069    7.0112e+03    0.142652      531.8691         0.3018       531.8691     16501.0684       0.4103     1.2000e-14      18799.999
 0.383980    92000.0000    0.477152    6.6775e+00       2.8226    5.5209e+03    0.088945      507.0300         0.3022       507.0300     16501.0684       0.4019     1.2000e-14      18799.999
 0.385980    94000.0000    0.478921    3.7146e+00       2.8267    4.7645e+03    0.066339      598.2344         0.3099       598.2344     16501.0684       0.3922     1.2000e-14      18799.999
 0.387980    96000.0000    0.480240    5.2692e+00       2.8343    5.1926e+03    0.079011      719.7764         0.3139       719.7764     16501.0684       0.3867     1.2000e-14      18799.999
 0.389980    98000.0000    0.480240    4.4742e+00       2.8343    4.9846e+03    0.072807      636.8096         0.3091       636.8096     16501.0684       0.3916     1.2000e-14      18799.999
 0.391980   100000.0000    0.481476    8.1501e+00       2.8386    5.7865e+03    0.098264      718.1182         0.2939       718.1182     16501.0684       0.4054     1.2000e-14      18799.999
 0.393120   101139.9922    0.484525    7.6134e+01       2.8503    1.0095e+04    0.300332      713.9717         0.2897       713.9717     16501.0684       0.4062     1.2000e-14      18799.999
 0.393140   101159.9922    0.484613    4.9746e+01       2.8522    9.0736e+03    0.242768      713.1416         0.2897       713.1416     16501.0684       0.4061     1.2000e-14      18799.999
 0.393980   102000.0000    0.488306    2.2425e+01       2.8693    7.4126e+03    0.162998      678.2949         0.2894       678.2949     16501.0684       0.4023     1.2000e-14      18799.999
 0.395980   104000.0000    0.495428    1.4759e+01       2.9002    6.6409e+03    0.132234      639.7745         0.2929       639.7745     16501.0684       0.3909     1.2000e-14      18799.999
 0.397980   106000.0000    0.499722    7.8171e+00       2.9171    5.6489e+03    0.096235      622.0293         0.3012       622.0293     16501.0684       0.3778     1.2000e-14      18799.999
 0.399980   108000.0000    0.500562    4.3269e+00       2.9190    4.8708e+03    0.071598      523.5742         0.3104       523.5742     16501.0684       0.3677     1.2000e-14      18799.999
 0.401980   110000.0000    0.503168    5.7276e+00       2.9318    5.2132e+03    0.082376      660.1855         0.3172       660.1855     16501.0684       0.3580     1.2000e-14      18799.999
 0.403020   111039.9922    0.513950    2.5616e+02       2.9375    1.3468e+04    0.550890      630.6367         0.2965       630.6367     16501.0684       0.3668     1.2000e-14      18799.999
 0.403040   111059.9922    0.514338    5.2490e+03       2.9505    2.8592e+04    2.493746      628.1133         0.2956       628.1133     16501.0684       0.3672     1.2000e-14      18799.999
 0.403060   111079.9922    0.514727    1.7773e+03       3.1003    2.1277e+04    1.451084      625.5859         0.2947       625.5859     16501.0684       0.3676     1.2000e-14      18799.999
 0.403080   111099.9922    0.515116    3.9303e+02       3.1232    1.4537e+04    0.682378      623.0586         0.2939       623.0586     16501.0684       0.3681     1.2000e-14      18799.999
 0.403100   111120.0078    0.515504    1.2964e+02       3.1291    1.1007e+04    0.391910      620.5312         0.2930       620.5312     16501.0684       0.3685     1.2000e-14      18799.999
 0.403120   111140.0078    0.515893    6.1725e+01       3.1312    9.1399e+03    0.270423      618.0039         0.2921       618.0039     16501.0684       0.3689     1.2000e-14      18799.999
 0.403980   112000.0000    0.532597    5.4972e+00       3.1350    4.9899e+03    0.080702      509.3750         0.2549       509.3750     16501.0684       0.3876     1.2000e-14      18799.999
 0.405980   114000.0000    0.552614    5.6965e+00       3.1353    5.0343e+03    0.082152      504.3203         0.2171       504.3203     16501.0684       0.4032     1.2000e-14      18799.999
 0.407980   116000.0000    0.553009    5.5961e+00       3.1378    5.0099e+03    0.081425      718.1211         0.2298       718.1211     16501.0684       0.3901     1.2000e-14      18799.999
 0.409980   118000.0000    0.553337    5.2175e+00       3.1389    4.9221e+03    0.078622      808.9609         0.2408       808.9609     16501.0684       0.3786     1.2000e-14      18799.999
 0.411980   120000.0000    0.553483    4.9659e+00       3.1395    4.8612e+03    0.076703      849.8271         0.2394       849.8271     16501.0684       0.3799     1.2000e-14      18799.999
 0.413980   122000.0000    0.553934    5.9005e+00       3.1409    5.0742e+03    0.083610      989.8398         0.2572       989.8398     16501.0684       0.3616     1.2000e-14      18799.999
 0.415980   124000.0000    0.554855    5.7523e+00       3.1441    5.0395e+03    0.082553      873.7031         0.2576       873.7031     16501.0684       0.3601     1.2000e-14      18799.999
 0.417980   126000.0000    0.556120    8.7835e+00       3.1515    5.5954e+03    0.102011      580.2422         0.2432       580.2422     16501.0684       0.3732     1.2000e-14      18799.999
 0.419980   128000.0000    0.557288    6.5721e+00       3.1554    5.2009e+03    0.088240      684.8340         0.2610       684.8340     16501.0684       0.3541     1.2000e-14      18799.999
 0.421980   130000.0000    0.557799    5.9494e+00       3.1575    5.0714e+03    0.083955      661.8115         0.2431       661.8115     16501.0684       0.3714     1.2000e-14      18799.999
 0.423980   132000.0000    0.559286    9.1311e+00       3.1619    5.6407e+03    0.104010      705.3359         0.2404       705.3359     16501.0684       0.3725     1.2000e-14      18799.999
 0.425980   134000.0000    0.561831    1.2352e+01       3.1749    6.0709e+03    0.120973      691.6191         0.2281       691.6191     16501.0684       0.3819     1.2000e-14      18799.999
 0.427980   136000.0000    0.564526    9.8446e+00       3.1866    5.7255e+03    0.107997      588.8535         0.2091       588.8535     16501.0684       0.3979     1.2000e-14      18799.999
 0.429980   138000.0000    0.565342    4.8135e+00       3.1890    4.7859e+03    0.075517      471.3242         0.2177       471.3242     16501.0684       0.3885     1.2000e-14      18799.999
 0.431980   140000.0000    0.565358    4.7547e+00       3.1890    4.7712e+03    0.075054      443.0635         0.2200       443.0635     16501.0684       0.3862     1.2000e-14      18799.999
 0.433980   142000.0000    0.565472    5.0377e+00       3.1891    4.8406e+03    0.077255      679.5391         0.2410       679.5391     16501.0684       0.3650     1.2000e-14      18799.999
 0.435660   143680.0000    0.566720    3.8477e+01       3.1962    8.0383e+03    0.213509      759.5938         0.2452       759.5938     16501.0684       0.3594     1.2000e-14      18799.999
 0.435680   143700.0000    0.566755    3.1234e+01       3.1969    7.6290e+03    0.192364      756.9336         0.2449       756.9336     16501.0684       0.3597     1.2000e-14      18799.999
 0.435880   143900.0156    0.567109    3.5518e+01       3.1998    7.8745e+03    0.205132      730.3203         0.2419       730.3203     16501.0684       0.3622     1.2000e-14      18799.999
 0.435920   143940.0000    0.567180    2.4059e+01       3.2006    7.1430e+03    0.168829      724.9961         0.2413       724.9961     16501.0684       0.3628     1.2000e-14      18799.999
 0.435940   143960.0000    0.567216    4.2939e+01       3.2008    8.2558e+03    0.225549      722.3359         0.2410       722.3359     16501.0684       0.3630     1.2000e-14      18799.999
 0.435960   143979.9844    0.567251    2.7615e+01       3.2016    7.3923e+03    0.180877      719.6758         0.2407       719.6758     16501.0684       0.3633     1.2000e-14      18799.999
 0.435980   143999.9844    0.567287    4.0429e+01       3.2023    8.1306e+03    0.218857      717.0156         0.2404       717.0156     16501.0684       0.3635     1.2000e-14      18799.999
 0.435980   144000.0000    0.567287    4.0429e+01       3.2023    8.1306e+03    0.218857      717.0156         0.2404       717.0156     16501.0684       0.3635     1.2000e-14      18799.999
 0.436000   144019.9844    0.567322    3.0759e+01       3.2031    7.5925e+03    0.190896      714.3555         0.2401       714.3555     16501.0684       0.3638     1.2000e-14      18799.999
 0.436020   144039.9844    0.567357    4.0659e+01       3.2036    8.1405e+03    0.219478      711.6914         0.2398       711.6914     16501.0684       0.3641     1.2000e-14      18799.999
 0.437980   146000.0000    0.569986    4.8229e+00       3.2083    4.7738e+03    0.075590      520.9072         0.2219       520.9072     16501.0684       0.3791     1.2000e-14      18799.999
 0.439980   148000.0000    0.570010    4.8030e+00       3.2084    4.7688e+03    0.075435      546.5635         0.2393       546.5635     16501.0684       0.3616     1.2000e-14      18799.999
 0.441980   150000.0000    0.570018    4.7340e+00       3.2084    4.7516e+03    0.074890      717.5469         0.2533       717.5469     16501.0684       0.3476     1.2000e-14      18799.999
 0.443980   152000.0000    0.570275    7.1621e+00       3.2092    5.2691e+03    0.092115      711.0059         0.2553       711.0059     16501.0684       0.3454     1.2000e-14      18799.999
 0.445980   154000.0000    0.570466    4.8506e+00       3.2103    4.7791e+03    0.075807      718.7871         0.2621       718.7871     16501.0684       0.3384     1.2000e-14      18799.999
 0.447980   156000.0000    0.570557    5.0862e+00       3.2107    4.8359e+03    0.077627      824.1406         0.2736       824.1406     16501.0684       0.3267     1.2000e-14      18799.999
 0.449980   158000.0000    0.570837    4.9830e+00       3.2119    4.8103e+03    0.076835      984.0117         0.2703       984.0117     16501.0684       0.3298     1.2000e-14      18799.999
 0.451980   160000.0000    0.570967    4.8986e+00       3.2125    4.7894e+03    0.076181      973.9043         0.2401       973.9043     16501.0684       0.3598     1.2000e-14      18799.999
 0.453980   162000.0000    0.571112    4.9068e+00       3.2128    4.7911e+03    0.076245      979.5798         0.2360       979.5798     16501.0684       0.3638     1.2000e-14      18799.999
 0.455980   164000.0000    0.571692    7.9642e+00       3.2146    5.4063e+03    0.097137      911.9609         0.2327       911.9609     16501.0684       0.3664     1.2000e-14      18799.999
 0.457980   166000.0000    0.573276    7.9334e+00       3.2194    5.3970e+03    0.096949      764.8457         0.2222       764.8457     16501.0684       0.3752     1.2000e-14      18799.999
 0.459580   167600.0000    0.575964    2.5474e+01       3.2256    7.2176e+03    0.173724      655.2266         0.2178       655.2266     16501.0684       0.3766     1.2000e-14      18799.999
 0.459640   167660.0000    0.576065    4.0416e+01       3.2271    8.0986e+03    0.218820      651.1152         0.2177       651.1152     16501.0684       0.3766     1.2000e-14      18799.999
 0.459740   167760.0156    0.576233    6.1702e+01       3.2308    8.9969e+03    0.270373      644.2637         0.2174       644.2637     16501.0684       0.3767     1.2000e-14      18799.999
 0.459760   167780.0156    0.576267    5.0777e+01       3.2319    8.5677e+03    0.245272      642.8926         0.2173       642.8926     16501.0684       0.3767     1.2000e-14      18799.999
 0.459780   167800.0156    0.576300    3.7501e+01       3.2327    7.9415e+03    0.210781      641.5234         0.2173       641.5234     16501.0684       0.3767     1.2000e-14      18799.999
 0.459800   167820.0000    0.576334    2.8105e+01       3.2334    7.3882e+03    0.182474      640.1523         0.2172       640.1523     16501.0684       0.3768     1.2000e-14      18799.999
 0.459980   168000.0000    0.576636    1.0644e+01       3.2360    5.7936e+03    0.112297      627.8203         0.2167       627.8203     16501.0684       0.3769     1.2000e-14      18799.999
 0.461980   170000.0000    0.578896    5.2680e+00       3.2473    4.8509e+03    0.079001      569.9727         0.2223       569.9727     16501.0684       0.3688     1.2000e-14      18799.999
 0.463980   172000.0000    0.579664    5.1700e+00       3.2479    4.8278e+03    0.078264      580.9214         0.2302       580.9214     16501.0684       0.3601     1.2000e-14      18799.999
 0.465980   174000.0000    0.580206    5.5485e+00       3.2500    4.9123e+03    0.081078      628.8389         0.2392       628.8389     16501.0684       0.3504     1.2000e-14      18799.999
 0.467980   176000.0000    0.581353    7.7605e+00       3.2538    5.3390e+03    0.095887      701.3789         0.2490       701.3789     16501.0684       0.3394     1.2000e-14      18799.999
 0.469980   178000.0000    0.583449    9.5173e+00       3.2644    5.6092e+03    0.106186      808.7949         0.2593       808.7949     16501.0684       0.3267     1.2000e-14      18799.999
 0.471980   180000.0000    0.586947    1.1051e+01       3.2792    5.8095e+03    0.114421      679.8145         0.2381       679.8145     16501.0684       0.3440     1.2000e-14      18799.999
 0.473980   182000.0000    0.590631    1.3340e+01       3.2968    6.0733e+03    0.125718      559.0918         0.2306       559.0918     16501.0684       0.3474     1.2000e-14      18799.999
 0.475980   184000.0000    0.592689    4.9949e+00       3.3031    4.7462e+03    0.076927      518.0068         0.2347       518.0068     16501.0684       0.3411     1.2000e-14      18799.999
 0.477980   186000.0000    0.592920    4.6427e+00       3.3038    4.6597e+03    0.074165      604.5352         0.2493       604.5352     16501.0684       0.3262     1.2000e-14      18799.999
 0.479980   188000.0000    0.592920    4.6982e+00       3.3038    4.6736e+03    0.074607      845.0156         0.2758       845.0156     16501.0684       0.2997     1.2000e-14      18799.999
 0.481980   190000.0000    0.592920    4.5386e+00       3.3038    4.6334e+03    0.073328      650.4258         0.2431       650.4258     16501.0684       0.3324     1.2000e-14      18799.999
 0.483980   192000.0000    0.593530    6.7099e+00       3.3064    5.1071e+03    0.089160      620.7656         0.2420       620.7656     16501.0684       0.3328     1.2000e-14      18799.999
 0.485980   194000.0000    0.594820    9.5669e+00       3.3097    5.5780e+03    0.106463      635.9800         0.2501       635.9800     16501.0684       0.3233     1.2000e-14      18799.999
 0.487980   196000.0000    0.596412    9.0667e+00       3.3191    5.4958e+03    0.103642      618.8613         0.2524       618.8613     16501.0684       0.3192     1.2000e-14      18799.999
 0.489980   198000.0000    0.597420    4.6616e+00       3.3226    4.6513e+03    0.074316      547.5332         0.2439       547.5332     16501.0684       0.3266     1.2000e-14      18799.999
 0.491980   200000.0000    0.597462    4.9069e+00       3.3228    4.7112e+03    0.076246      665.2227         0.2592       665.2227     16501.0684       0.3112     1.2000e-14      18799.999
 0.493980   202000.0000    0.597654    4.6827e+00       3.3231    4.6562e+03    0.074484      666.3291         0.2628       666.3291     16501.0684       0.3074     1.2000e-14      18799.999
 0.495980   204000.0000    0.598215    6.0936e+00       3.3256    4.9712e+03    0.084967      682.5195         0.2643       682.5195     16501.0684       0.3050     1.2000e-14      18799.999
 0.497980   206000.0000    0.599078    6.6549e+00       3.3298    5.0787e+03    0.088794      770.5078         0.2709       770.5078     16501.0684       0.2972     1.2000e-14      18799.999
 0.499980   208000.0000    0.599862    4.8754e+00       3.3328    4.6965e+03    0.076001      898.9160         0.2860       898.9160     16501.0684       0.2807     1.2000e-14      18799.999
 0.501980   210000.0000    0.600155    4.7245e+00       3.3342    4.6588e+03    0.074815      626.9141         0.2577       626.9141     16501.0684       0.3081     1.2000e-14      18799.999
 0.503980   212000.0000    0.600396    4.1898e+00       3.3346    4.5207e+03    0.070455      575.6113         0.2588       575.6113     16501.0684       0.3060     1.2000e-14      18799.999
 0.505980   214000.0000    0.600839    6.2894e+00       3.3354    5.0032e+03    0.086321      615.5020         0.2699       615.5020     16501.0684       0.2936     1.2000e-14      18799.999
 0.507980   216000.0000    0.601408    4.3774e+00       3.3390    4.5675e+03    0.072015      673.8184         0.2776       673.8184     16501.0684       0.2843     1.2000e-14      18799.999
 0.509980   218000.0000    0.601648    4.3829e+00       3.3402    4.5681e+03    0.072060      750.1875         0.2761       750.1875     16501.0684       0.2848     1.2000e-14      18799.999
 0.511980   220000.0000    0.601650    4.1799e+00       3.3402    4.5142e+03    0.070372      858.4727         0.2944       858.4727     16501.0684       0.2657     1.2000e-14      18799.999
 0.513980   222000.0000    0.601650    4.1037e+00       3.3402    4.4935e+03    0.069727      911.0410         0.3037       911.0410     16501.0684       0.2555     1.2000e-14      18799.999
 0.515980   224000.0000    0.603383    1.4003e+01       3.3463    6.1018e+03    0.128804      916.9868         0.3085       916.9868     16501.0684       0.2479     1.2000e-14      18799.999
 0.517980   226000.0000    0.606393    7.7873e+00       3.3609    5.2577e+03    0.096052      878.2285         0.3091       878.2285     16501.0684       0.2433     1.2000e-14      18799.999
 0.519980   228000.0000    0.607737    5.2909e+00       3.3656    4.7701e+03    0.079173      786.6836         0.3001       786.6836     16501.0684       0.2501     1.2000e-14      18799.999
 0.521980   230000.0000    0.608091    3.9294e+00       3.3674    4.4271e+03    0.068230      690.4922         0.2948       690.4922     16501.0684       0.2542     1.2000e-14      18799.999
 0.523980   232000.0000    0.608452    5.4272e+00       3.3683    4.7986e+03    0.080186      625.9346         0.2941       625.9346     16501.0684       0.2538     1.2000e-14      18799.999
 0.525980   234000.0000    0.608926    5.4577e+00       3.3697    4.8043e+03    0.080412      595.1737         0.2970       595.1737     16501.0684       0.2497     1.2000e-14      18799.999
 0.527980   236000.0000    0.609445    4.5814e+00       3.3731    4.5963e+03    0.073673      625.1055         0.3029       625.1055     16501.0684       0.2426     1.2000e-14      18799.999
 0.529980   238000.0000    0.609757    5.3063e+00       3.3740    4.7676e+03    0.079288      772.5195         0.3108       772.5195     16501.0684       0.2337     1.2000e-14      18799.999
 0.531980   240000.0000    0.611162    9.2843e+00       3.3785    5.4796e+03    0.104879      907.0039         0.3165       907.0039     16501.0684       0.2259     1.2000e-14      18799.999
 0.533980   242000.0000    0.612649    6.1873e+00       3.3873    4.9446e+03    0.085618      925.3403         0.3164       925.3403     16501.0684       0.2237     1.2000e-14      18799.999
 0.535980   244000.0000    0.613420    4.0368e+00       3.3893    4.4426e+03    0.069156      930.5083         0.3168       930.5083     16501.0684       0.2219     1.2000e-14      18799.999
 0.537980   246000.0000    0.613462    3.6867e+00       3.3893    4.3429e+03    0.066089      884.1953         0.3090       884.1953     16501.0684       0.2291     1.2000e-14      18799.999
 0.539980   248000.0000    0.613638    4.1164e+00       3.3902    4.4637e+03    0.069835      583.8906         0.2672       583.8906     16501.0684       0.2702     1.2000e-14      18799.999
 0.541980   250000.0000    0.614416    3.5266e+00       3.3939    4.2921e+03    0.064638      812.5625         0.2840       812.5625     16501.0684       0.2520     1.2000e-14      18799.999
 0.543980   252000.0000    0.615070    4.5666e+00       3.3951    4.5777e+03    0.073555     1077.2266         0.3010      1077.2266     16501.0684       0.2338     1.2000e-14      18799.999
 0.545940   253959.9844    0.616452    1.2807e+01       3.3988    5.9207e+03    0.123177     1388.6250         0.3035      1388.6250     16501.0684       0.2293     1.2000e-14      18799.999
 0.545980   254000.0000    0.616497    1.4377e+01       3.3994    6.0940e+03    0.130513     1395.8984         0.3033      1395.8984     16501.0684       0.2295     1.2000e-14      18799.999
 0.546040   254060.0000    0.616566    1.6621e+01       3.4001    6.3183e+03    0.140329     1406.8125         0.3029      1406.8125     16501.0684       0.2298     1.2000e-14      18799.999
 0.546180   254200.0156    0.616725    2.0657e+01       3.4024    6.6688e+03    0.156438     1432.2734         0.3020      1432.2734     16501.0684       0.2305     1.2000e-14      18799.999
 0.546400   254420.0156    0.616976    1.6814e+01       3.4059    6.3311e+03    0.141141     1472.2812         0.3006      1472.2812     16501.0684       0.2316     1.2000e-14      18799.999
 0.546660   254680.0156    0.617272    1.1720e+01       3.4084    5.7827e+03    0.117834     1519.5547         0.2989      1519.5547     16501.0684       0.2329     1.2000e-14      18799.999
 0.547980   256000.0000    0.618318    3.4682e+00       3.4110    4.2634e+03    0.064101     1543.3281         0.2822      1543.3281     16501.0684       0.2481     1.2000e-14      18799.999
 0.549980   258000.0000    0.618686    3.6119e+00       3.4112    4.3068e+03    0.065416     1005.9688         0.2355      1005.9688     16501.0684       0.2940     1.2000e-14      18799.999
 0.551480   259500.0000    0.618755    1.1881e+01       3.4112    5.8001e+03    0.118642      483.0312         0.1766       483.0312     16501.0684       0.3525     1.2000e-14      18799.999
 0.551500   259520.0156    0.618756    1.2561e+01       3.4112    5.8814e+03    0.121992      476.0312         0.1758       476.0312     16501.0684       0.3533     1.2000e-14      18799.999
 0.551540   259560.0156    0.618758    1.1766e+01       3.4112    5.7859e+03    0.118064      462.0469         0.1742       462.0469     16501.0684       0.3548     1.2000e-14      18799.999
 0.551980   260000.0000    0.618777    3.7376e+00       3.4117    4.3435e+03    0.066544      308.1719         0.1569       308.1719     16501.0684       0.3721     1.2000e-14      18799.999
 0.552760   260780.0000    0.619013    1.2076e+01       3.4133    5.8220e+03    0.119613      197.4062         0.1405       197.4062     16501.0684       0.3880     1.2000e-14      18799.999
 0.552880   260899.9844    0.619112    1.7750e+01       3.4147    6.4091e+03    0.145015      230.2031         0.1425       230.2031     16501.0684       0.3860     1.2000e-14      18799.999
 0.552960   260979.9844    0.619177    1.4304e+01       3.4155    6.0717e+03    0.130177      252.0781         0.1437       252.0781     16501.0684       0.3846     1.2000e-14      18799.999
 0.553000   261019.9688    0.619210    1.1919e+01       3.4160    5.8007e+03    0.118833      263.0156         0.1444       263.0156     16501.0684       0.3839     1.2000e-14      18799.999
 0.553980   262000.0000    0.620014    3.4168e+00       3.4161    4.2444e+03    0.063624      530.9688         0.1601       530.9688     16501.0684       0.3671     1.2000e-14      18799.999
 0.554300   262320.0000    0.620276    2.7071e+01       3.4185    7.1184e+03    0.179086      618.4688         0.1652       618.4688     16501.0684       0.3617     1.2000e-14      18799.999
 0.554320   262339.9688    0.620292    2.3480e+01       3.4185    6.8696e+03    0.166786      623.9375         0.1655       623.9375     16501.0684       0.3613     1.2000e-14      18799.999
 0.554380   262400.0000    0.620342    1.6023e+01       3.4185    6.2438e+03    0.137781      640.3438         0.1665       640.3438     16501.0684       0.3603     1.2000e-14      18799.999
 0.555980   264000.0000    0.620850    3.4796e+00       3.4202    4.2612e+03    0.064207      778.0098         0.1755       778.0098     16501.0684       0.3504     1.2000e-14      18799.999
 0.556740   264760.0000    0.620850    1.1751e+01       3.4202    5.7765e+03    0.117989      753.3047         0.1748       753.3047     16501.0684       0.3509     1.2000e-14      18799.999
 0.557980   266000.0000    0.621094    3.3713e+00       3.4202    4.2277e+03    0.063200      700.2422         0.1728       700.2422     16501.0684       0.3524     1.2000e-14      18799.999
 0.558240   266260.0000    0.621226    1.0998e+01       3.4225    5.6798e+03    0.114148      684.8789         0.1720       684.8789     16501.0684       0.3530     1.2000e-14      18799.999
 0.558300   266320.0312    0.621256    1.5451e+01       3.4233    6.1829e+03    0.135297      681.3320         0.1719       681.3320     16501.0684       0.3531     1.2000e-14      18799.999
 0.558360   266379.9688    0.621287    1.2291e+01       3.4238    5.8387e+03    0.120670      677.7891         0.1717       677.7891     16501.0684       0.3532     1.2000e-14      18799.999
 0.559840   267860.0312    0.622039    1.0498e+01       3.4250    5.6121e+03    0.111524      590.3359         0.1676       590.3359     16501.0684       0.3563     1.2000e-14      18799.999
 0.559880   267900.0312    0.622059    1.1808e+01       3.4251    5.7794e+03    0.118276      587.9727         0.1674       587.9727     16501.0684       0.3564     1.2000e-14      18799.999
 0.559920   267940.0000    0.622079    1.0898e+01       3.4252    5.6646e+03    0.113629      585.6094         0.1673       585.6094     16501.0684       0.3564     1.2000e-14      18799.999
 0.559940   267959.9688    0.622090    9.5716e+00       3.4253    5.4837e+03    0.106489      584.4297         0.1673       584.4297     16501.0684       0.3565     1.2000e-14      18799.999
 0.559980   268000.0000    0.622110    9.9623e+00       3.4254    5.5387e+03    0.108641      582.0664         0.1672       582.0664     16501.0684       0.3566     1.2000e-14      18799.999
 0.560020   268040.0312    0.622124    1.0630e+01       3.4256    5.6291e+03    0.112221      580.4131         0.1671       580.4131     16501.0684       0.3566     1.2000e-14      18799.999
 0.561980   270000.0000    0.622548    5.5836e+00       3.4275    4.7909e+03    0.081334      534.7139         0.1697       534.7139     16501.0684       0.3532     1.2000e-14      18799.999
 0.563260   271280.0312    0.623526    1.3862e+01       3.4285    6.0129e+03    0.128154      502.3945         0.1677       502.3945     16501.0684       0.3539     1.2000e-14      18799.999
 0.563280   271300.0000    0.623549    1.8110e+01       3.4290    6.4279e+03    0.146477      501.8643         0.1677       501.8643     16501.0684       0.3540     1.2000e-14      18799.999
 0.563360   271379.9688    0.623640    2.6208e+01       3.4312    7.0480e+03    0.176211      499.7383         0.1674       499.7383     16501.0684       0.3542     1.2000e-14      18799.999
 0.563420   271440.0000    0.623709    2.2436e+01       3.4328    6.7778e+03    0.163036      498.1436         0.1672       498.1436     16501.0684       0.3543     1.2000e-14      18799.999
 0.563560   271580.0000    0.623868    2.0485e+01       3.4358    6.6226e+03    0.155788      494.4229         0.1667       494.4229     16501.0684       0.3546     1.2000e-14      18799.999
 0.563680   271700.0000    0.624005    1.4537e+01       3.4370    6.0772e+03    0.131237      491.2344         0.1663       491.2344     16501.0684       0.3548     1.2000e-14      18799.999
 0.563740   271760.0312    0.624074    1.0101e+01       3.4376    5.5481e+03    0.109396      489.6396         0.1660       489.6396     16501.0684       0.3550     1.2000e-14      18799.999
 0.563980   272000.0000    0.624347    3.7382e+00       3.4388    4.3265e+03    0.066550      483.2637         0.1652       483.2637     16501.0684       0.3555     1.2000e-14      18799.999
 0.565980   274000.0000    0.625698    3.2562e+00       3.4396    4.1793e+03    0.062111      458.8806         0.1608       458.8806     16501.0684       0.3581     1.2000e-14      18799.999
 0.567980   276000.0000    0.626362    3.2538e+00       3.4416    4.1773e+03    0.062088      465.8264         0.1603       465.8264     16501.0684       0.3576     1.2000e-14      18799.999
 0.568120   276140.0000    0.626471    1.0968e+01       3.4424    5.6595e+03    0.113991      466.6216         0.1605       466.6216     16501.0684       0.3572     1.2000e-14      18799.999
 0.568180   276200.0312    0.626518    1.3659e+01       3.4431    5.9780e+03    0.127210      466.9626         0.1606       466.9626     16501.0684       0.3571     1.2000e-14      18799.999
 0.568300   276320.0000    0.626611    1.2276e+01       3.4444    5.8195e+03    0.120597      467.6440         0.1608       467.6440     16501.0684       0.3567     1.2000e-14      18799.999
 0.568440   276460.0312    0.626719    1.1288e+01       3.4456    5.6977e+03    0.115645      468.4395         0.1610       468.4395     16501.0684       0.3564     1.2000e-14      18799.999
 0.568500   276519.9688    0.626766    9.8854e+00       3.4461    5.5114e+03    0.108221      468.7800         0.1611       468.7800     16501.0684       0.3562     1.2000e-14      18799.999
 0.569980   278000.0000    0.627915    4.8404e+00       3.4497    4.6079e+03    0.075727      477.1865         0.1634       477.1865     16501.0684       0.3524     1.2000e-14      18799.999
 0.571980   280000.0000    0.628326    3.4261e+00       3.4518    4.2253e+03    0.063710      466.0537         0.1610       466.0537     16501.0684       0.3541     1.2000e-14      18799.999
 0.573980   282000.0000    0.629004    3.5623e+00       3.4535    4.2656e+03    0.064965      458.9916         0.1601       458.9916     16501.0684       0.3541     1.2000e-14      18799.999
 0.575980   284000.0000    0.629612    3.1549e+00       3.4570    4.1359e+03    0.061137      450.8364         0.1603       450.8364     16501.0684       0.3529     1.2000e-14      18799.999
 0.577980   286000.0000    0.630048    4.0899e+00       3.4581    4.4125e+03    0.069609      440.0515         0.1602       440.0515     16501.0684       0.3523     1.2000e-14      18799.999
 0.579980   288000.0000    0.630496    4.6666e+00       3.4604    4.5590e+03    0.074356      429.5154         0.1570       429.5154     16501.0684       0.3547     1.2000e-14      18799.999
 0.581980   290000.0000    0.630959    4.2060e+00       3.4628    4.4405e+03    0.070591      439.8406         0.1586       439.8406     16501.0684       0.3524     1.2000e-14      18799.999
 0.583300   291320.0000    0.631512    1.4855e+01       3.4630    6.0872e+03    0.132665      449.1465         0.1601       449.1465     16501.0684       0.3501     1.2000e-14      18799.999
 0.583360   291380.0312    0.631544    1.1218e+01       3.4643    5.6734e+03    0.115285      449.6392         0.1602       449.6392     16501.0684       0.3500     1.2000e-14      18799.999
 0.583600   291619.9688    0.631674    1.0152e+01       3.4661    5.5322e+03    0.109672      451.6089         0.1605       451.6089     16501.0684       0.3495     1.2000e-14      18799.999
 0.583620   291640.0000    0.631685    9.4215e+00       3.4661    5.4298e+03    0.105651      451.7734         0.1606       451.7734     16501.0684       0.3495     1.2000e-14      18799.999
 0.583640   291659.9688    0.631696    8.5320e+00       3.4664    5.2967e+03    0.100540      451.9370         0.1606       451.9370     16501.0684       0.3494     1.2000e-14      18799.999
 0.583980   292000.0000    0.631879    4.6586e+00       3.4671    4.5526e+03    0.074292      454.7285         0.1611       454.7285     16501.0684       0.3487     1.2000e-14      18799.999
 0.585980   294000.0000    0.632559    3.1634e+00       3.4689    4.1316e+03    0.061220      477.3423         0.1636       477.3423     16501.0684       0.3453     1.2000e-14      18799.999
 0.587980   296000.0000    0.632992    3.0636e+00       3.4703    4.0978e+03    0.060246      511.7490         0.1675       511.7490     16501.0684       0.3406     1.2000e-14      18799.999
 0.588340   296359.9688    0.633167    9.1329e+00       3.4703    5.3845e+03    0.104020      520.9883         0.1692       520.9883     16501.0684       0.3388     1.2000e-14      18799.999
 0.588420   296439.9688    0.633205    1.3065e+01       3.4710    5.8881e+03    0.124413      523.0410         0.1696       523.0410     16501.0684       0.3383     1.2000e-14      18799.999
 0.588480   296500.0000    0.633234    1.8695e+01       3.4722    6.4388e+03    0.148826      524.5811         0.1698       524.5811     16501.0684       0.3380     1.2000e-14      18799.999
 0.588540   296560.0312    0.633263    1.1693e+01       3.4731    5.7253e+03    0.117699      526.1221         0.1701       526.1221     16501.0684       0.3377     1.2000e-14      18799.999
 0.588640   296659.9688    0.633312    1.0259e+01       3.4735    5.5408e+03    0.110249      528.6865         0.1706       528.6865     16501.0684       0.3372     1.2000e-14      18799.999
 0.588700   296720.0000    0.633341    8.2619e+00       3.4738    5.2486e+03    0.098936      530.2275         0.1708       530.2275     16501.0684       0.3369     1.2000e-14      18799.999
 0.589980   298000.0000    0.633960    6.4620e+00       3.4748    4.9352e+03    0.087498      563.0771         0.1767       563.0771     16501.0684       0.3302     1.2000e-14      18799.999
 0.590340   298360.0312    0.634445    9.4318e+00       3.4754    5.4240e+03    0.105709      570.8633         0.1774       570.8633     16501.0684       0.3290     1.2000e-14      18799.999
 0.590380   298400.0000    0.634501    1.2357e+01       3.4754    5.8030e+03    0.120996      571.7188         0.1774       571.7188     16501.0684       0.3289     1.2000e-14      18799.999
 0.590400   298419.9688    0.634528    1.7205e+01       3.4754    6.3036e+03    0.142772      572.1455         0.1775       572.1455     16501.0684       0.3288     1.2000e-14      18799.999
 0.590420   298440.0000    0.634556    9.6181e+00       3.4754    5.4506e+03    0.106747      572.5742         0.1775       572.5742     16501.0684       0.3287     1.2000e-14      18799.999
 0.590860   298880.0000    0.635171    8.1081e+00       3.4769    5.2217e+03    0.098011      581.9844         0.1782       581.9844     16501.0684       0.3273     1.2000e-14      18799.999
 0.591080   299100.0000    0.635478    1.5305e+01       3.4796    6.1181e+03    0.134656      586.6895         0.1786       586.6895     16501.0684       0.3265     1.2000e-14      18799.999
 0.591100   299119.9688    0.635506    7.2077e+01       3.4796    9.0129e+03    0.292221      587.1172         0.1786       587.1172     16501.0684       0.3265     1.2000e-14      18799.999
 0.591140   299159.9688    0.635561    4.5525e+01       3.4815    8.0326e+03    0.232240      587.9727         0.1787       587.9727     16501.0684       0.3263     1.2000e-14      18799.999
 0.591160   299180.0000    0.635589    3.0190e+01       3.4827    7.2475e+03    0.189124      588.4004         0.1787       588.4004     16501.0684       0.3263     1.2000e-14      18799.999
 0.591240   299260.0000    0.635701    1.1459e+01       3.4851    5.6867e+03    0.116517      590.1113         0.1789       590.1113     16501.0684       0.3260     1.2000e-14      18799.999
 0.591380   299400.0000    0.635897    2.0733e+01       3.4861    6.5943e+03    0.156727      593.1064         0.1791       593.1064     16501.0684       0.3255     1.2000e-14      18799.999
 0.591420   299440.0000    0.635952    2.6616e+01       3.4867    7.0186e+03    0.177575      593.9619         0.1792       593.9619     16501.0684       0.3254     1.2000e-14      18799.999
 0.591480   299500.0312    0.636036    1.4702e+01       3.4876    6.0501e+03    0.131980      595.2451         0.1793       595.2451     16501.0684       0.3252     1.2000e-14      18799.999
 0.591580   299599.9688    0.636176    7.3434e+00       3.4886    5.0854e+03    0.093274      597.3828         0.1795       597.3828     16501.0684       0.3249     1.2000e-14      18799.999
 0.591700   299720.0312    0.636343    8.5852e+00       3.4892    5.2875e+03    0.100853      599.9502         0.1797       599.9502     16501.0684       0.3245     1.2000e-14      18799.999
 0.591980   300000.0000    0.636734    3.7389e+00       3.4894    4.2952e+03    0.066556      605.9385         0.1801       605.9385     16501.0684       0.3235     1.2000e-14      18799.999
 0.593980   302000.0000    0.638218    3.0134e+00       3.4916    4.0685e+03    0.059750      645.7178         0.1842       645.7178     16501.0684       0.3169     1.2000e-14      18799.999
 0.594660   302679.9688    0.638566    8.1025e+00       3.4923    5.2092e+03    0.097977      658.8848         0.1856       658.8848     16501.0684       0.3147     1.2000e-14      18799.999
 0.594900   302920.0000    0.638689    1.0946e+01       3.4941    5.6146e+03    0.113876      663.5322         0.1862       663.5322     16501.0684       0.3139     1.2000e-14      18799.999
 0.595060   303080.0000    0.638750    7.9410e+00       3.4950    5.1811e+03    0.096995      666.2104         0.1865       666.2104     16501.0684       0.3133     1.2000e-14      18799.999
 0.595980   304000.0000    0.638905    3.0004e+00       3.4965    4.0612e+03    0.059621      677.5630         0.1886       677.5630     16501.0684       0.3099     1.2000e-14      18799.999
 0.597980   306000.0000    0.639200    2.9995e+00       3.4973    4.0604e+03    0.059612      696.3200         0.1928       696.3200     16501.0684       0.3028     1.2000e-14      18799.999
 0.599980   308000.0000    0.639368    3.4886e+00       3.4973    4.2167e+03    0.064289      696.3200         0.1958       696.3200     16501.0684       0.2976     1.2000e-14      18799.999
 0.601980   310000.0000    0.639457    2.9808e+00       3.4977    4.0538e+03    0.059426      688.0518         0.1994       688.0518     16501.0684       0.2923     1.2000e-14      18799.999
 0.603980   312000.0000    0.639516    3.0167e+00       3.4980    4.0659e+03    0.059783      679.7944         0.1983       679.7944     16501.0684       0.2920     1.2000e-14      18799.999
 0.605980   314000.0000    0.639932    2.9196e+00       3.4993    4.0320e+03    0.058813      663.8638         0.1920       663.8638     16501.0684       0.2967     1.2000e-14      18799.999
 0.606660   314680.0000    0.640204    7.4443e+00       3.5000    5.0944e+03    0.093913      655.7197         0.1886       655.7197     16501.0684       0.2994     1.2000e-14      18799.999
 0.606820   314840.0000    0.640268    9.1146e+00       3.5006    5.3585e+03    0.103916      653.8042         0.1878       653.8042     16501.0684       0.3000     1.2000e-14      18799.999
 0.607000   315020.0000    0.640340    7.3976e+00       3.5013    5.0855e+03    0.093618      651.6484         0.1869       651.6484     16501.0684       0.3007     1.2000e-14      18799.999
 0.607980   316000.0000    0.640567    3.0439e+00       3.5023    4.0725e+03    0.060052      641.9717         0.1837       641.9717     16501.0684       0.3032     1.2000e-14      18799.999
 0.609980   318000.0000    0.640679    2.9052e+00       3.5028    4.0249e+03    0.058667      626.6040         0.1805       626.6040     16501.0684       0.3053     1.2000e-14      18799.999
 0.610600   318620.0000    0.640836    6.9577e+00       3.5036    5.0065e+03    0.090791      624.1963         0.1815       624.1963     16501.0684       0.3039     1.2000e-14      18799.999
 0.610720   318739.9688    0.640867    7.5533e+00       3.5041    5.1100e+03    0.094598      623.7456         0.1818       623.7456     16501.0684       0.3036     1.2000e-14      18799.999
 0.610780   318800.0000    0.640883    7.0868e+00       3.5043    5.0291e+03    0.091630      623.5203         0.1819       623.5203     16501.0684       0.3034     1.2000e-14      18799.999
 0.611980   320000.0000    0.641195    3.1584e+00       3.5055    4.1084e+03    0.061171      619.0129         0.1840       619.0129     16501.0684       0.3005     1.2000e-14      18799.999
 0.613980   322000.0000    0.641508    3.3082e+00       3.5059    4.1560e+03    0.062605      600.8750         0.1858       600.8750     16501.0684       0.2975     1.2000e-14      18799.999
 0.615980   324000.0000    0.641944    2.9348e+00       3.5071    4.0327e+03    0.058966      582.8403         0.1855       582.8403     16501.0684       0.2965     1.2000e-14      18799.999
 0.617240   325260.0000    0.642347    1.9334e+01       3.5096    6.4585e+03    0.151348      573.9956         0.1843       573.9956     16501.0684       0.2968     1.2000e-14      18799.999
 0.617260   325279.9688    0.642353    1.4680e+01       3.5096    6.0288e+03    0.131880      573.8550         0.1843       573.8550     16501.0684       0.2968     1.2000e-14      18799.999
 0.617280   325300.0000    0.642360    9.0255e+00       3.5096    5.3385e+03    0.103407      573.7148         0.1843       573.7148     16501.0684       0.2968     1.2000e-14      18799.999
 0.617300   325319.9688    0.642366    4.6050e+00       3.5096    4.5119e+03    0.073863      573.5742         0.1843       573.5742     16501.0684       0.2968     1.2000e-14      18799.999
 0.617380   325400.0312    0.642392    6.8317e+00       3.5101    4.9791e+03    0.089966      573.0127         0.1842       573.0127     16501.0684       0.2969     1.2000e-14      18799.999
 0.617980   326000.0000    0.642770    3.8265e+00       3.5101    4.3074e+03    0.067331      568.9004         0.1823       568.9004     16501.0684       0.2981     1.2000e-14      18799.999
 0.618640   326660.0000    0.643237    7.5724e+00       3.5113    5.1080e+03    0.094718      564.4043         0.1799       564.4043     16501.0684       0.2999     1.2000e-14      18799.999
 0.618800   326819.9688    0.643350    1.7480e+01       3.5134    6.2943e+03    0.143906      563.3145         0.1793       563.3145     16501.0684       0.3003     1.2000e-14      18799.999
 0.619040   327060.0000    0.643520    1.0298e+01       3.5157    5.5126e+03    0.110454      561.6797         0.1784       561.6797     16501.0684       0.3009     1.2000e-14      18799.999
 0.619140   327160.0312    0.643591    7.2596e+00       3.5160    5.0510e+03    0.092740      560.9980         0.1781       560.9980     16501.0684       0.3012     1.2000e-14      18799.999
 0.619200   327220.0000    0.643634    6.6057e+00       3.5162    4.9331e+03    0.088465      560.5898         0.1778       560.5898     16501.0684       0.3013     1.2000e-14      18799.999
 0.619980   328000.0000    0.644186    5.7434e+00       3.5173    4.7629e+03    0.082489      555.2764         0.1750       555.2764     16501.0684       0.3034     1.2000e-14      18799.999
 0.621980   330000.0000    0.644572    3.3354e+00       3.5191    4.1567e+03    0.062862      517.0361         0.1645       517.0361     16501.0684       0.3127     1.2000e-14      18799.999
 0.623980   332000.0000    0.645481    2.9504e+00       3.5205    4.0304e+03    0.059123      464.9512         0.1537       464.9512     16501.0684       0.3218     1.2000e-14      18799.999
 0.624260   332280.0000    0.645635    6.4594e+00       3.5207    4.9024e+03    0.087480      456.9883         0.1522       456.9883     16501.0684       0.3231     1.2000e-14      18799.999
 0.624380   332400.0000    0.645700    9.9367e+00       3.5214    5.4592e+03    0.108501      453.5781         0.1516       453.5781     16501.0684       0.3236     1.2000e-14      18799.999
 0.624580   332600.0312    0.645810    8.3247e+00       3.5227    5.2219e+03    0.099311      447.8906         0.1505       447.8906     16501.0684       0.3245     1.2000e-14      18799.999
 0.624700   332720.0000    0.645876    1.2753e+01       3.5235    5.8089e+03    0.122919      444.4785         0.1498       444.4785     16501.0684       0.3250     1.2000e-14      18799.999
 0.624720   332739.9688    0.645887    1.1017e+01       3.5238    5.6000e+03    0.114247      443.9102         0.1497       443.9102     16501.0684       0.3251     1.2000e-14      18799.999
 0.624740   332760.0000    0.645898    8.0544e+00       3.5238    5.1782e+03    0.097686      443.3418         0.1496       443.3418     16501.0684       0.3252     1.2000e-14      18799.999
 0.624960   332980.0000    0.646018    6.7310e+00       3.5251    4.9500e+03    0.089300      437.0859         0.1484       437.0859     16501.0684       0.3262     1.2000e-14      18799.999
 0.625980   334000.0000    0.646189    3.3886e+00       3.5252    4.1696e+03    0.063361      473.0273         0.1544       473.0273     16501.0684       0.3198     1.2000e-14      18799.999
 0.626420   334440.0312    0.646256    6.3274e+00       3.5257    4.8737e+03    0.086582      489.6758         0.1571       489.6758     16501.0684       0.3168     1.2000e-14      18799.999
 0.626440   334460.0000    0.646259    6.5554e+00       3.5257    4.9170e+03    0.088127      490.4316         0.1573       490.4316     16501.0684       0.3167     1.2000e-14      18799.999
 0.626500   334520.0000    0.646268    6.4415e+00       3.5259    4.8954e+03    0.087359      492.7031         0.1576       492.7031     16501.0684       0.3163     1.2000e-14      18799.999
 0.626540   334560.0000    0.646274    6.2768e+00       3.5260    4.8637e+03    0.086235      494.2168         0.1579       494.2168     16501.0684       0.3160     1.2000e-14      18799.999
 0.627980   336000.0000    0.646468    2.7893e+00       3.5268    3.9706e+03    0.057485      514.9453         0.1614       514.9453     16501.0684       0.3119     1.2000e-14      18799.999
 0.629980   338000.0000    0.646668    3.0534e+00       3.5278    4.0609e+03    0.060145      449.9688         0.1509       449.9688     16501.0684       0.3217     1.2000e-14      18799.999
 0.631980   340000.0000    0.647026    4.7416e+00       3.5282    4.5330e+03    0.074951      539.8223         0.1649       539.8223     16501.0684       0.3067     1.2000e-14      18799.999
 0.632060   340080.0000    0.647041    6.3117e+00       3.5282    4.8690e+03    0.086474      543.4785         0.1654       543.4785     16501.0684       0.3061     1.2000e-14      18799.999
 0.632160   340180.0000    0.647059    7.2811e+00       3.5287    5.0457e+03    0.092878      548.0488         0.1661       548.0488     16501.0684       0.3054     1.2000e-14      18799.999
 0.632280   340300.0000    0.647080    6.0605e+00       3.5295    4.8189e+03    0.084736      553.5332         0.1670       553.5332     16501.0684       0.3045     1.2000e-14      18799.999
 0.633980   342000.0000    0.647120    2.7436e+00       3.5297    3.9527e+03    0.057013      423.6367         0.1429       423.6367     16501.0684       0.3281     1.2000e-14      18799.999
 0.635980   344000.0000    0.647159    2.9350e+00       3.5297    4.0199e+03    0.058968      383.2266         0.1340       383.2266     16501.0684       0.3363     1.2000e-14      18799.999
 0.637980   346000.0000    0.647262    2.7036e+00       3.5302    3.9379e+03    0.056596      496.5781         0.1534       496.5781     16501.0684       0.3162     1.2000e-14      18799.999
 0.639980   348000.0000    0.647438    2.7046e+00       3.5310    3.9378e+03    0.056607      606.7070         0.1773       606.7070     16501.0684       0.2913     1.2000e-14      18799.999
 0.641980   350000.0000    0.647662    3.0256e+00       3.5316    4.0494e+03    0.059872      645.5723         0.1824       645.5723     16501.0684       0.2845     1.2000e-14      18799.999
 0.643980   352000.0000    0.647815    3.6134e+00       3.5322    4.2329e+03    0.065429      554.3008         0.1636       554.3008     16501.0684       0.3013     1.2000e-14      18799.999
 0.645980   354000.0000    0.648021    3.0512e+00       3.5339    4.0566e+03    0.060124      559.4570         0.1683       559.4570     16501.0684       0.2944     1.2000e-14      18799.999
 0.647980   356000.0000    0.648253    2.7857e+00       3.5343    3.9651e+03    0.057449      662.5840         0.1943       662.5840     16501.0684       0.2659     1.2000e-14      18799.999
 0.649980   358000.0000    0.648309    3.0632e+00       3.5346    4.0602e+03    0.060243      608.3516         0.1832       608.3516     16501.0684       0.2746     1.2000e-14      18799.999
 0.651980   360000.0000    0.648651    3.1617e+00       3.5359    4.0917e+03    0.061203      586.4814         0.1798       586.4814     16501.0684       0.2751     1.2000e-14      18799.999
 0.653980   362000.0000    0.648776    3.3729e+00       3.5366    4.1580e+03    0.063214      602.2998         0.1820       602.2998     16501.0684       0.2697     1.2000e-14      18799.999
 0.655980   364000.0000    0.648941    2.6053e+00       3.5372    3.8977e+03    0.055557      697.4727         0.1974       697.4727     16501.0684       0.2510     1.2000e-14      18799.999
 0.657980   366000.0000    0.649195    3.9119e+00       3.5382    4.3141e+03    0.068078      842.4746         0.2203       842.4746     16501.0684       0.2244     1.2000e-14      18799.999
 0.659980   368000.0000    0.649339    3.0442e+00       3.5389    4.0515e+03    0.060055      926.9629         0.2304       926.9629     16501.0684       0.2106     1.2000e-14      18799.999
 0.661980   370000.0000    0.649633    2.8105e+00       3.5404    3.9705e+03    0.057703      939.0007         0.2332       939.0007     16501.0684       0.2039     1.2000e-14      18799.999
 0.663980   372000.0000    0.649905    2.8713e+00       3.5411    3.9914e+03    0.058325      893.6211         0.2293       893.6211     16501.0684       0.2041     1.2000e-14      18799.999
 0.665980   374000.0000    0.650091    2.6561e+00       3.5420    3.9139e+03    0.056096      808.6875         0.2188       808.6875     16501.0684       0.2111     1.2000e-14      18799.999
 0.667920   375940.0000    0.650491    3.2726e+01       3.5424    7.3325e+03    0.196906      705.2695         0.2044       705.2695     16501.0684       0.2222     1.2000e-14      18799.999
 0.667940   375960.0312    0.650506    1.6679e+01       3.5424    6.1954e+03    0.140570      704.1562         0.2042       704.1562     16501.0684       0.2223     1.2000e-14      18799.999
 0.667980   376000.0000    0.650537    1.9326e+01       3.5440    6.4263e+03    0.151315      701.9336         0.2039       701.9336     16501.0684       0.2225     1.2000e-14      18799.999
 0.668120   376140.0312    0.650644    1.0754e+01       3.5449    5.5497e+03    0.112875      694.1562         0.2029       694.1562     16501.0684       0.2232     1.2000e-14      18799.999
 0.668140   376160.0000    0.650659    6.2715e+00       3.5449    4.8497e+03    0.086198      693.0469         0.2027       693.0469     16501.0684       0.2233     1.2000e-14      18799.999
 0.668200   376220.0312    0.650705    7.2728e+00       3.5449    5.0327e+03    0.092825      689.7148         0.2023       689.7148     16501.0684       0.2236     1.2000e-14      18799.999
 0.668240   376260.0000    0.650735    5.8868e+00       3.5459    4.7729e+03    0.083513      687.4922         0.2019       687.4922     16501.0684       0.2239     1.2000e-14      18799.999
 0.669000   377020.0312    0.651316    4.9346e+00       3.5462    4.5668e+03    0.076461      645.2695         0.1961       645.2695     16501.0684       0.2279     1.2000e-14      18799.999
 0.669320   377340.0000    0.651560    7.0141e+00       3.5482    4.9850e+03    0.091159      627.4961         0.1937       627.4961     16501.0684       0.2296     1.2000e-14      18799.999
 0.669460   377480.0000    0.651667    8.8663e+00       3.5491    5.2851e+03    0.102491      619.7188         0.1926       619.7188     16501.0684       0.2304     1.2000e-14      18799.999
 0.669660   377679.9688    0.651820    6.7294e+00       3.5501    4.9323e+03    0.089290      608.6094         0.1911       608.6094     16501.0684       0.2315     1.2000e-14      18799.999
 0.669720   377740.0000    0.651866    5.8023e+00       3.5503    4.7527e+03    0.082911      605.2773         0.1906       605.2773     16501.0684       0.2318     1.2000e-14      18799.999
 0.669760   377780.0000    0.651897    5.0086e+00       3.5503    4.5811e+03    0.077032      603.0547         0.1903       603.0547     16501.0684       0.2320     1.2000e-14      18799.999
 0.669980   378000.0000    0.652065    2.8873e+00       3.5503    3.9918e+03    0.058487      590.8320         0.1886       590.8320     16501.0684       0.2332     1.2000e-14      18799.999
 0.670820   378840.0000    0.652342    4.9837e+00       3.5511    4.5749e+03    0.076840      543.6680         0.1813       543.6680     16501.0684       0.2391     1.2000e-14      18799.999
 0.670860   378880.0000    0.652355    6.8010e+00       3.5512    4.9447e+03    0.089764      541.4219         0.1809       541.4219     16501.0684       0.2394     1.2000e-14      18799.999
 0.670980   378999.9688    0.652394    8.5396e+00       3.5518    5.2337e+03    0.100585      534.6836         0.1799       534.6836     16501.0684       0.2403     1.2000e-14      18799.999
 0.671000   379020.0000    0.652400    8.3848e+00       3.5519    5.2098e+03    0.099669      533.5586         0.1797       533.5586     16501.0684       0.2404     1.2000e-14      18799.999
 0.671180   379200.0000    0.652458    6.8835e+00       3.5529    4.9584e+03    0.090306      523.4492         0.1781       523.4492     16501.0684       0.2417     1.2000e-14      18799.999
 0.671260   379280.0000    0.652483    4.8888e+00       3.5531    4.5517e+03    0.076105      518.9570         0.1774       518.9570     16501.0684       0.2423     1.2000e-14      18799.999
 0.671980   380000.0000    0.652714    2.5007e+00       3.5533    3.8493e+03    0.054431      478.5195         0.1711       478.5195     16501.0684       0.2474     1.2000e-14      18799.999
 0.672700   380720.0000    0.652922    4.6435e+00       3.5541    4.4929e+03    0.074171      451.5581         0.1659       451.5581     16501.0684       0.2514     1.2000e-14      18799.999
 0.672800   380820.0000    0.652942    5.9369e+00       3.5541    4.7775e+03    0.083867      452.6772         0.1656       452.6772     16501.0684       0.2515     1.2000e-14      18799.999
 0.672920   380940.0000    0.652967    4.7044e+00       3.5542    4.5075e+03    0.074656      454.0200         0.1653       454.0200     16501.0684       0.2517     1.2000e-14      18799.999
 0.673980   382000.0000    0.653188    3.6187e+00       3.5543    4.2212e+03    0.065477      465.8838         0.1622       465.8838     16501.0684       0.2532     1.2000e-14      18799.999
 0.674140   382159.9688    0.653221    5.2354e+00       3.5548    4.6292e+03    0.078757      467.6743         0.1617       467.6743     16501.0684       0.2534     1.2000e-14      18799.999
 0.674160   382180.0000    0.653225    7.4072e+00       3.5548    5.0488e+03    0.093679      467.8984         0.1616       467.8984     16501.0684       0.2534     1.2000e-14      18799.999
 0.674180   382199.9688    0.653229    1.1064e+01       3.5548    5.5814e+03    0.114488      468.1221         0.1616       468.1221     16501.0684       0.2535     1.2000e-14      18799.999
 0.674200   382220.0000    0.653234    1.5112e+01       3.5548    6.0339e+03    0.133806      468.3462         0.1615       468.3462     16501.0684       0.2535     1.2000e-14      18799.999
 0.674220   382240.0312    0.653238    1.3740e+01       3.5548    5.8920e+03    0.127586      468.5703         0.1615       468.5703     16501.0684       0.2535     1.2000e-14      18799.999
 0.674240   382260.0000    0.653242    1.0642e+01       3.5548    5.5275e+03    0.112287      468.7939         0.1614       468.7939     16501.0684       0.2535     1.2000e-14      18799.999
 0.674260   382280.0312    0.653246    7.2915e+00       3.5551    5.0287e+03    0.092944      469.0181         0.1614       469.0181     16501.0684       0.2536     1.2000e-14      18799.999
 0.674280   382300.0000    0.653250    3.6829e+00       3.5552    4.2393e+03    0.066056      469.2412         0.1613       469.2412     16501.0684       0.2536     1.2000e-14      18799.999
 0.674340   382360.0000    0.653263    4.8593e+00       3.5552    4.5435e+03    0.075875      469.9131         0.1611       469.9131     16501.0684       0.2537     1.2000e-14      18799.999
 0.674940   382960.0000    0.653388    4.5270e+00       3.5558    4.4633e+03    0.073235      476.6279         0.1594       476.6279     16501.0684       0.2545     1.2000e-14      18799.999
 0.675000   383020.0000    0.653400    7.1339e+00       3.5558    5.0008e+03    0.091934      477.3000         0.1592       477.3000     16501.0684       0.2546     1.2000e-14      18799.999
 0.675020   383039.9688    0.653416    8.7114e+00       3.5558    5.2569e+03    0.101591      477.7881         0.1592       477.7881     16501.0684       0.2545     1.2000e-14      18799.999
 0.675040   383060.0000    0.653433    1.2172e+01       3.5559    5.7153e+03    0.120086      478.2803         0.1592       478.2803     16501.0684       0.2545     1.2000e-14      18799.999
 0.675060   383079.9688    0.653449    1.7635e+01       3.5562    6.2701e+03    0.144544      478.7705         0.1593       478.7705     16501.0684       0.2544     1.2000e-14      18799.999
 0.675080   383100.0000    0.653465    2.1507e+01       3.5565    6.5889e+03    0.159625      479.2607         0.1593       479.2607     16501.0684       0.2543     1.2000e-14      18799.999
 0.675100   383120.0312    0.653482    2.9368e+01       3.5569    7.1221e+03    0.186531      479.7529         0.1593       479.7529     16501.0684       0.2543     1.2000e-14      18799.999
 0.675120   383140.0000    0.653498    4.1169e+01       3.5583    7.7482e+03    0.220851      480.2432         0.1594       480.2432     16501.0684       0.2542     1.2000e-14      18799.999
 0.675140   383160.0312    0.653514    3.0042e+01       3.5589    7.1606e+03    0.188658      480.7334         0.1594       480.7334     16501.0684       0.2541     1.2000e-14      18799.999
 0.675160   383180.0000    0.653531    2.4502e+01       3.5594    6.8044e+03    0.170379      481.2236         0.1594       481.2236     16501.0684       0.2541     1.2000e-14      18799.999
 0.675180   383200.0312    0.653547    1.7498e+01       3.5599    6.2546e+03    0.143980      481.7139         0.1595       481.7139     16501.0684       0.2540     1.2000e-14      18799.999
 0.675200   383220.0000    0.653563    1.0349e+01       3.5603    5.4848e+03    0.110730      482.2041         0.1595       482.2041     16501.0684       0.2539     1.2000e-14      18799.999
 0.675280   383299.9688    0.653628    1.4100e+01       3.5614    5.9247e+03    0.129246      484.1670         0.1596       484.1670     16501.0684       0.2536     1.2000e-14      18799.999
 0.675300   383320.0000    0.653645    1.4939e+01       3.5616    6.0108e+03    0.133037      484.6572         0.1596       484.6572     16501.0684       0.2536     1.2000e-14      18799.999
 0.675320   383340.0312    0.653661    1.2615e+01       3.5618    5.7619e+03    0.122252      485.1494         0.1597       485.1494     16501.0684       0.2535     1.2000e-14      18799.999
 0.675340   383360.0000    0.653677    1.0052e+01       3.5618    5.4438e+03    0.109127      485.6377         0.1597       485.6377     16501.0684       0.2534     1.2000e-14      18799.999
 0.675360   383380.0312    0.653694    8.3862e+00       3.5618    5.2028e+03    0.099677      486.1299         0.1597       486.1299     16501.0684       0.2534     1.2000e-14      18799.999
 0.675420   383440.0000    0.653743    6.6762e+00       3.5618    4.9145e+03    0.088936      487.6006         0.1598       487.6006     16501.0684       0.2532     1.2000e-14      18799.999
 0.675440   383460.0000    0.653759    5.4677e+00       3.5618    4.6751e+03    0.080485      488.0908         0.1598       488.0908     16501.0684       0.2531     1.2000e-14      18799.999
 0.675600   383620.0000    0.653890    4.6913e+00       3.5618    4.4995e+03    0.074552      492.0146         0.1601       492.0146     16501.0684       0.2525     1.2000e-14      18799.999
 0.675980   384000.0000    0.654200    2.8884e+00       3.5623    3.9854e+03    0.058498      501.3350         0.1606       501.3350     16501.0684       0.2512     1.2000e-14      18799.999
 0.676400   384420.0000    0.654542    4.6127e+00       3.5623    4.4802e+03    0.073925      511.6377         0.1612       511.6377     16501.0684       0.2497     1.2000e-14      18799.999
 0.676600   384619.9688    0.654706    5.2427e+00       3.5633    4.6253e+03    0.078811      516.5439         0.1615       516.5439     16501.0684       0.2491     1.2000e-14      18799.999
 0.676700   384720.0000    0.654787    6.1540e+00       3.5637    4.8141e+03    0.085387      518.9971         0.1617       518.9971     16501.0684       0.2487     1.2000e-14      18799.999
 0.676720   384740.0312    0.654804    6.1465e+00       3.5638    4.8126e+03    0.085335      519.4873         0.1617       519.4873     16501.0684       0.2486     1.2000e-14      18799.999
 0.676820   384839.9688    0.654885    5.3216e+00       3.5642    4.6420e+03    0.079402      521.9404         0.1618       521.9404     16501.0684       0.2483     1.2000e-14      18799.999
 0.676880   384900.0000    0.654934    4.4924e+00       3.5642    4.4495e+03    0.072954      523.4111         0.1619       523.4111     16501.0684       0.2481     1.2000e-14      18799.999
 0.677980   386000.0000    0.655457    2.4750e+00       3.5643    3.8334e+03    0.054150      540.1942         0.1637       540.1942     16501.0684       0.2445     1.2000e-14      18799.999
 0.679980   388000.0000    0.655529    3.7356e+00       3.5647    4.2487e+03    0.066526      546.7543         0.1674       546.7543     16501.0684       0.2386     1.2000e-14      18799.999
 0.680060   388080.0312    0.655538    4.4151e+00       3.5647    4.4300e+03    0.072324      545.3262         0.1674       545.3262     16501.0684       0.2386     1.2000e-14      18799.999
 0.680200   388219.9688    0.655557    5.2291e+00       3.5650    4.6212e+03    0.078709      541.8398         0.1671       541.8398     16501.0684       0.2386     1.2000e-14      18799.999
 0.680320   388340.0312    0.655573    4.5750e+00       3.5654    4.4691e+03    0.073622      538.8516         0.1670       538.8516     16501.0684       0.2387     1.2000e-14      18799.999
 0.681980   390000.0000    0.655799    2.6234e+00       3.5661    3.8887e+03    0.055750      497.5176         0.1644       497.5176     16501.0684       0.2394     1.2000e-14      18799.999
 0.683980   392000.0000    0.655917    2.4479e+00       3.5661    3.8219e+03    0.053853      463.7031         0.1607       463.7031     16501.0684       0.2411     1.2000e-14      18799.999
 0.685980   394000.0000    0.656060    2.4710e+00       3.5670    3.8304e+03    0.054107      460.2881         0.1604       460.2881     16501.0684       0.2395     1.2000e-14      18799.999
 0.687980   396000.0000    0.656268    2.5791e+00       3.5676    3.8713e+03    0.055277      481.5488         0.1630       481.5488     16501.0684       0.2350     1.2000e-14      18799.999
 0.689540   397560.0312    0.656393    4.1898e+00       3.5676    4.3705e+03    0.070455      495.3584         0.1637       495.3584     16501.0684       0.2330     1.2000e-14      18799.999
 0.689580   397600.0312    0.656396    4.2771e+00       3.5677    4.3931e+03    0.071185      495.7124         0.1637       495.7124     16501.0684       0.2329     1.2000e-14      18799.999
 0.689640   397660.0000    0.656401    4.1967e+00       3.5680    4.3721e+03    0.070513      496.2432         0.1637       496.2432     16501.0684       0.2328     1.2000e-14      18799.999
 0.689980   398000.0000    0.656428    3.1767e+00       3.5685    4.0778e+03    0.061348      499.2524         0.1638       499.2524     16501.0684       0.2324     1.2000e-14      18799.999
 0.691280   399300.0000    0.656619    4.1222e+00       3.5690    4.3520e+03    0.069884      466.9277         0.1564       466.9277     16501.0684       0.2387     1.2000e-14      18799.999
 0.691420   399440.0312    0.656640    4.4482e+00       3.5692    4.4354e+03    0.072594      463.3711         0.1556       463.3711     16501.0684       0.2394     1.2000e-14      18799.999
 0.691500   399520.0000    0.656652    4.8280e+00       3.5694    4.5271e+03    0.075630      461.3418         0.1551       461.3418     16501.0684       0.2398     1.2000e-14      18799.999
 0.691600   399620.0312    0.656667    4.4806e+00       3.5696    4.4432e+03    0.072858      458.8008         0.1545       458.8008     16501.0684       0.2403     1.2000e-14      18799.999
 0.691640   399660.0312    0.656673    4.1864e+00       3.5697    4.3684e+03    0.070426      457.7852         0.1543       457.7852     16501.0684       0.2405     1.2000e-14      18799.999
 0.691980   400000.0000    0.656723    2.7908e+00       3.5697    3.9472e+03    0.057501      449.1523         0.1523       449.1523     16501.0684       0.2421     1.2000e-14      18799.999
 0.693980   402000.0000    0.656847    2.4900e+00       3.5703    3.8359e+03    0.054314      365.7930         0.1422       365.7930     16501.0684       0.2507     1.2000e-14      18799.999
 0.695980   404000.0000    0.656958    2.5249e+00       3.5708    3.8491e+03    0.054694      377.3047         0.1429       377.3047     16501.0684       0.2485     1.2000e-14      18799.999
 0.697600   405620.0000    0.657093    4.0406e+00       3.5712    4.3289e+03    0.069189      473.8887         0.1520       473.8887     16501.0684       0.2383     1.2000e-14      18799.999
 0.697620   405639.9688    0.657096    4.0574e+00       3.5712    4.3334e+03    0.069333      474.6348         0.1521       474.6348     16501.0684       0.2381     1.2000e-14      18799.999
 0.697640   405660.0000    0.657099    4.0492e+00       3.5712    4.3312e+03    0.069263      475.3828         0.1522       475.3828     16501.0684       0.2380     1.2000e-14      18799.999
 0.697660   405680.0312    0.657101    4.0256e+00       3.5712    4.3249e+03    0.069060      476.1328         0.1523       476.1328     16501.0684       0.2379     1.2000e-14      18799.999
 0.697980   406000.0000    0.657143    2.5910e+00       3.5715    3.8736e+03    0.055404      488.0918         0.1537       488.0918     16501.0684       0.2362     1.2000e-14      18799.999
 0.699980   408000.0000    0.657407    2.6083e+00       3.5726    3.8795e+03    0.055589      562.8438         0.1629       562.8438     16501.0684       0.2256     1.2000e-14      18799.999
 0.700540   408560.0000    0.657488    4.0131e+00       3.5726    4.3207e+03    0.068953      558.1963         0.1632       558.1963     16501.0684       0.2248     1.2000e-14      18799.999
 0.700600   408620.0312    0.657496    5.6005e+00       3.5731    4.6958e+03    0.081457      557.5967         0.1632       557.5967     16501.0684       0.2248     1.2000e-14      18799.999
 0.700660   408680.0000    0.657505    6.3267e+00       3.5733    4.8410e+03    0.086577      556.9980         0.1633       556.9980     16501.0684       0.2247     1.2000e-14      18799.999
 0.700860   408880.0312    0.657534    4.0654e+00       3.5735    4.3342e+03    0.069401      555.0000         0.1634       555.0000     16501.0684       0.2244     1.2000e-14      18799.999
 0.701980   410000.0000    0.657695    2.4592e+00       3.5740    3.8221e+03    0.053977      543.8135         0.1639       543.8135     16501.0684       0.2231     1.2000e-14      18799.999
 0.703980   412000.0000    0.657841    2.3765e+00       3.5745    3.7893e+03    0.053062      451.9375         0.1499       451.9375     16501.0684       0.2358     1.2000e-14      18799.999
 0.705980   414000.0000    0.658235    2.3695e+00       3.5746    3.7864e+03    0.052984      396.9158         0.1395       396.9158     16501.0684       0.2447     1.2000e-14      18799.999
 0.706180   414199.9688    0.658305    4.1993e+00       3.5746    4.3687e+03    0.070534      397.8782         0.1394       397.8782     16501.0684       0.2446     1.2000e-14      18799.999
 0.706220   414239.9688    0.658319    5.9615e+00       3.5746    4.7687e+03    0.084041      398.0706         0.1394       398.0706     16501.0684       0.2446     1.2000e-14      18799.999
 0.706280   414300.0000    0.658341    8.3266e+00       3.5749    5.1839e+03    0.099322      398.3594         0.1393       398.3594     16501.0684       0.2446     1.2000e-14      18799.999
 0.706440   414459.9688    0.658397    1.0469e+01       3.5764    5.4882e+03    0.111369      399.1292         0.1393       399.1292     16501.0684       0.2446     1.2000e-14      18799.999
 0.706520   414540.0312    0.658425    9.4127e+00       3.5768    5.3439e+03    0.105601      399.5144         0.1392       399.5144     16501.0684       0.2445     1.2000e-14      18799.999
 0.706660   414679.9688    0.658474    7.9301e+00       3.5772    5.1195e+03    0.096929      400.1877         0.1391       400.1877     16501.0684       0.2445     1.2000e-14      18799.999
 0.706760   414780.0000    0.658510    5.5018e+00       3.5774    4.6722e+03    0.080736      400.6692         0.1391       400.6692     16501.0684       0.2445     1.2000e-14      18799.999
 0.706820   414840.0000    0.658531    4.1519e+00       3.5782    4.3542e+03    0.070135      400.9580         0.1390       400.9580     16501.0684       0.2444     1.2000e-14      18799.999
 0.707820   415840.0000    0.658858    3.8632e+00       3.5785    4.2762e+03    0.067653      381.6289         0.1369       381.6289     16501.0684       0.2457     1.2000e-14      18799.999
 0.707900   415920.0000    0.658880    4.6163e+00       3.5789    4.4707e+03    0.073954      375.9805         0.1365       375.9805     16501.0684       0.2461     1.2000e-14      18799.999
 0.707980   416000.0000    0.658903    5.6350e+00       3.5792    4.6990e+03    0.081707      370.3320         0.1361       370.3320     16501.0684       0.2464     1.2000e-14      18799.999
 0.708020   416039.9688    0.658914    5.9544e+00       3.5794    4.7641e+03    0.083991      367.5078         0.1359       367.5078     16501.0684       0.2466     1.2000e-14      18799.999
 0.708240   416259.9688    0.658974    5.4141e+00       3.5801    4.6517e+03    0.080090      351.9727         0.1347       351.9727     16501.0684       0.2476     1.2000e-14      18799.999
 0.708320   416340.0312    0.658996    4.3048e+00       3.5804    4.3923e+03    0.071415      346.3164         0.1342       346.3164     16501.0684       0.2480     1.2000e-14      18799.999
 0.708380   416399.9688    0.659013    3.8262e+00       3.5805    4.2648e+03    0.067328      342.0820         0.1339       342.0820     16501.0684       0.2482     1.2000e-14      18799.999
 0.709980   418000.0000    0.659455    3.0890e+00       3.5810    4.0423e+03    0.060495      229.0898         0.1254       229.0898     16501.0684       0.2555     1.2000e-14      18799.999
 0.711980   420000.0000    0.659611    2.4553e+00       3.5815    3.8166e+03    0.053935      200.0703         0.1249       200.0703     16501.0684       0.2550     1.2000e-14      18799.999
 0.713700   421720.0000    0.659832    3.7901e+00       3.5819    4.2539e+03    0.067010      214.6221         0.1249       214.6221     16501.0684       0.2539     1.2000e-14      18799.999
 0.713880   421900.0000    0.659860    4.5717e+00       3.5824    4.4577e+03    0.073596      217.8926         0.1249       217.8926     16501.0684       0.2538     1.2000e-14      18799.999
 0.714060   422080.0000    0.659887    3.6670e+00       3.5831    4.2182e+03    0.065913      221.1631         0.1250       221.1631     16501.0684       0.2537     1.2000e-14      18799.999
 0.715820   423840.0000    0.660125    4.2022e+00       3.5837    4.3640e+03    0.070559      279.3789         0.1279       279.3789     16501.0684       0.2497     1.2000e-14      18799.999
 0.715960   423980.0312    0.660141    3.6256e+00       3.5841    4.2057e+03    0.065540      286.4062         0.1284       286.4062     16501.0684       0.2492     1.2000e-14      18799.999
 0.716480   424500.0000    0.660202    2.3778e+00       3.5847    3.7844e+03    0.053077      312.4961         0.1301       312.4961     16501.0684       0.2471     1.2000e-14      18799.999
