Time (Myr)  Time-t0 (yr) Mstar (Msun)  Lstar (Lsun)  Rstar (Rsun)  Tstar (K)  Rdisk_in (AU)  Rdisk_out (AU)  Mdisk (Msun)  Renv_in (AU)  Renv_out (AU)  Menv (Msun)  Omega_0 (1/s)   c_s (cm/s)
 0.168500        0.0000    0.002602    0.0000e+00    1078.0000    0.0000e+00    0.000000        0.0000         0.0000         4.8721     17532.3867       1.3036     2.0000e-14      18799.999
 0.169500     1000.0000    0.012648    3.2607e-03    1078.0000    4.1995e+01    0.001965        0.0000         0.0000         4.8721     17532.3867       1.2936     2.0000e-14      18799.999
 0.170500     2000.0000    0.021920    5.0712e-03    1078.0000    4.6897e+01    0.002451        0.0000         0.0000         4.8721     17532.3867       1.2851     2.0000e-14      18799.999
 0.171500     3000.0000    0.030419    6.5877e-03    1078.0000    5.0067e+01    0.002794        0.0000         0.0000         4.8721     17532.3867       1.2782     2.0000e-14      18799.999
 0.172500     4000.0000    0.038918    8.0342e-03    1078.0000    5.2614e+01    0.003085        0.0000         0.0000         4.8721     17532.3867       1.2713     2.0000e-14      18799.999
 0.173500     5000.0000    0.046530    9.2503e-03    1078.0000    5.4501e+01    0.003310        0.0000         0.0000         4.8721     17532.3867       1.2621     2.0000e-14      18799.999
 0.174500     6000.0000    0.054142    1.0434e-02    1078.0000    5.6166e+01    0.003516        0.0000         0.0000         4.8721     17532.3867       1.2529     2.0000e-14      18799.999
 0.175500     7000.0000    0.061490    1.1540e-02    1077.9800    5.7600e+01    0.003698        0.0000         0.0000         4.8721     17532.3867       1.2454     2.0000e-14      18799.999
 0.176500     8000.0000    0.068574    1.2576e-02    1077.9300    5.8853e+01    0.003860        0.0000         0.0000         4.8721     17532.3867       1.2397     2.0000e-14      18799.999
 0.177500     9000.0000    0.075658    1.3596e-02    1077.7700    6.0016e+01    0.004013        0.0000         0.0000         4.8721     17532.3867       1.2340     2.0000e-14      18799.999
 0.178500    10000.0000    0.082413    1.4547e-02    1077.3400    6.1051e+01    0.004151        0.0000         0.0000         4.8721     17532.3867       1.2259     2.0000e-14      18799.999
 0.179500    11000.0000    0.089168    1.5496e-02    1076.2900    6.2054e+01    0.004285        0.0000         0.0000         4.8721     17532.3867       1.2178     2.0000e-14      18799.999
 0.180500    12000.0000    0.095790    1.6434e-02    1073.9200    6.3041e+01    0.004412        0.0000         0.0000         4.8721     17532.3867       1.2111     2.0000e-14      18799.999
 0.181500    13000.0000    0.102279    1.7387e-02    1068.9100    6.4086e+01    0.004539        0.0000         0.0000         4.8721     17532.3867       1.2059     2.0000e-14      18799.999
 0.182500    14000.0000    0.108768    1.8428e-02    1058.9200    6.5330e+01    0.004672        0.0000         0.0000         4.8721     17532.3867       1.2007     2.0000e-14      18799.999
 0.183500    15000.0000    0.115064    1.9617e-02    1039.9600    6.6962e+01    0.004821        0.0000         0.0000         4.8721     17532.3867       1.1931     2.0000e-14      18799.999
 0.184500    16000.0000    0.121360    2.1164e-02    1005.6000    6.9400e+01    0.005007        0.0000         0.0000         4.8721     17532.3867       1.1855     2.0000e-14      18799.999
 0.185500    17000.0000    0.127571    2.3400e-02     946.3150    7.3361e+01    0.005265        0.0000         0.0000         4.8721     17532.3867       1.1793     2.0000e-14      18799.999
 0.186500    18000.0000    0.133697    2.7028e-02     850.4760    8.0223e+01    0.005659        0.0000         0.0000         4.8721     17532.3867       1.1744     2.0000e-14      18799.999
 0.187500    19000.0000    0.139823    3.3484e-02     711.5630    9.2529e+01    0.006298        0.0000         0.0000         4.8721     17532.3867       1.1694     2.0000e-14      18799.999
 0.188500    20000.0000    0.145819    4.5341e-02     543.4300    1.1422e+02    0.007329        0.0000         0.0000         4.8721     17532.3867       1.1622     2.0000e-14      18799.999
 0.189500    21000.0000    0.151815    6.6594e-02     382.1850    1.4993e+02    0.008882        0.0000         0.0000         4.8721     17532.3867       1.1550     2.0000e-14      18799.999
 0.190500    22000.0000    0.157751    1.0238e-01     256.3990    2.0383e+02    0.011013        0.0000         0.0000         4.8721     17532.3867       1.1491     2.0000e-14      18799.999
 0.191500    23000.0000    0.163626    1.5932e-01     169.7100    2.7983e+02    0.013739        0.0000         0.0000         4.8721     17532.3867       1.1444     2.0000e-14      18799.999
 0.192500    24000.0000    0.169502    2.4629e-01     112.9710    3.8243e+02    0.017082        0.0000         0.0000         4.8721     17532.3867       1.1396     2.0000e-14      18799.999
 0.193500    25000.0000    0.175281    3.7483e-01      76.2783    5.1693e+02    0.021073        0.0000         0.0000         4.8721     17532.3867       1.1327     2.0000e-14      18799.999
 0.194500    26000.0000    0.181060    5.6972e-01      52.4328    6.9230e+02    0.025980        0.0000         0.0000         4.8721     17532.3867       1.1258     2.0000e-14      18799.999
 0.195500    27000.0000    0.186787    9.9695e-01      36.7593    9.5096e+02    0.034368        0.0000         0.0000         4.8721     17532.3867       1.1200     2.0000e-14      18799.999
 0.196500    28000.0000    0.192460    2.1651e+00      26.3186    1.3643e+03    0.050647        0.0000         0.0000         4.8721     17532.3867       1.1155     2.0000e-14      18799.999
 0.197500    29000.0000    0.198133    5.0779e+00      19.2688    1.9732e+03    0.077563        0.0000         0.0000         4.8721     17532.3867       1.1109     2.0000e-14      18799.999
 0.198500    30000.0000    0.203699    6.4906e+00      14.4460    2.4231e+03    0.087691        0.0000         0.0000         4.8721     17532.3867       1.1042     2.0000e-14      18799.999
 0.199500    31000.0000    0.209266    7.0961e+00      11.1050    2.8260e+03    0.091690        0.0000         0.0000         4.8721     17532.3867       1.0975     2.0000e-14      18799.999
 0.200500    32000.0000    0.214754    7.8717e+00       8.7632    3.2648e+03    0.096571        0.0000         0.0000         4.8721     17532.3867       1.0920     2.0000e-14      18799.999
 0.201500    33000.0000    0.220164    8.8001e+00       7.1035    3.7287e+03    0.102107        0.0000         0.0000         4.8721     17532.3867       1.0876     2.0000e-14      18799.999
 0.202500    34000.0000    0.225574    9.8695e+00       5.9148    4.2051e+03    0.108134        0.0000         0.0000         4.8721     17532.3867       1.0832     2.0000e-14      18799.999
 0.203500    35000.0000    0.226900    4.0015e+00       5.0551    3.6297e+03    0.068853        8.1195         0.0042         8.1195     17532.3867       1.0766     2.0000e-14      18799.999
 0.204500    36000.0000    0.228225    4.6630e+00       4.4275    4.0296e+03    0.074327       16.2391         0.0085        16.2391     17532.3867       1.0700     2.0000e-14      18799.999
 0.205500    37000.0000    0.229585    4.4007e+00       3.9654    4.1968e+03    0.072206       20.7650         0.0125        20.7650     17532.3867       1.0640     2.0000e-14      18799.999
 0.206500    38000.0000    0.230978    5.6039e+00       3.6222    4.6646e+03    0.081481       21.6971         0.0164        21.6971     17532.3867       1.0585     2.0000e-14      18799.999
 0.207500    39000.0000    0.232372    5.4444e+00       3.3654    4.8045e+03    0.080314       22.6293         0.0203        22.6293     17532.3867       1.0531     2.0000e-14      18799.999
 0.208500    40000.0000    0.234823    9.2732e+00       3.1717    5.6537e+03    0.104816       24.4831         0.0229        24.4831     17532.3867       1.0477     2.0000e-14      18799.999
 0.209500    41000.0000    0.237274    9.1991e+00       3.0247    5.7779e+03    0.104396       26.3369         0.0256        26.3369     17532.3867       1.0423     2.0000e-14      18799.999
 0.210500    42000.0000    0.239860    1.3304e+01       2.9123    6.4573e+03    0.125544       29.4838         0.0281        29.4838     17532.3867       1.0369     2.0000e-14      18799.999
 0.211500    43000.0000    0.242583    7.8292e+00       2.8258    5.7416e+03    0.096310       33.9239         0.0305        33.9239     17532.3867       1.0316     2.0000e-14      18799.999
 0.212500    44000.0000    0.245306    1.4610e+01       2.7589    6.7917e+03    0.131566       38.3641         0.0328        38.3641     17532.3867       1.0262     2.0000e-14      18799.999
 0.213500    45000.0000    0.248262    6.6822e+00       2.7068    5.6387e+03    0.088976       37.4401         0.0348        37.4401     17532.3867       1.0209     2.0000e-14      18799.999
 0.214500    46000.0000    0.251217    1.1567e+01       2.6659    6.5172e+03    0.117065       36.5161         0.0369        36.5161     17532.3867       1.0156     2.0000e-14      18799.999
 0.215500    47000.0000    0.254075    6.1944e+00       2.6338    5.6090e+03    0.085667       38.0874         0.0390        38.0874     17532.3867       1.0103     2.0000e-14      18799.999
 0.216500    48000.0000    0.256836    1.5990e+01       2.6084    7.1441e+03    0.137637       42.1541         0.0413        42.1541     17532.3867       1.0050     2.0000e-14      18799.999
 0.217500    49000.0000    0.259596    9.2146e+00       2.5882    6.2488e+03    0.104484       46.2209         0.0435        46.2209     17532.3867       0.9996     2.0000e-14      18799.999
 0.218500    50000.0000    0.261820    1.1077e+01       2.5721    6.5636e+03    0.114558       43.8099         0.0463        43.8099     17532.3867       0.9944     2.0000e-14      18799.999
 0.219500    51000.0000    0.264045    5.4911e+00       2.5591    5.5214e+03    0.080657       41.3988         0.0491        41.3988     17532.3867       0.9891     2.0000e-14      18799.999
 0.220500    52000.0000    0.266338    1.1353e+01       2.5487    6.6344e+03    0.115977       40.4468         0.0518        40.4468     17532.3867       0.9839     2.0000e-14      18799.999
 0.221500    53000.0000    0.268699    1.3449e+01       2.5402    6.9329e+03    0.126230       40.9539         0.0544        40.9539     17532.3867       0.9786     2.0000e-14      18799.999
 0.222500    54000.0000    0.271061    7.1958e+00       2.5334    5.9374e+03    0.092332       41.4609         0.0571        41.4609     17532.3867       0.9733     2.0000e-14      18799.999
 0.223500    55000.0000    0.273502    5.2813e+00       2.5278    5.5017e+03    0.079101       48.5785         0.0597        48.5785     17532.3867       0.9680     2.0000e-14      18799.999
 0.224500    56000.0000    0.275943    4.4543e+00       2.5232    5.2771e+03    0.072644       55.6960         0.0623        55.6960     17532.3867       0.9627     2.0000e-14      18799.999
 0.225500    57000.0000    0.278219    6.6043e+00       2.5194    5.8275e+03    0.088456       58.0342         0.0651        58.0342     17532.3867       0.9574     2.0000e-14      18799.999
 0.226500    58000.0000    0.280330    7.1540e+00       2.5163    5.9488e+03    0.092064       55.5933         0.0679        55.5933     17532.3867       0.9521     2.0000e-14      18799.999
 0.227500    59000.0000    0.282441    1.0563e+01       2.5138    6.5608e+03    0.111866       53.1525         0.0708        53.1525     17532.3867       0.9469     2.0000e-14      18799.999
 0.228500    60000.0000    0.285181    4.8240e+00       2.5116    5.3958e+03    0.075599       57.9073         0.0731        57.9073     17532.3867       0.9416     2.0000e-14      18799.999
 0.229500    61000.0000    0.287921    1.2888e+01       2.5099    6.9008e+03    0.123567       62.6624         0.0754        62.6624     17532.3867       0.9363     2.0000e-14      18799.999
 0.230500    62000.0000    0.290706    5.2471e+00       2.5084    5.5139e+03    0.078845       67.9490         0.0776        67.9490     17532.3867       0.9309     2.0000e-14      18799.999
 0.231500    63000.0000    0.293536    6.8819e+00       2.5071    5.9022e+03    0.090296       73.7673         0.0798        73.7673     17532.3867       0.9256     2.0000e-14      18799.999
 0.232500    64000.0000    0.296366    9.6134e+00       2.5061    6.4180e+03    0.106721       79.5858         0.0820        79.5858     17532.3867       0.9203     2.0000e-14      18799.999
 0.233500    65000.0000    0.299849    7.6961e+00       2.5052    6.0719e+03    0.095488       73.3666         0.0833        73.3666     17532.3867       0.9151     2.0000e-14      18799.999
 0.234500    66000.0000    0.303332    9.0435e+00       2.5045    6.3227e+03    0.103510       67.1473         0.0847        67.1473     17532.3867       0.9098     2.0000e-14      18799.999
 0.235500    67000.0000    0.305916    6.1364e+00       2.5039    5.7392e+03    0.085265       66.6608         0.0872        66.6608     17532.3867       0.9045     2.0000e-14      18799.999
 0.236500    68000.0000    0.307601    1.0559e+01       2.5033    6.5740e+03    0.111849       71.9066         0.0907        71.9066     17532.3867       0.8991     2.0000e-14      18799.999
 0.237500    69000.0000    0.309286    1.1418e+01       2.5029    6.7043e+03    0.116305       77.1525         0.0942        77.1525     17532.3867       0.8938     2.0000e-14      18799.999
 0.238500    70000.0000    0.312448    5.4197e+00       2.5025    5.5652e+03    0.080131       82.3358         0.0961        82.3358     17532.3867       0.8883     2.0000e-14      18799.999
 0.239500    71000.0000    0.315611    1.0706e+01       2.5022    6.5981e+03    0.112621       87.5193         0.0979        87.5193     17532.3867       0.8829     2.0000e-14      18799.999
 0.240500    72000.0000    0.318374    9.3593e+00       2.5019    6.3805e+03    0.105301       90.1109         0.1003        90.1109     17532.3867       0.8775     2.0000e-14      18799.999
 0.241500    73000.0000    0.320737    1.1740e+01       2.5016    6.7528e+03    0.117936       90.1109         0.1031        90.1109     17532.3867       0.8721     2.0000e-14      18799.999
 0.242500    74000.0000    0.323101    5.1486e+00       2.5014    5.4955e+03    0.078101       90.1109         0.1059        90.1109     17532.3867       0.8667     2.0000e-14      18799.999
 0.243500    75000.0000    0.326110    7.8582e+00       2.5013    6.1084e+03    0.096488       91.2477         0.1081        91.2477     17532.3867       0.8611     2.0000e-14      18799.999
 0.244500    76000.0000    0.329119    1.7103e+01       2.5011    7.4196e+03    0.142346       92.3845         0.1103        92.3845     17532.3867       0.8556     2.0000e-14      18799.999
 0.245500    77000.0000    0.332407    2.1350e+01       2.5010    7.8428e+03    0.159042       93.5392         0.1122        93.5392     17532.3867       0.8500     2.0000e-14      18799.999
 0.246500    78000.0000    0.335975    8.0793e+00       2.5008    6.1514e+03    0.097836       94.7119         0.1139        94.7119     17532.3867       0.8444     2.0000e-14      18799.999
 0.247500    79000.0000    0.339543    6.5022e+00       2.5007    5.8265e+03    0.087769       95.8845         0.1156        95.8845     17532.3867       0.8387     2.0000e-14      18799.999
 0.248500    80000.0000    0.341727    1.0149e+01       2.5006    6.5126e+03    0.109655       89.3650         0.1189        89.3650     17532.3867       0.8330     2.0000e-14      18799.999
 0.249500    81000.0000    0.343911    8.3588e+00       2.5006    6.2043e+03    0.099514       82.8455         0.1221        82.8455     17532.3867       0.8273     2.0000e-14      18799.999
 0.250500    82000.0000    0.346534    1.5867e+01       2.5005    7.2826e+03    0.137107       85.3813         0.1250        85.3813     17532.3867       0.8215     2.0000e-14      18799.999
 0.251500    83000.0000    0.349597    1.5129e+01       2.5004    7.1965e+03    0.133882       96.9734         0.1276        96.9734     17532.3867       0.8156     2.0000e-14      18799.999
 0.252500    84000.0000    0.352659    1.2454e+01       2.5004    6.8549e+03    0.121471      108.5650         0.1301       108.5650     17532.3867       0.8096     2.0000e-14      18799.999
 0.253500    85000.0000    0.356727    1.0454e+01       2.5004    6.5614e+03    0.111291      128.1738         0.1315       128.1738     17532.3867       0.8037     2.0000e-14      18799.999
 0.254500    86000.0000    0.360796    2.7339e+01       2.5003    8.3440e+03    0.179972      147.7817         0.1330       147.7817     17532.3867       0.7977     2.0000e-14      18799.999
 0.255500    87000.0000    0.364294    9.9570e+00       2.5003    6.4821e+03    0.108612      147.7817         0.1350       147.7817     17532.3867       0.7918     2.0000e-14      18799.999
 0.256500    88000.0000    0.367221    1.7576e+01       2.5002    7.4716e+03    0.144300      128.1733         0.1377       128.1733     17532.3867       0.7859     2.0000e-14      18799.999
 0.257500    89000.0000    0.370148    1.2093e+01       2.5002    6.8049e+03    0.119697      108.5650         0.1403       108.5650     17532.3867       0.7800     2.0000e-14      18799.999
 0.258500    90000.0000    0.372616    9.0643e+00       2.5002    6.3317e+03    0.103629      108.5650         0.1429       108.5650     17532.3867       0.7746     2.0000e-14      18799.999
 0.259500    91000.0000    0.375084    1.1804e+01       2.5002    6.7639e+03    0.118255      108.5650         0.1455       108.5650     17532.3867       0.7693     2.0000e-14      18799.999
 0.260500    92000.0000    0.377364    5.7211e+00       2.5002    5.6437e+03    0.082329      112.2120         0.1489       112.2120     17532.3867       0.7634     2.0000e-14      18799.999
 0.261500    93000.0000    0.379456    1.4648e+01       2.5002    7.1391e+03    0.131736      119.5060         0.1530       119.5060     17532.3867       0.7570     2.0000e-14      18799.999
 0.262500    94000.0000    0.381548    1.1579e+01       2.5001    6.7315e+03    0.117125      126.8000         0.1571       126.8000     17532.3867       0.7505     2.0000e-14      18799.999
 0.263500    95000.0000    0.384266    1.6422e+01       2.5001    7.3461e+03    0.139486      118.1782         0.1599       118.1782     17532.3867       0.7447     2.0000e-14      18799.999
 0.264500    96000.0000    0.386984    4.0949e+00       2.5001    5.1911e+03    0.069652      109.5569         0.1627       109.5569     17532.3867       0.7389     2.0000e-14      18799.999
 0.265500    97000.0000    0.390113    9.0474e+00       2.5001    6.3289e+03    0.103532      109.1661         0.1641       109.1661     17532.3867       0.7341     2.0000e-14      18799.999
 0.266500    98000.0000    0.393654    1.5190e+01       2.5001    7.2043e+03    0.134152      117.0060         0.1641       117.0060     17532.3867       0.7302     2.0000e-14      18799.999
 0.267500    99000.0000    0.397194    7.2888e+00       2.5001    5.9960e+03    0.092927      124.8460         0.1640       124.8460     17532.3867       0.7263     2.0000e-14      18799.999
 0.268500   100000.0000    0.400258    1.5529e+01       2.5001    7.2442e+03    0.135639      133.2334         0.1681       133.2334     17532.3867       0.7188     2.0000e-14      18799.999
 0.269500   101000.0000    0.403323    4.3087e+00       2.5153    5.2416e+03    0.071447      141.6211         0.1721       141.6211     17532.3867       0.7114     2.0000e-14      18799.999
 0.270500   102000.0000    0.406253    5.9611e+00       2.5236    5.6754e+03    0.084038      146.7348         0.1750       146.7348     17532.3867       0.7052     2.0000e-14      18799.999
 0.271500   103000.0000    0.409048    1.7643e+01       2.5304    7.4340e+03    0.144575      148.5744         0.1769       148.5744     17532.3867       0.7003     2.0000e-14      18799.999
 0.272500   104000.0000    0.411844    2.2400e+01       2.5494    7.8618e+03    0.162907      150.4140         0.1787       150.4140     17532.3867       0.6953     2.0000e-14      18799.999
 0.273500   105000.0000    0.413582    9.7271e+00       2.5580    6.3712e+03    0.107351      165.0220         0.1824       165.0220     17532.3867       0.6897     2.0000e-14      18799.999
 0.274500   106000.0000    0.415320    8.1377e+00       2.5652    6.0848e+03    0.098189      179.6301         0.1861       179.6301     17532.3867       0.6840     2.0000e-14      18799.999
 0.275500   107000.0000    0.417754    2.4523e+01       2.5739    8.0034e+03    0.170451      182.5671         0.1886       182.5671     17532.3867       0.6787     2.0000e-14      18799.999
 0.276500   108000.0000    0.420885    6.4564e+00       2.5930    5.7118e+03    0.087459      173.8333         0.1900       173.8333     17532.3867       0.6739     2.0000e-14      18799.999
 0.277500   109000.0000    0.424016    1.0677e+01       2.6001    6.4683e+03    0.112469      165.0990         0.1913       165.0990     17532.3867       0.6692     2.0000e-14      18799.999
 0.278500   110000.0000    0.428378    7.1535e+00       2.6218    5.8278e+03    0.092060      179.8687         0.1926       179.8687     17532.3867       0.6630     2.0000e-14      18799.999
 0.279500   111000.0000    0.432739    1.7386e+01       2.6376    7.2548e+03    0.143521      194.6387         0.1940       194.6387     17532.3867       0.6568     2.0000e-14      18799.999
 0.280500   112000.0000    0.436751    1.4647e+01       2.6536    6.9293e+03    0.131729      202.6552         0.1952       202.6552     17532.3867       0.6511     2.0000e-14      18799.999
 0.281500   113000.0000    0.440414    2.2029e+01       2.6690    7.6516e+03    0.161550      203.9196         0.1964       203.9196     17532.3867       0.6458     2.0000e-14      18799.999
 0.282500   114000.0000    0.444076    1.1104e+01       2.6837    6.4295e+03    0.114696      205.1840         0.1975       205.1840     17532.3867       0.6405     2.0000e-14      18799.999
 0.283500   115000.0000    0.446354    6.8824e+00       2.6915    5.6966e+03    0.090299      191.2329         0.1999       191.2329     17532.3867       0.6357     2.0000e-14      18799.999
 0.284500   116000.0000    0.448633    1.6132e+01       2.7006    7.0367e+03    0.138249      177.2815         0.2022       177.2815     17532.3867       0.6308     2.0000e-14      18799.999
 0.285500   117000.0000    0.450940    1.8581e+01       2.7155    7.2698e+03    0.148370      177.2815         0.2043       177.2815     17532.3867       0.6262     2.0000e-14      18799.999
 0.286500   118000.0000    0.453275    9.4793e+00       2.7256    6.1325e+03    0.105974      191.2329         0.2062       191.2329     17532.3867       0.6218     2.0000e-14      18799.999
 0.287500   119000.0000    0.455610    1.2111e+01       2.7317    6.5126e+03    0.119785      205.1840         0.2080       205.1840     17532.3867       0.6174     2.0000e-14      18799.999
 0.288500   120000.0000    0.458215    5.5161e+00       2.7395    5.3426e+03    0.080840      202.6747         0.2098       202.6747     17532.3867       0.6127     2.0000e-14      18799.999
 0.289500   121000.0000    0.460820    3.5737e+01       2.7450    8.5151e+03    0.205766      200.1656         0.2115       200.1656     17532.3867       0.6080     2.0000e-14      18799.999
 0.290500   122000.0000    0.463234    7.7153e+00       2.7646    5.7836e+03    0.095607      205.5925         0.2139       205.5925     17532.3867       0.6030     2.0000e-14      18799.999
 0.291500   123000.0000    0.465455    9.9619e+00       2.7714    6.1576e+03    0.108639      218.9563         0.2168       218.9563     17532.3867       0.5976     2.0000e-14      18799.999
 0.292500   124000.0000    0.467676    1.9564e+01       2.7820    7.2755e+03    0.152245      232.3200         0.2197       232.3200     17532.3867       0.5922     2.0000e-14      18799.999
 0.293500   125000.0000    0.471212    2.4720e+01       2.7960    7.6943e+03    0.171134      229.4788         0.2198       229.4788     17532.3867       0.5882     2.0000e-14      18799.999
 0.294500   126000.0000    0.474747    1.2903e+01       2.8125    6.5207e+03    0.123637      226.6376         0.2199       226.6376     17532.3867       0.5842     2.0000e-14      18799.999
 0.295500   127000.0000    0.479183    1.0265e+01       2.8227    6.1473e+03    0.110277      230.3884         0.2192       230.3884     17532.3867       0.5800     2.0000e-14      18799.999
 0.296400   127900.0078    0.483986    7.4361e+01       2.8310    1.0070e+04    0.296815      239.6965         0.2179       239.6965     17532.3867       0.5759     2.0000e-14      18799.999
 0.296420   127920.0078    0.484092    1.1528e+02       2.8318    1.1235e+04    0.369567      239.9033         0.2178       239.9033     17532.3867       0.5759     2.0000e-14      18799.999
 0.296440   127940.0078    0.484199    1.0808e+02       2.8335    1.1052e+04    0.357839      240.1101         0.2178       240.1101     17532.3867       0.5758     2.0000e-14      18799.999
 0.296460   127960.0000    0.484306    8.4680e+01       2.8357    1.0394e+04    0.316741      240.3169         0.2178       240.3169     17532.3867       0.5757     2.0000e-14      18799.999
 0.296480   127980.0000    0.484412    7.4034e+01       2.8379    1.0047e+04    0.296162      240.5237         0.2177       240.5237     17532.3867       0.5756     2.0000e-14      18799.999
 0.296500   128000.0000    0.484519    9.1889e+01       2.8403    1.0600e+04    0.329948      240.7305         0.2177       240.7305     17532.3867       0.5755     2.0000e-14      18799.999
 0.296500   128000.0000    0.484519    9.1889e+01       2.8403    1.0600e+04    0.329948      240.7305         0.2177       240.7305     17532.3867       0.5755     2.0000e-14      18799.999
 0.296520   128019.9922    0.484626    9.7394e+01       2.8425    1.0751e+04    0.339686      240.9375         0.2177       240.9375     17532.3867       0.5754     2.0000e-14      18799.999
 0.296540   128039.9922    0.484733    6.3729e+01       2.8444    9.6664e+03    0.274778      241.1443         0.2176       241.1443     17532.3867       0.5753     2.0000e-14      18799.999
 0.296560   128059.9922    0.484839    6.1954e+01       2.8456    9.5965e+03    0.270925      241.3511         0.2176       241.3511     17532.3867       0.5752     2.0000e-14      18799.999
 0.296580   128079.9922    0.484946    7.1562e+01       2.8462    9.9476e+03    0.291176      241.5579         0.2176       241.5579     17532.3867       0.5751     2.0000e-14      18799.999
 0.296600   128100.0078    0.485053    3.6952e+01       2.8474    8.4306e+03    0.209234      241.7649         0.2176       241.7649     17532.3867       0.5751     2.0000e-14      18799.999
 0.296620   128120.0078    0.485159    5.6325e+01       2.8482    9.3662e+03    0.258323      241.9717         0.2175       241.9717     17532.3867       0.5750     2.0000e-14      18799.999
 0.296640   128140.0078    0.485266    6.7652e+01       2.8491    9.8037e+03    0.283109      242.1787         0.2175       242.1787     17532.3867       0.5749     2.0000e-14      18799.999
 0.296660   128160.0078    0.485373    7.3161e+01       2.8502    9.9956e+03    0.294410      242.3855         0.2175       242.3855     17532.3867       0.5748     2.0000e-14      18799.999
 0.296680   128180.0000    0.485480    7.8917e+01       2.8526    1.0182e+04    0.305772      242.5923         0.2174       242.5923     17532.3867       0.5747     2.0000e-14      18799.999
 0.296700   128200.0000    0.485586    1.1594e+02       2.8542    1.1207e+04    0.370625      242.7991         0.2174       242.7991     17532.3867       0.5746     2.0000e-14      18799.999
 0.296720   128220.0000    0.485693    7.7701e+01       2.8561    1.0137e+04    0.303407      243.0059         0.2174       243.0059     17532.3867       0.5745     2.0000e-14      18799.999
 0.296740   128240.0000    0.485800    2.9063e+01       2.8573    7.9256e+03    0.185560      243.2126         0.2174       243.2126     17532.3867       0.5744     2.0000e-14      18799.999
 0.296760   128259.9922    0.485906    5.2408e+01       2.8584    9.1825e+03    0.249178      243.4194         0.2173       243.4194     17532.3867       0.5743     2.0000e-14      18799.999
 0.296780   128279.9922    0.486013    7.6079e+01       2.8598    1.0077e+04    0.300223      243.6265         0.2173       243.6265     17532.3867       0.5743     2.0000e-14      18799.999
 0.296800   128299.9922    0.486120    5.6423e+01       2.8613    9.3489e+03    0.258548      243.8333         0.2173       243.8333     17532.3867       0.5742     2.0000e-14      18799.999
 0.297500   129000.0000    0.489855    1.0498e+01       2.8744    6.1260e+03    0.111523      251.0730         0.2162       251.0730     17532.3867       0.5710     2.0000e-14      18799.999
 0.298500   130000.0000    0.492157    1.2536e+01       2.8843    6.3928e+03    0.121867      236.6304         0.2182       236.6304     17532.3867       0.5665     2.0000e-14      18799.999
 0.299500   131000.0000    0.494460    1.6368e+01       2.8958    6.8202e+03    0.139256      222.1885         0.2201       222.1885     17532.3867       0.5620     2.0000e-14      18799.999
 0.300500   132000.0000    0.496594    6.4865e+00       2.8997    5.4076e+03    0.087663      229.7188         0.2216       229.7188     17532.3867       0.5582     2.0000e-14      18799.999
 0.301500   133000.0000    0.498560    7.5197e+00       2.9081    5.6030e+03    0.094387      259.2217         0.2225       259.2217     17532.3867       0.5550     2.0000e-14      18799.999
 0.302500   134000.0000    0.500526    1.1980e+01       2.9189    6.2833e+03    0.119136      288.7260         0.2234       288.7260     17532.3867       0.5519     2.0000e-14      18799.999
 0.303500   135000.0000    0.503518    3.2808e+01       2.9287    8.0693e+03    0.197152      261.9351         0.2253       261.9351     17532.3867       0.5468     2.0000e-14      18799.999
 0.304500   136000.0000    0.506509    1.2229e+01       2.9434    6.2893e+03    0.120368      235.1426         0.2271       235.1426     17532.3867       0.5416     2.0000e-14      18799.999
 0.305500   137000.0000    0.508877    1.0484e+01       2.9559    6.0389e+03    0.111447      221.0638         0.2283       221.0638     17532.3867       0.5379     2.0000e-14      18799.999
 0.306500   138000.0000    0.510620    1.0614e+01       2.9623    6.0511e+03    0.112138      219.6974         0.2288       219.6974     17532.3867       0.5355     2.0000e-14      18799.999
 0.307500   139000.0000    0.512364    1.5126e+01       2.9682    6.6048e+03    0.133866      218.3310         0.2293       218.3310     17532.3867       0.5331     2.0000e-14      18799.999
 0.308500   140000.0000    0.513927    7.7163e+00       2.9753    5.5752e+03    0.095613      229.8806         0.2321       229.8806     17532.3867       0.5286     2.0000e-14      18799.999
 0.309500   141000.0000    0.515490    9.2040e+00       2.9815    5.8204e+03    0.104424      241.4304         0.2348       241.4304     17532.3867       0.5240     2.0000e-14      18799.999
 0.310500   142000.0000    0.517658    9.5491e+00       2.9876    5.8682e+03    0.106364      246.4434         0.2367       246.4434     17532.3867       0.5197     2.0000e-14      18799.999
 0.311500   143000.0000    0.520433    1.3538e+01       2.9987    6.3915e+03    0.126646      244.9202         0.2379       244.9202     17532.3867       0.5154     2.0000e-14      18799.999
 0.312500   144000.0000    0.523207    1.6700e+01       3.0134    6.7195e+03    0.140662      243.3970         0.2391       243.3970     17532.3867       0.5111     2.0000e-14      18799.999
 0.313500   145000.0000    0.525119    6.7809e+00       3.0219    5.3562e+03    0.089631      270.8516         0.2417       270.8516     17532.3867       0.5065     2.0000e-14      18799.999
 0.314500   146000.0000    0.527030    1.3771e+01       3.0286    6.3870e+03    0.127733      298.3057         0.2442       298.3057     17532.3867       0.5018     2.0000e-14      18799.999
 0.315500   147000.0000    0.528764    1.3914e+01       3.0378    6.3938e+03    0.128391      340.2090         0.2466       340.2090     17532.3867       0.4975     2.0000e-14      18799.999
 0.316500   148000.0000    0.530319    8.3523e+00       3.0438    5.6224e+03    0.099475      396.5664         0.2488       396.5664     17532.3867       0.4935     2.0000e-14      18799.999
 0.317500   149000.0000    0.531875    6.7525e+00       3.0495    5.3264e+03    0.089443      452.9240         0.2510       452.9240     17532.3867       0.4896     2.0000e-14      18799.999
 0.318500   150000.0000    0.533463    1.0525e+01       3.0546    5.9464e+03    0.111666      373.7520         0.2511       373.7520     17532.3867       0.4877     2.0000e-14      18799.999
 0.319500   151000.0000    0.535051    1.3305e+01       3.0635    6.2961e+03    0.125553      294.5859         0.2512       294.5859     17532.3867       0.4859     2.0000e-14      18799.999
 0.320500   152000.0000    0.536497    1.1375e+01       3.0696    6.0482e+03    0.116089      257.4335         0.2515       257.4335     17532.3867       0.4839     2.0000e-14      18799.999
 0.321500   153000.0000    0.537800    8.9301e+00       3.0751    5.6880e+03    0.102859      262.2968         0.2522       262.2968     17532.3867       0.4819     2.0000e-14      18799.999
 0.322500   154000.0000    0.539103    8.9729e+00       3.0796    5.6907e+03    0.103105      267.1600         0.2528       267.1600     17532.3867       0.4798     2.0000e-14      18799.999
 0.323500   155000.0000    0.541033    7.3555e+00       3.0855    5.4097e+03    0.093351      299.4395         0.2565       299.4395     17532.3867       0.4740     2.0000e-14      18799.999
 0.324500   156000.0000    0.542964    1.4229e+01       3.0949    6.3700e+03    0.129836      331.7168         0.2602       331.7168     17532.3867       0.4681     2.0000e-14      18799.999
 0.325500   157000.0000    0.545100    1.7104e+01       3.1035    6.6608e+03    0.142351      339.7290         0.2621       339.7290     17532.3867       0.4638     2.0000e-14      18799.999
 0.326500   158000.0000    0.547441    1.2893e+01       3.1147    6.1952e+03    0.123590      323.4771         0.2622       323.4771     17532.3867       0.4611     2.0000e-14      18799.999
 0.327500   159000.0000    0.549782    1.2820e+01       3.1241    6.1771e+03    0.123241      307.2250         0.2624       307.2250     17532.3867       0.4583     2.0000e-14      18799.999
 0.328500   160000.0000    0.551821    7.3883e+00       3.1315    5.3757e+03    0.093559      286.3354         0.2614       286.3354     17532.3867       0.4571     2.0000e-14      18799.999
 0.329500   161000.0000    0.553860    1.4996e+01       3.1418    6.4059e+03    0.133290      265.4468         0.2603       265.4468     17532.3867       0.4558     2.0000e-14      18799.999
 0.330500   162000.0000    0.556206    3.3209e+01       3.1513    7.8027e+03    0.198353      256.6104         0.2607       256.6104     17532.3867       0.4528     2.0000e-14      18799.999
 0.331500   163000.0000    0.558859    7.3106e+00       3.1631    5.3347e+03    0.093065      259.8272         0.2625       259.8272     17532.3867       0.4481     2.0000e-14      18799.999
 0.332500   164000.0000    0.561512    1.2941e+01       3.1730    6.1438e+03    0.123821      263.0440         0.2643       263.0440     17532.3867       0.4433     2.0000e-14      18799.999
 0.333500   165000.0000    0.563526    1.1488e+01       3.1813    5.9558e+03    0.116665      258.2557         0.2645       258.2557     17532.3867       0.4409     2.0000e-14      18799.999
 0.334500   166000.0000    0.565539    1.3299e+01       3.1896    6.1697e+03    0.125524      253.4673         0.2647       253.4673     17532.3867       0.4384     2.0000e-14      18799.999
 0.335500   167000.0000    0.567235    1.0194e+01       3.1979    5.7655e+03    0.109899      246.6067         0.2662       246.6067     17532.3867       0.4351     2.0000e-14      18799.999
 0.336500   168000.0000    0.568614    8.0840e+00       3.2020    5.4372e+03    0.097865      237.6741         0.2689       237.6741     17532.3867       0.4309     2.0000e-14      18799.999
 0.337500   169000.0000    0.569992    6.8514e+00       3.2083    5.2118e+03    0.090095      228.7410         0.2716       228.7410     17532.3867       0.4267     2.0000e-14      18799.999
 0.338500   170000.0000    0.571048    8.2817e+00       3.2117    5.4619e+03    0.099054      256.3770         0.2722       256.3770     17532.3867       0.4249     2.0000e-14      18799.999
 0.339500   171000.0000    0.572105    1.0498e+01       3.2169    5.7907e+03    0.111522      284.0137         0.2727       284.0137     17532.3867       0.4231     2.0000e-14      18799.999
 0.340500   172000.0000    0.573735    1.5503e+01       3.2232    6.3773e+03    0.135523      295.1210         0.2739       295.1210     17532.3867       0.4202     2.0000e-14      18799.999
 0.341500   173000.0000    0.575938    2.3123e+01       3.2336    7.0363e+03    0.165515      289.6989         0.2757       289.6989     17532.3867       0.4159     2.0000e-14      18799.999
 0.342500   174000.0000    0.578142    1.1110e+01       3.2423    5.8503e+03    0.114727      284.2770         0.2775       284.2770     17532.3867       0.4117     2.0000e-14      18799.999
 0.343500   175000.0000    0.580240    1.2310e+01       3.2521    5.9932e+03    0.120763      299.3149         0.2774       299.3149     17532.3867       0.4095     2.0000e-14      18799.999
 0.344500   176000.0000    0.582338    1.1772e+01       3.2605    5.9190e+03    0.118096      314.3535         0.2772       314.3535     17532.3867       0.4073     2.0000e-14      18799.999
 0.345500   177000.0000    0.584175    9.0459e+00       3.2687    5.5348e+03    0.103523      313.4780         0.2768       313.4780     17532.3867       0.4057     2.0000e-14      18799.999
 0.346500   178000.0000    0.585750    1.4704e+01       3.2743    6.2442e+03    0.131987      296.6875         0.2760       296.6875     17532.3867       0.4047     2.0000e-14      18799.999
 0.347500   179000.0000    0.587326    8.0383e+00       3.2805    5.3641e+03    0.097588      279.8980         0.2752       279.8980     17532.3867       0.4038     2.0000e-14      18799.999
 0.348500   180000.0000    0.588227    9.5834e+00       3.2847    5.6016e+03    0.106555      271.5354         0.2780       271.5354     17532.3867       0.4000     2.0000e-14      18799.999
 0.349500   181000.0000    0.589128    9.0265e+00       3.2885    5.5151e+03    0.103412      263.1731         0.2808       263.1731     17532.3867       0.3962     2.0000e-14      18799.999
 0.350500   182000.0000    0.590244    9.6751e+00       3.2919    5.6087e+03    0.107063      263.1731         0.2828       263.1731     17532.3867       0.3930     2.0000e-14      18799.999
 0.351500   183000.0000    0.591576    1.3365e+01       3.2982    6.0748e+03    0.125833      271.5356         0.2838       271.5356     17532.3867       0.3904     2.0000e-14      18799.999
 0.352500   184000.0000    0.592908    7.1385e+00       3.3038    5.1889e+03    0.091963      279.8980         0.2849       279.8980     17532.3867       0.3879     2.0000e-14      18799.999
 0.353500   185000.0000    0.594356    1.1761e+01       3.3075    5.8754e+03    0.118039      292.7520         0.2857       292.7520     17532.3867       0.3855     2.0000e-14      18799.999
 0.354500   186000.0000    0.595803    1.0431e+01       3.3142    5.6961e+03    0.111169      305.6055         0.2866       305.6055     17532.3867       0.3830     2.0000e-14      18799.999
 0.355500   187000.0000    0.597323    8.6359e+00       3.3211    5.4276e+03    0.101150      303.8936         0.2873       303.8936     17532.3867       0.3806     2.0000e-14      18799.999
 0.356500   188000.0000    0.598916    1.2919e+01       3.3277    5.9966e+03    0.123716      287.6172         0.2879       287.6172     17532.3867       0.3782     2.0000e-14      18799.999
 0.357500   189000.0000    0.600508    8.5697e+00       3.3354    5.4056e+03    0.100762      271.3400         0.2885       271.3400     17532.3867       0.3759     2.0000e-14      18799.999
 0.358500   190000.0000    0.602059    1.2352e+01       3.3400    5.9188e+03    0.120969      293.5674         0.2898       293.5674     17532.3867       0.3729     2.0000e-14      18799.999
 0.359500   191000.0000    0.603610    1.1074e+01       3.3488    5.7518e+03    0.114541      315.7944         0.2910       315.7944     17532.3867       0.3699     2.0000e-14      18799.999
 0.360500   192000.0000    0.605114    8.4015e+00       3.3545    5.3635e+03    0.099768      316.6445         0.2918       316.6445     17532.3867       0.3674     2.0000e-14      18799.999
 0.361500   193000.0000    0.606573    9.5193e+00       3.3616    5.5279e+03    0.106198      296.1157         0.2922       296.1157     17532.3867       0.3654     2.0000e-14      18799.999
 0.362500   194000.0000    0.608032    1.3860e+01       3.3668    6.0675e+03    0.128144      275.5860         0.2926       275.5860     17532.3867       0.3634     2.0000e-14      18799.999
 0.363500   195000.0000    0.609941    1.3045e+01       3.3738    5.9701e+03    0.124319      284.4844         0.2921       284.4844     17532.3867       0.3617     2.0000e-14      18799.999
 0.364500   196000.0000    0.611850    1.1145e+01       3.3815    5.7331e+03    0.114907      293.3826         0.2917       293.3826     17532.3867       0.3600     2.0000e-14      18799.999
 0.365500   197000.0000    0.613915    1.3256e+01       3.3925    5.9775e+03    0.125322      302.6401         0.2910       302.6401     17532.3867       0.3584     2.0000e-14      18799.999
 0.366500   198000.0000    0.616137    1.4777e+01       3.4013    6.1341e+03    0.132313      312.2563         0.2901       312.2563     17532.3867       0.3569     2.0000e-14      18799.999
 0.367500   199000.0000    0.618359    1.3159e+01       3.4098    5.9514e+03    0.124862      321.8730         0.2892       321.8730     17532.3867       0.3553     2.0000e-14      18799.999
 0.368500   200000.0000    0.619715    9.8206e+00       3.4169    5.5258e+03    0.107865      319.8894         0.2927       319.8894     17532.3867       0.3503     2.0000e-14      18799.999
 0.369500   201000.0000    0.621072    9.4143e+00       3.4225    5.4633e+03    0.105611      317.9058         0.2962       317.9058     17532.3867       0.3453     2.0000e-14      18799.999
 0.370500   202000.0000    0.622250    9.3910e+00       3.4261    5.4570e+03    0.105480      317.9058         0.2986       317.9058     17532.3867       0.3416     2.0000e-14      18799.999
 0.371500   203000.0000    0.623251    8.8877e+00       3.4303    5.3790e+03    0.102614      319.8893         0.2999       319.8893     17532.3867       0.3392     2.0000e-14      18799.999
 0.372500   204000.0000    0.624252    9.1900e+00       3.4344    5.4210e+03    0.104345      321.8730         0.3012       321.8730     17532.3867       0.3367     2.0000e-14      18799.999
 0.373500   205000.0000    0.625691    1.1268e+01       3.4398    5.6999e+03    0.115540      330.1221         0.3000       330.1221     17532.3867       0.3363     2.0000e-14      18799.999
 0.374500   206000.0000    0.627130    1.0433e+01       3.4467    5.5857e+03    0.111178      338.3716         0.2989       338.3716     17532.3867       0.3359     2.0000e-14      18799.999
 0.375500   207000.0000    0.628261    6.9606e+00       3.4505    5.0454e+03    0.090810      328.2646         0.2988       328.2646     17532.3867       0.3348     2.0000e-14      18799.999
 0.376500   208000.0000    0.629082    1.1203e+01       3.4545    5.6797e+03    0.115208      299.8018         0.2998       299.8018     17532.3867       0.3328     2.0000e-14      18799.999
 0.377500   209000.0000    0.629904    1.0374e+01       3.4579    5.5687e+03    0.110862      271.3400         0.3008       271.3400     17532.3867       0.3309     2.0000e-14      18799.999
 0.378500   210000.0000    0.631468    1.2035e+01       3.4655    5.7731e+03    0.119410      293.5684         0.3013       293.5684     17532.3867       0.3286     2.0000e-14      18799.999
 0.379500   211000.0000    0.633031    9.8889e+00       3.4719    5.4914e+03    0.108240      315.7949         0.3018       315.7949     17532.3867       0.3264     2.0000e-14      18799.999
 0.380500   212000.0000    0.634571    9.3262e+00       3.4761    5.4082e+03    0.105115      326.9090         0.3026       326.9090     17532.3867       0.3239     2.0000e-14      18799.999
 0.381500   213000.0000    0.636088    1.0363e+01       3.4838    5.5465e+03    0.110803      326.9090         0.3037       326.9090     17532.3867       0.3211     2.0000e-14      18799.999
 0.382500   214000.0000    0.637604    1.2405e+01       3.4900    5.7964e+03    0.121230      326.9090         0.3048       326.9090     17532.3867       0.3183     2.0000e-14      18799.999
 0.383500   215000.0000    0.638908    1.0009e+01       3.4964    5.4886e+03    0.108895      315.2783         0.3045       315.2783     17532.3867       0.3172     2.0000e-14      18799.999
 0.384500   216000.0000    0.640212    9.5918e+00       3.5019    5.4262e+03    0.106601      303.6475         0.3041       303.6475     17532.3867       0.3161     2.0000e-14      18799.999
 0.385500   217000.0000    0.641482    6.7616e+00       3.5053    4.9697e+03    0.089503      314.6299         0.3045       314.6299     17532.3867       0.3143     2.0000e-14      18799.999
 0.386500   218000.0000    0.642717    7.2795e+00       3.5112    5.0580e+03    0.092867      348.2236         0.3058       348.2236     17532.3867       0.3116     2.0000e-14      18799.999
 0.387500   219000.0000    0.643952    1.2367e+01       3.5165    5.7702e+03    0.121044      381.8170         0.3070       381.8170     17532.3867       0.3090     2.0000e-14      18799.999
 0.388500   220000.0000    0.646870    2.0438e+01       3.5281    6.5316e+03    0.155608      389.0986         0.2997       389.0986     17532.3867       0.3132     2.0000e-14      18799.999
 0.389500   221000.0000    0.649787    3.0401e+01       3.5396    7.2015e+03    0.189783      396.3801         0.2923       396.3801     17532.3867       0.3173     2.0000e-14      18799.999
 0.389520   221019.9844    0.649845    3.1411e+01       3.5401    7.2601e+03    0.192909      396.5259         0.2921       396.5259     17532.3867       0.3174     2.0000e-14      18799.999
 0.389540   221039.9844    0.649904    3.4911e+01       3.5410    7.4535e+03    0.203374      396.6714         0.2920       396.6714     17532.3867       0.3175     2.0000e-14      18799.999
 0.390500   222000.0000    0.652142    1.0853e+01       3.5505    5.5580e+03    0.113394      388.5166         0.2898       388.5166     17532.3867       0.3172     2.0000e-14      18799.999
 0.391500   223000.0000    0.653933    1.1682e+01       3.5582    5.6551e+03    0.117643      365.5068         0.2921       365.5068     17532.3867       0.3129     2.0000e-14      18799.999
 0.392500   224000.0000    0.655725    1.1462e+01       3.5655    5.6225e+03    0.116530      342.4960         0.2945       342.4960     17532.3867       0.3085     2.0000e-14      18799.999
 0.393500   225000.0000    0.657193    1.1239e+01       3.5715    5.5903e+03    0.115395      336.2615         0.2968       336.2615     17532.3867       0.3046     2.0000e-14      18799.999
 0.394500   226000.0000    0.658660    1.2573e+01       3.5772    5.7447e+03    0.122049      330.0266         0.2990       330.0266     17532.3867       0.3007     2.0000e-14      18799.999
 0.395500   227000.0000    0.660013    1.1447e+01       3.5844    5.6059e+03    0.116457      327.9320         0.3017       327.9320     17532.3867       0.2965     2.0000e-14      18799.999
 0.396500   228000.0000    0.661252    7.2290e+00       3.5895    4.9938e+03    0.092545      329.9780         0.3049       329.9780     17532.3867       0.2920     2.0000e-14      18799.999
 0.397500   229000.0000    0.662490    6.8575e+00       3.5937    4.9255e+03    0.090136      332.0240         0.3080       332.0240     17532.3867       0.2875     2.0000e-14      18799.999
 0.398500   230000.0000    0.663456    8.9689e+00       3.5982    5.2640e+03    0.103082      347.2715         0.3069       347.2715     17532.3867       0.2875     2.0000e-14      18799.999
 0.399500   231000.0000    0.664421    7.8895e+00       3.6019    5.0953e+03    0.096680      362.5195         0.3058       362.5195     17532.3867       0.2875     2.0000e-14      18799.999
 0.400500   232000.0000    0.665350    8.4629e+00       3.6057    5.1828e+03    0.100132      369.0026         0.3045       369.0026     17532.3867       0.2878     2.0000e-14      18799.999
 0.401500   233000.0000    0.666241    7.1940e+00       3.6101    4.9735e+03    0.092320      366.7219         0.3028       366.7219     17532.3867       0.2885     2.0000e-14      18799.999
 0.402500   234000.0000    0.667132    8.5169e+00       3.6130    5.1857e+03    0.100451      364.4410         0.3012       364.4410     17532.3867       0.2891     2.0000e-14      18799.999
 0.403500   235000.0000    0.668036    1.0449e+01       3.6161    5.4554e+03    0.111264      357.8066         0.3036       357.8066     17532.3867       0.2857     2.0000e-14      18799.999
 0.404500   236000.0000    0.668940    7.3895e+00       3.6207    4.9996e+03    0.093566      351.1721         0.3059       351.1721     17532.3867       0.2824     2.0000e-14      18799.999
 0.405500   237000.0000    0.670160    1.1860e+01       3.6252    5.6238e+03    0.118535      348.9436         0.3063       348.9436     17532.3867       0.2807     2.0000e-14      18799.999
 0.406500   238000.0000    0.671697    8.8080e+00       3.6332    5.2150e+03    0.102153      351.1208         0.3046       351.1208     17532.3867       0.2807     2.0000e-14      18799.999
 0.407500   239000.0000    0.673233    9.2180e+00       3.6385    5.2708e+03    0.104504      353.2980         0.3029       353.2980     17532.3867       0.2807     2.0000e-14      18799.999
 0.408500   240000.0000    0.674423    1.4267e+01       3.6444    5.8742e+03    0.130010      362.3528         0.3057       362.3528     17532.3867       0.2765     2.0000e-14      18799.999
 0.409500   241000.0000    0.675612    1.0819e+01       3.6492    5.4781e+03    0.113217      371.4077         0.3085       371.4077     17532.3867       0.2724     2.0000e-14      18799.999
 0.410500   242000.0000    0.676687    8.7408e+00       3.6524    5.1913e+03    0.101762      365.1221         0.3099       365.1221     17532.3867       0.2698     2.0000e-14      18799.999
 0.411500   243000.0000    0.677648    8.7835e+00       3.6571    5.1943e+03    0.102011      343.4971         0.3097       343.4971     17532.3867       0.2689     2.0000e-14      18799.999
 0.412500   244000.0000    0.678609    8.3866e+00       3.6609    5.1319e+03    0.099679      321.8730         0.3096       321.8730     17532.3867       0.2680     2.0000e-14      18799.999
 0.413500   245000.0000    0.679513    8.1996e+00       3.6646    5.1005e+03    0.098562      328.0120         0.3098       328.0120     17532.3867       0.2667     2.0000e-14      18799.999
 0.414500   246000.0000    0.680416    8.9306e+00       3.6680    5.2081e+03    0.102862      334.1506         0.3101       334.1506     17532.3867       0.2655     2.0000e-14      18799.999
 0.415500   247000.0000    0.681287    7.7136e+00       3.6719    5.0182e+03    0.095596      330.2749         0.3112       330.2749     17532.3867       0.2634     2.0000e-14      18799.999
 0.416500   248000.0000    0.682126    8.7030e+00       3.6753    5.1695e+03    0.101542      316.3833         0.3131       316.3833     17532.3867       0.2606     2.0000e-14      18799.999
 0.417500   249000.0000    0.682965    8.1659e+00       3.6790    5.0853e+03    0.098359      302.4920         0.3150       302.4920     17532.3867       0.2577     2.0000e-14      18799.999
 0.418500   250000.0000    0.683881    1.1239e+01       3.6828    5.5051e+03    0.115392      331.8701         0.3150       331.8701     17532.3867       0.2567     2.0000e-14      18799.999
 0.419500   251000.0000    0.684796    8.7435e+00       3.6868    5.1674e+03    0.101778      361.2461         0.3151       361.2461     17532.3867       0.2556     2.0000e-14      18799.999
 0.420500   252000.0000    0.685684    8.7239e+00       3.6904    5.1620e+03    0.101664      373.6361         0.3150       373.6361     17532.3867       0.2547     2.0000e-14      18799.999
 0.421500   253000.0000    0.686545    8.3157e+00       3.6941    5.0980e+03    0.099257      369.0387         0.3146       369.0387     17532.3867       0.2541     2.0000e-14      18799.999
 0.422500   254000.0000    0.687406    7.2304e+00       3.6975    4.9205e+03    0.092554      364.4410         0.3143       364.4410     17532.3867       0.2535     2.0000e-14      18799.999
 0.423500   255000.0000    0.688006    6.7680e+00       3.6996    4.8386e+03    0.089546      369.0387         0.3183       369.0387     17532.3867       0.2488     2.0000e-14      18799.999
 0.424500   256000.0000    0.688606    7.4690e+00       3.7024    4.9574e+03    0.094068      373.6362         0.3222       373.6362     17532.3867       0.2442     2.0000e-14      18799.999
 0.425500   257000.0000    0.689429    8.1624e+00       3.7053    5.0666e+03    0.098338      373.6361         0.3234       373.6361     17532.3867       0.2422     2.0000e-14      18799.999
 0.426500   258000.0000    0.690476    9.3399e+00       3.7094    5.2373e+03    0.105192      369.0386         0.3218       369.0386     17532.3867       0.2426     2.0000e-14      18799.999
 0.427500   259000.0000    0.691522    8.8826e+00       3.7147    5.1683e+03    0.102585      364.4410         0.3201       364.4410     17532.3867       0.2431     2.0000e-14      18799.999
 0.428500   260000.0000    0.692358    8.8479e+00       3.7180    5.1610e+03    0.102384      362.1950         0.3172       362.1950     17532.3867       0.2451     2.0000e-14      18799.999
 0.429500   261000.0000    0.693194    8.2228e+00       3.7214    5.0650e+03    0.098701      359.9489         0.3143       359.9489     17532.3867       0.2471     2.0000e-14      18799.999
 0.430500   262000.0000    0.694090    1.0040e+01       3.7255    5.3214e+03    0.109066      363.4241         0.3132       363.4241     17532.3867       0.2471     2.0000e-14      18799.999
 0.431500   263000.0000    0.695046    6.7403e+00       3.7301    4.8138e+03    0.089362      372.6204         0.3141       372.6204     17532.3867       0.2452     2.0000e-14      18799.999
 0.432500   264000.0000    0.696002    7.6257e+00       3.7333    4.9625e+03    0.095050      381.8170         0.3150       381.8170     17532.3867       0.2432     2.0000e-14      18799.999
 0.433500   265000.0000    0.697116    8.2276e+00       3.7379    5.0545e+03    0.098730      374.8665         0.3202       374.8665     17532.3867       0.2368     2.0000e-14      18799.999
 0.434500   266000.0000    0.698231    8.8385e+00       3.7423    5.1428e+03    0.102330      367.9160         0.3254       367.9160     17532.3867       0.2304     2.0000e-14      18799.999
 0.435500   267000.0000    0.699283    8.4221e+00       3.7472    5.0778e+03    0.099891      358.9966         0.3256       358.9966     17532.3867       0.2290     2.0000e-14      18799.999
 0.436500   268000.0000    0.700274    8.8669e+00       3.7512    5.1409e+03    0.102494      348.1079         0.3207       348.1079     17532.3867       0.2328     2.0000e-14      18799.999
 0.437500   269000.0000    0.701265    7.4600e+00       3.7553    4.9209e+03    0.094012      337.2200         0.3159       337.2200     17532.3867       0.2365     2.0000e-14      18799.999
 0.438500   270000.0000    0.702409    8.7789e+00       3.7594    5.1224e+03    0.101984      314.2920         0.3084       314.2920     17532.3867       0.2427     2.0000e-14      18799.999
 0.439500   271000.0000    0.703554    1.0939e+01       3.7642    5.4086e+03    0.113842      291.3623         0.3010       291.3623     17532.3867       0.2489     2.0000e-14      18799.999
 0.440500   272000.0000    0.704697    8.1325e+00       3.7690    5.0190e+03    0.098158      299.1055         0.2984       299.1055     17532.3867       0.2502     2.0000e-14      18799.999
 0.441500   273000.0000    0.705840    1.4187e+01       3.7743    5.7641e+03    0.129647      337.5215         0.3006       337.5215     17532.3867       0.2467     2.0000e-14      18799.999
 0.442500   274000.0000    0.706982    1.0899e+01       3.7791    5.3930e+03    0.113633      375.9350         0.3028       375.9350     17532.3867       0.2432     2.0000e-14      18799.999
 0.443500   275000.0000    0.708390    8.8333e+00       3.7850    5.1130e+03    0.102299      364.7026         0.3062       364.7026     17532.3867       0.2383     2.0000e-14      18799.999
 0.444500   276000.0000    0.709797    8.1934e+00       3.7910    5.0138e+03    0.098525      353.4712         0.3096       353.4712     17532.3867       0.2333     2.0000e-14      18799.999
 0.445500   277000.0000    0.710982    9.0047e+00       3.7959    5.1302e+03    0.103287      352.3125         0.3117       352.3125     17532.3867       0.2299     2.0000e-14      18799.999
 0.446500   278000.0000    0.711944    7.4952e+00       3.7994    4.8980e+03    0.094233      361.2280         0.3125       361.2280     17532.3867       0.2280     2.0000e-14      18799.999
 0.447500   279000.0000    0.712906    9.2236e+00       3.8038    5.1558e+03    0.104536      370.1430         0.3133       370.1430     17532.3867       0.2262     2.0000e-14      18799.999
 0.448500   280000.0000    0.713883    8.5627e+00       3.8075    5.0584e+03    0.100721      365.6161         0.3147       365.6161     17532.3867       0.2237     2.0000e-14      18799.999
 0.449500   281000.0000    0.714860    7.9318e+00       3.8120    4.9595e+03    0.096939      361.0894         0.3161       361.0894     17532.3867       0.2212     2.0000e-14      18799.999
 0.450500   282000.0000    0.715834    8.2631e+00       3.8161    5.0079e+03    0.098943      367.0659         0.3177       367.0659     17532.3867       0.2185     2.0000e-14      18799.999
 0.451500   283000.0000    0.716805    8.6413e+00       3.8202    5.0615e+03    0.101182      383.5435         0.3193       383.5435     17532.3867       0.2159     2.0000e-14      18799.999
 0.452500   284000.0000    0.717776    8.1187e+00       3.8241    4.9806e+03    0.098075      400.0210         0.3209       400.0210     17532.3867       0.2132     2.0000e-14      18799.999
 0.453500   285000.0000    0.718446    6.6787e+00       3.8276    4.7412e+03    0.088953      392.7393         0.3199       392.7393     17532.3867       0.2134     2.0000e-14      18799.999
 0.454500   286000.0000    0.719116    6.3280e+00       3.8296    4.6764e+03    0.086586      385.4578         0.3190       385.4578     17532.3867       0.2136     2.0000e-14      18799.999
 0.455500   287000.0000    0.719768    5.8539e+00       3.8324    4.5846e+03    0.083279      376.1133         0.3184       376.1133     17532.3867       0.2134     2.0000e-14      18799.999
 0.456500   288000.0000    0.720403    6.8235e+00       3.8351    4.7620e+03    0.089911      364.7061         0.3182       364.7061     17532.3867       0.2129     2.0000e-14      18799.999
 0.457500   289000.0000    0.721037    5.9312e+00       3.8377    4.5965e+03    0.083827      353.2980         0.3180       353.2980     17532.3867       0.2124     2.0000e-14      18799.999
 0.458500   290000.0000    0.721701    6.1053e+00       3.8395    4.6288e+03    0.085048      367.0947         0.3203       367.0947     17532.3867       0.2094     2.0000e-14      18799.999
 0.459500   291000.0000    0.722365    7.1637e+00       3.8429    4.8154e+03    0.092126      380.8921         0.3225       380.8921     17532.3867       0.2064     2.0000e-14      18799.999
 0.460500   292000.0000    0.722987    6.1786e+00       3.8455    4.6390e+03    0.085558      380.8926         0.3239       380.8926     17532.3867       0.2043     2.0000e-14      18799.999
 0.461500   293000.0000    0.723568    6.7108e+00       3.8484    4.7340e+03    0.089166      367.0952         0.3245       367.0952     17532.3867       0.2031     2.0000e-14      18799.999
 0.462500   294000.0000    0.724149    5.6604e+00       3.8506    4.5355e+03    0.081891      353.2980         0.3251       353.2980     17532.3867       0.2018     2.0000e-14      18799.999
 0.463500   295000.0000    0.724602    6.3611e+00       3.8528    4.6684e+03    0.086812      353.2980         0.3249       353.2980     17532.3867       0.2015     2.0000e-14      18799.999
 0.464500   296000.0000    0.725055    5.3864e+00       3.8546    4.4773e+03    0.079884      353.2980         0.3247       353.2980     17532.3867       0.2013     2.0000e-14      18799.999
 0.465500   297000.0000    0.725507    6.1442e+00       3.8563    4.6260e+03    0.085319      357.8254         0.3265       357.8254     17532.3867       0.1990     2.0000e-14      18799.999
 0.466500   298000.0000    0.725958    5.9630e+00       3.8580    4.5905e+03    0.084051      366.8801         0.3303       366.8801     17532.3867       0.1946     2.0000e-14      18799.999
 0.467500   299000.0000    0.726408    5.3055e+00       3.8600    4.4572e+03    0.079282      375.9350         0.3341       375.9350     17532.3867       0.1903     2.0000e-14      18799.999
 0.468500   300000.0000    0.727153    6.7967e+00       3.8643    4.7393e+03    0.089735      371.3376         0.3351       371.3376     17532.3867       0.1886     2.0000e-14      18799.999
 0.469500   301000.0000    0.727898    7.2392e+00       3.8668    4.8131e+03    0.092610      366.7400         0.3360       366.7400     17532.3867       0.1868     2.0000e-14      18799.999
 0.470500   302000.0000    0.728563    7.4596e+00       3.8690    4.8479e+03    0.094009      372.8091         0.3361       372.8091     17532.3867       0.1860     2.0000e-14      18799.999
 0.471500   303000.0000    0.729146    7.0643e+00       3.8716    4.7808e+03    0.091485      389.5454         0.3354       389.5454     17532.3867       0.1860     2.0000e-14      18799.999
 0.472500   304000.0000    0.729730    6.3732e+00       3.8739    4.6579e+03    0.086895      406.2810         0.3347       406.2810     17532.3867       0.1860     2.0000e-14      18799.999
 0.473500   305000.0000    0.730389    6.2888e+00       3.8758    4.6413e+03    0.086317      419.3994         0.3346       419.3994     17532.3867       0.1854     2.0000e-14      18799.999
 0.474500   306000.0000    0.731048    6.3857e+00       3.8788    4.6572e+03    0.086979      432.5171         0.3346       432.5171     17532.3867       0.1847     2.0000e-14      18799.999
 0.475500   307000.0000    0.731905    9.3165e+00       3.8827    5.1159e+03    0.105061      427.6240         0.3346       427.6240     17532.3867       0.1838     2.0000e-14      18799.999
 0.476500   308000.0000    0.732960    8.8469e+00       3.8872    5.0473e+03    0.102379      404.7207         0.3347       404.7207     17532.3867       0.1824     2.0000e-14      18799.999
 0.477500   309000.0000    0.734014    6.6793e+00       3.8917    4.7021e+03    0.088957      381.8170         0.3349       381.8170     17532.3867       0.1811     2.0000e-14      18799.999
 0.478500   310000.0000    0.734738    7.0510e+00       3.8951    4.7641e+03    0.091398      381.8170         0.3356       381.8170     17532.3867       0.1796     2.0000e-14      18799.999
 0.479500   311000.0000    0.735461    6.9271e+00       3.8978    4.7414e+03    0.090592      381.8170         0.3364       381.8170     17532.3867       0.1780     2.0000e-14      18799.999
 0.480500   312000.0000    0.736113    5.8984e+00       3.9006    4.5530e+03    0.083595      386.7100         0.3357       386.7100     17532.3867       0.1780     2.0000e-14      18799.999
 0.481500   313000.0000    0.736694    5.7059e+00       3.9032    4.5138e+03    0.082219      396.4956         0.3334       396.4956     17532.3867       0.1796     2.0000e-14      18799.999
 0.482500   314000.0000    0.737274    7.1289e+00       3.9053    4.7710e+03    0.091902      406.2810         0.3312       406.2810     17532.3867       0.1812     2.0000e-14      18799.999
 0.483500   315000.0000    0.738107    6.9686e+00       3.9096    4.7413e+03    0.090863      389.5454         0.3303       389.5454     17532.3867       0.1811     2.0000e-14      18799.999
 0.484500   316000.0000    0.738940    6.6302e+00       3.9126    4.6808e+03    0.088629      372.8096         0.3295       372.8096     17532.3867       0.1810     2.0000e-14      18799.999
 0.485500   317000.0000    0.739773    6.6601e+00       3.9156    4.6843e+03    0.088829      372.8091         0.3283       372.8091     17532.3867       0.1813     2.0000e-14      18799.999
 0.486500   318000.0000    0.740606    7.4375e+00       3.9186    4.8136e+03    0.093870      389.5449         0.3267       389.5449     17532.3867       0.1820     2.0000e-14      18799.999
 0.487500   319000.0000    0.741440    8.5470e+00       3.9227    4.9813e+03    0.100628      406.2810         0.3251       406.2810     17532.3867       0.1827     2.0000e-14      18799.999
 0.488500   320000.0000    0.742201    7.6613e+00       3.9259    4.8448e+03    0.095272      387.2988         0.3243       387.2988     17532.3867       0.1826     2.0000e-14      18799.999
 0.489500   321000.0000    0.742962    6.9648e+00       3.9290    4.7289e+03    0.090838      368.3174         0.3236       368.3174     17532.3867       0.1825     2.0000e-14      18799.999
 0.490500   322000.0000    0.743667    7.0862e+00       3.9326    4.7472e+03    0.091626      363.4243         0.3241       363.4243     17532.3867       0.1812     2.0000e-14      18799.999
 0.491500   323000.0000    0.744316    5.8726e+00       3.9347    4.5282e+03    0.083412      372.6206         0.3259       372.6206     17532.3867       0.1786     2.0000e-14      18799.999
 0.492500   324000.0000    0.744966    6.3106e+00       3.9374    4.6088e+03    0.086467      381.8170         0.3278       381.8170     17532.3867       0.1761     2.0000e-14      18799.999
 0.493500   325000.0000    0.745552    6.3120e+00       3.9391    4.6081e+03    0.086476      377.1472         0.3278       377.1472     17532.3867       0.1754     2.0000e-14      18799.999
 0.494500   326000.0000    0.746137    7.5699e+00       3.9422    4.8204e+03    0.094702      372.4775         0.3279       372.4775     17532.3867       0.1746     2.0000e-14      18799.999
 0.495500   327000.0000    0.746755    7.0605e+00       3.9448    4.7356e+03    0.091460      377.3706         0.3296       377.3706     17532.3867       0.1723     2.0000e-14      18799.999
 0.496500   328000.0000    0.747404    6.4181e+00       3.9476    4.6224e+03    0.087200      391.8257         0.3329       391.8257     17532.3867       0.1682     2.0000e-14      18799.999
 0.497500   329000.0000    0.748054    6.6328e+00       3.9502    4.6590e+03    0.088646      406.2810         0.3363       406.2810     17532.3867       0.1641     2.0000e-14      18799.999
 0.498500   330000.0000    0.748662    6.2264e+00       3.9530    4.5843e+03    0.085887      408.8239         0.3352       408.8239     17532.3867       0.1646     2.0000e-14      18799.999
 0.499500   331000.0000    0.749271    6.2294e+00       3.9554    4.5835e+03    0.085908      411.3667         0.3340       411.3667     17532.3867       0.1650     2.0000e-14      18799.999
 0.500500   332000.0000    0.749822    6.0718e+00       3.9577    4.5529e+03    0.084815      404.1387         0.3335       404.1387     17532.3867       0.1649     2.0000e-14      18799.999
 0.501500   333000.0000    0.750316    5.8860e+00       3.9598    4.5164e+03    0.083507      387.1406         0.3338       387.1406     17532.3867       0.1641     2.0000e-14      18799.999
 0.502500   334000.0000    0.750810    5.4724e+00       3.9617    4.4338e+03    0.080520      370.1430         0.3340       370.1430     17532.3867       0.1633     2.0000e-14      18799.999
 0.503500   335000.0000    0.751674    8.8648e+00       3.9655    4.9997e+03    0.102482      377.2021         0.3343       377.2021     17532.3867       0.1620     2.0000e-14      18799.999
 0.504500   336000.0000    0.752539    5.7553e+00       3.9691    4.4859e+03    0.082575      384.2612         0.3347       384.2612     17532.3867       0.1607     2.0000e-14      18799.999
 0.505500   337000.0000    0.753330    6.1997e+00       3.9724    4.5682e+03    0.085704      389.0048         0.3354       389.0048     17532.3867       0.1592     2.0000e-14      18799.999
 0.506500   338000.0000    0.754048    6.8561e+00       3.9758    4.6826e+03    0.090126      391.4319         0.3364       391.4319     17532.3867       0.1573     2.0000e-14      18799.999
 0.507500   339000.0000    0.754766    6.7107e+00       3.9782    4.6561e+03    0.089166      393.8590         0.3375       393.8590     17532.3867       0.1555     2.0000e-14      18799.999
 0.508500   340000.0000    0.755259    5.2471e+00       3.9805    4.3771e+03    0.078844      391.4319         0.3396       391.4319     17532.3867       0.1528     2.0000e-14      18799.999
 0.509500   341000.0000    0.755752    6.4375e+00       3.9823    4.6057e+03    0.087332      389.0045         0.3418       389.0045     17532.3867       0.1501     2.0000e-14      18799.999
 0.510500   342000.0000    0.756318    6.3656e+00       3.9844    4.5915e+03    0.086843      390.2371         0.3427       390.2371     17532.3867       0.1486     2.0000e-14      18799.999
 0.511500   343000.0000    0.756959    5.7101e+00       3.9860    4.4676e+03    0.082250      395.1289         0.3424       395.1289     17532.3867       0.1481     2.0000e-14      18799.999
 0.512500   344000.0000    0.757600    6.6895e+00       3.9900    4.6456e+03    0.089025      400.0210         0.3421       400.0210     17532.3867       0.1477     2.0000e-14      18799.999
 0.513500   345000.0000    0.758168    6.6514e+00       3.9924    4.6376e+03    0.088771      383.5430         0.3407       383.5430     17532.3867       0.1485     2.0000e-14      18799.999
 0.514500   346000.0000    0.758735    6.0137e+00       3.9948    4.5208e+03    0.084408      367.0645         0.3393       367.0645     17532.3867       0.1492     2.0000e-14      18799.999
 0.515500   347000.0000    0.759256    6.3375e+00       3.9970    4.5792e+03    0.086650      362.2478         0.3395       362.2478     17532.3867       0.1485     2.0000e-14      18799.999
 0.516500   348000.0000    0.759731    5.2705e+00       3.9990    4.3718e+03    0.079020      369.0913         0.3410       369.0913     17532.3867       0.1464     2.0000e-14      18799.999
 0.517500   349000.0000    0.760206    5.4902e+00       4.0009    4.4157e+03    0.080650      375.9350         0.3426       375.9350     17532.3867       0.1443     2.0000e-14      18799.999
 0.518500   350000.0000    0.760648    5.7793e+00       4.0028    4.4716e+03    0.082747      378.2878         0.3444       378.2878     17532.3867       0.1420     2.0000e-14      18799.999
 0.519500   351000.0000    0.761090    5.3118e+00       4.0047    4.3773e+03    0.079329      380.6407         0.3461       380.6407     17532.3867       0.1398     2.0000e-14      18799.999
 0.520500   352000.0000    0.761499    5.1225e+00       4.0063    4.3369e+03    0.077903      387.9810         0.3473       387.9810     17532.3867       0.1382     2.0000e-14      18799.999
 0.521500   353000.0000    0.761875    5.3651e+00       4.0081    4.3863e+03    0.079727      400.3096         0.3478       400.3096     17532.3867       0.1372     2.0000e-14      18799.999
 0.522500   354000.0000    0.762251    5.6304e+00       4.0094    4.4389e+03    0.081674      412.6380         0.3484       412.6380     17532.3867       0.1362     2.0000e-14      18799.999
 0.525300   356800.0000    0.763752    5.9644e+00       4.0162    4.4995e+03    0.084061      384.9883         0.3398       384.9883     17532.3867       0.1432     2.0000e-14      18799.999
