Time (Myr)  Time-t0 (yr) Mstar (Msun)  Lstar (Lsun)  Rstar (Rsun)  Tstar (K)  Rdisk_in (AU)  Rdisk_out (AU)  Mdisk (Msun)  Renv_in (AU)  Renv_out (AU)  Menv (Msun)  Omega_0 (1/s)   c_s (cm/s)
 0.140000        0.0000   -0.150735    0.0000e+00    1616.3800    0.0000e+00    0.000000        0.0000         0.0000         4.8706      8250.5342       0.6718     2.5000e-14      18799.999
 0.140400      400.0000   -0.140455    1.0000e-10    1616.3800    4.5384e-01    0.000000        0.0000         0.0000         4.8706      8250.5342       0.6679     2.5000e-14      18799.999
 0.140801      801.0000   -0.130150    1.0000e-10    1616.3800    4.5384e-01    0.000000        0.0000         0.0000         4.8706      8250.5342       0.6639     2.5000e-14      18799.999
 0.141201     1201.0000   -0.119869    1.0000e-10    1616.3800    4.5384e-01    0.000000        0.0000         0.0000         4.8706      8250.5342       0.6599     2.5000e-14      18799.999
 0.141601     1601.0000   -0.109590    1.0000e-10    1616.3800    4.5384e-01    0.000000        0.0000         0.0000         4.8706      8250.5342       0.6560     2.5000e-14      18799.999
 0.142001     2001.0000   -0.099309    1.0000e-10    1616.3800    4.5384e-01    0.000000        0.0000         0.0000         4.8706      8250.5342       0.6520     2.5000e-14      18799.999
 0.142401     2401.0000   -0.089030    1.0000e-10    1616.3800    4.5384e-01    0.000000        0.0000         0.0000         4.8706      8250.5342       0.6480     2.5000e-14      18799.999
 0.142800     2800.0000   -0.078775    1.0000e-10    1616.3800    4.5384e-01    0.000000        0.0000         0.0000         4.8706      8250.5342       0.6441     2.5000e-14      18799.999
 0.143200     3200.0000   -0.068495    1.0000e-10    1616.3800    4.5384e-01    0.000000        0.0000         0.0000         4.8706      8250.5342       0.6401     2.5000e-14      18799.999
 0.143600     3600.0000   -0.058215    1.0000e-10    1616.3800    4.5384e-01    0.000000        0.0000         0.0000         4.8706      8250.5342       0.6361     2.5000e-14      18799.999
 0.144000     4000.0000   -0.047935    1.0000e-10    1616.3800    4.5384e-01    0.000000        0.0000         0.0000         4.8706      8250.5342       0.6322     2.5000e-14      18799.999
 0.144401     4401.0000   -0.037629    1.0000e-10    1616.3800    4.5384e-01    0.000000        0.0000         0.0000         4.8706      8250.5342       0.6282     2.5000e-14      18799.999
 0.144801     4801.0000   -0.027349    1.0000e-10    1616.3800    4.5384e-01    0.000000        0.0000         0.0000         4.8706      8250.5342       0.6242     2.5000e-14      18799.999
 0.145200     5200.0000   -0.017095    1.0000e-10    1616.3800    4.5384e-01    0.000000        0.0000         0.0000         4.8706      8250.5342       0.6203     2.5000e-14      18799.999
 0.145600     5600.0000   -0.006815    1.0000e-10    1616.3800    4.5384e-01    0.000000        0.0000         0.0000         4.8706      8250.5342       0.6163     2.5000e-14      18799.999
 0.146000     6000.0000    0.003465    7.7043e-04    1616.3800    2.3910e+01    0.000955        0.0000         0.0000         4.8706      8250.5342       0.6123     2.5000e-14      18799.999
 0.146400     6400.0000    0.013745    3.1824e-03    1616.3800    3.4088e+01    0.001942        0.0000         0.0000         4.8706      8250.5342       0.6084     2.5000e-14      18799.999
 0.146800     6800.0000    0.024025    6.9032e-03    1616.3800    4.1368e+01    0.002860        0.0000         0.0000         4.8706      8250.5342       0.6044     2.5000e-14      18799.999
 0.147160     7159.9937    0.033277    1.6519e-02    1616.3800    5.1452e+01    0.004424        0.0000         0.0000         4.8706      8250.5342       0.6008     2.5000e-14      18799.999
 0.147200     7200.0000    0.034305    1.8767e-02    1616.3800    5.3120e+01    0.004715        0.0000         0.0000         4.8706      8250.5342       0.6004     2.5000e-14      18799.999
 0.147360     7359.9971    0.038417    3.0931e-02    1616.3800    6.0187e+01    0.006054        0.0000         0.0000         4.8706      8250.5342       0.5988     2.5000e-14      18799.999
 0.147600     7600.0000    0.043753    4.8989e-02    1616.3800    6.7520e+01    0.007618        0.0000         0.0000         4.8706      8250.5342       0.5928     2.5000e-14      18799.999
 0.147620     7620.0073    0.044100    4.9468e-02    1616.3800    6.7684e+01    0.007656        0.0000         0.0000         4.8706      8250.5342       0.5919     2.5000e-14      18799.999
 0.147940     7939.9951    0.049660    4.5296e-02    1616.3800    6.6210e+01    0.007326        0.0000         0.0000         4.8706      8250.5342       0.5771     2.5000e-14      18799.999
 0.148000     8000.0000    0.050702    4.4039e-02    1616.3800    6.5745e+01    0.007223        0.0000         0.0000         4.8706      8250.5342       0.5743     2.5000e-14      18799.999
 0.148100     8100.0034    0.052440    4.1725e-02    1616.3800    6.4864e+01    0.007031        0.0000         0.0000         4.8706      8250.5342       0.5697     2.5000e-14      18799.999
 0.148400     8400.0000    0.057652    7.4836e-18    1616.3800    7.5064e-03    0.000000        0.0000         0.0000         4.8706      8250.5342       0.5558     2.5000e-14      18799.999
 0.148800     8800.0000    0.064602    8.3857e-18    1616.3800    7.7231e-03    0.000000        0.0000         0.0000         4.8706      8250.5342       0.5373     2.5000e-14      18799.999
 0.149200     9200.0000    0.071552    1.6424e-02    1616.3800    5.1378e+01    0.004411       48.3071         0.0318        48.3071      8250.5342       0.5188     2.5000e-14      18799.999
 0.149400     9399.9961    0.075026    3.9185e-02    1616.3800    6.3854e+01    0.006814       53.9897         0.0355        53.9897      8250.5342       0.5096     2.5000e-14      18799.999
 0.149420     9419.9932    0.075374    3.6145e-02    1616.3800    6.2577e+01    0.006544       54.5581         0.0359        54.5581      8250.5342       0.5087     2.5000e-14      18799.999
 0.149440     9440.0059    0.075722    2.0412e-02    1616.3800    5.4247e+01    0.004918       55.1265         0.0362        55.1265      8250.5342       0.5077     2.5000e-14      18799.999
 0.149460     9460.0029    0.076069    7.2580e-03    1616.3800    4.1890e+01    0.002932       55.6948         0.0366        55.6948      8250.5342       0.5068     2.5000e-14      18799.999
 0.149500     9499.9971    0.076764    2.7440e-02    1616.3800    5.8412e+01    0.005702       56.8311         0.0374        56.8311      8250.5342       0.5050     2.5000e-14      18799.999
 0.149600     9600.0000    0.078501    2.4501e-02    1616.3800    5.6781e+01    0.005388       59.6729         0.0392        59.6729      8250.5342       0.5003     2.5000e-14      18799.999
 0.149640     9639.9941    0.079196    3.0341e-02    1616.3800    5.9898e+01    0.005996       60.8091         0.0400        60.8091      8250.5342       0.4985     2.5000e-14      18799.999
 0.149740     9739.9951    0.080934    3.6196e-02    1616.3800    6.2600e+01    0.006549       63.6509         0.0418        63.6509      8250.5342       0.4939     2.5000e-14      18799.999
 0.149800     9800.0029    0.081976    2.6121e-02    1616.3800    5.7697e+01    0.005563       65.3560         0.0430        65.3560      8250.5342       0.4911     2.5000e-14      18799.999
 0.149940     9939.9990    0.084409    3.2891e-02    1616.3800    6.1119e+01    0.006242       69.3340         0.0456        69.3340      8250.5342       0.4846     2.5000e-14      18799.999
 0.150000    10000.0000    0.085451    3.7110e-02    1616.3800    6.2991e+01    0.006631       71.0390         0.0467        71.0390      8250.5342       0.4819     2.5000e-14      18799.999
 0.150020    10020.0029    0.085645    3.9331e-02    1588.9600    6.4462e+01    0.006826       71.2944         0.0468        71.2944      8250.5342       0.4815     2.5000e-14      18799.999
 0.150400    10400.0000    0.089331    3.0869e-02     975.7030    7.7428e+01    0.006047       76.1494         0.0497        76.1494      8250.5342       0.4746     2.5000e-14      18799.999
 0.150480    10480.0020    0.090107    6.6814e-02     846.6030    1.0082e+02    0.008897       77.1716         0.0503        77.1716      8250.5342       0.4731     2.5000e-14      18799.999
 0.150500    10500.0000    0.090301    4.5890e-02     814.2860    9.3588e+01    0.007373       77.4271         0.0504        77.4271      8250.5342       0.4727     2.5000e-14      18799.999
 0.150540    10539.9941    0.090689    7.6175e-02     749.8000    1.1070e+02    0.009500       77.9381         0.0507        77.9381      8250.5342       0.4720     2.5000e-14      18799.999
 0.150560    10560.0059    0.090883    1.0623e-01     717.4720    1.2298e+02    0.011219       78.1937         0.0509        78.1937      8250.5342       0.4716     2.5000e-14      18799.999
 0.150800    10800.0000    0.093211    6.0784e-02     330.1920    1.5767e+02    0.008486       81.2600         0.0527        81.2600      8250.5342       0.4673     2.5000e-14      18799.999
 0.151200    11200.0000    0.097090    6.3259e+00       2.5000    5.7875e+03    0.086572       86.3705         0.0556        86.3705      8250.5342       0.4600     2.5000e-14      18799.999
 0.151600    11600.0000    0.100970    5.6416e+00       2.5000    5.6242e+03    0.081755       91.4812         0.0586        91.4812      8250.5342       0.4527     2.5000e-14      18799.999
 0.152000    12000.0000    0.104850    6.8444e+00       2.5000    5.9026e+03    0.090049       96.5917         0.0616        96.5917      8250.5342       0.4454     2.5000e-14      18799.999
 0.152400    12400.0000    0.108730    2.0241e+00       2.5000    4.3528e+03    0.048970      101.7023         0.0646       101.7023      8250.5342       0.4381     2.5000e-14      18799.999
 0.152800    12800.0000    0.111786    7.7669e+00       2.5000    6.0921e+03    0.095926      111.1782         0.0673       111.1782      8250.5342       0.4320     2.5000e-14      18799.999
 0.153200    13200.0000    0.114566    1.2014e+01       2.5000    6.7940e+03    0.119304      122.1094         0.0698       122.1094      8250.5342       0.4264     2.5000e-14      18799.999
 0.153600    13600.0000    0.117347    3.4566e+00       2.5000    4.9759e+03    0.063993      133.0410         0.0724       133.0410      8250.5342       0.4207     2.5000e-14      18799.999
 0.154000    14000.0000    0.120128    1.9838e+01       2.5000    7.7016e+03    0.153308      143.9722         0.0749       143.9722      8250.5342       0.4151     2.5000e-14      18799.999
 0.154400    14400.0000    0.122909    3.4503e+00       2.5000    4.9736e+03    0.063936      154.9033         0.0775       154.9033      8250.5342       0.4094     2.5000e-14      18799.999
 0.154800    14800.0000    0.125690    1.9273e+01       2.5000    7.6462e+03    0.151108      165.8345         0.0801       165.8345      8250.5342       0.4038     2.5000e-14      18799.999
 0.155000    15000.0010    0.127080    2.5882e+01       2.5000    8.2311e+03    0.175112      171.3000         0.0813       171.3000      8250.5342       0.4010     2.5000e-14      18799.999
 0.155200    15200.0000    0.127741    4.1997e+00       2.5000    5.2241e+03    0.070538      176.6584         0.0829       176.6584      8250.5342       0.3986     2.5000e-14      18799.999
 0.155600    15600.0000    0.129062    1.6014e+01       2.5000    7.3001e+03    0.137739      187.3752         0.0861       187.3752      8250.5342       0.3940     2.5000e-14      18799.999
 0.156000    16000.0000    0.130384    5.7342e+00       2.5000    5.6471e+03    0.082423      198.0920         0.0892       198.0920      8250.5342       0.3894     2.5000e-14      18799.999
 0.156400    16400.0000    0.131706    7.8888e+00       2.5000    6.1159e+03    0.096676      208.8088         0.0924       208.8088      8250.5342       0.3848     2.5000e-14      18799.999
 0.156800    16800.0000    0.133027    4.9962e+00       2.5000    5.4559e+03    0.076936      219.5256         0.0955       219.5256      8250.5342       0.3802     2.5000e-14      18799.999
 0.157200    17200.0000    0.134349    4.5453e+00       2.5000    5.3284e+03    0.073383      230.2424         0.0987       230.2424      8250.5342       0.3756     2.5000e-14      18799.999
 0.157520    17519.9961    0.135423    3.1581e+01       2.5000    8.6509e+03    0.193430      237.8215         0.1011       237.8215      8250.5342       0.3720     2.5000e-14      18799.999
 0.157540    17539.9941    0.135506    5.0701e+01       2.5000    9.7378e+03    0.245087      237.3633         0.1011       237.3633      8250.5342       0.3718     2.5000e-14      18799.999
 0.157560    17560.0059    0.135589    5.2408e+01       2.5000    9.8188e+03    0.249179      236.9045         0.1012       236.9045      8250.5342       0.3717     2.5000e-14      18799.999
 0.157600    17600.0000    0.135755    1.5142e+01       2.5000    7.1986e+03    0.133937      235.9878         0.1013       235.9878      8250.5342       0.3714     2.5000e-14      18799.999
 0.158000    18000.0000    0.137414    5.7961e+00       2.5000    5.6623e+03    0.082867      226.8198         0.1023       226.8198      8250.5342       0.3685     2.5000e-14      18799.999
 0.158400    18400.0000    0.139073    2.8440e+00       2.5000    4.7390e+03    0.058047      217.6519         0.1033       217.6519      8250.5342       0.3657     2.5000e-14      18799.999
 0.158800    18800.0000    0.140732    5.6796e+00       2.5000    5.6336e+03    0.082030      208.4836         0.1043       208.4836      8250.5342       0.3629     2.5000e-14      18799.999
 0.159200    19200.0000    0.142392    5.1147e+00       2.5000    5.4880e+03    0.077844      199.3159         0.1053       199.3159      8250.5342       0.3600     2.5000e-14      18799.999
 0.159600    19600.0000    0.144051    2.6637e+00       2.5000    4.6620e+03    0.056176      190.1477         0.1063       190.1477      8250.5342       0.3572     2.5000e-14      18799.999
 0.160000    20000.0000    0.145710    1.1514e+01       2.5000    6.7222e+03    0.116794      180.9800         0.1073       180.9800      8250.5342       0.3543     2.5000e-14      18799.999
 0.160060    20060.0039    0.145893    5.6924e+01       2.5000    1.0024e+04    0.259693      180.8622         0.1076       180.8622      8250.5342       0.3538     2.5000e-14      18799.999
 0.160080    20080.0020    0.145954    3.1143e+01       2.5000    8.6208e+03    0.192084      180.8229         0.1077       180.8229      8250.5342       0.3536     2.5000e-14      18799.999
 0.160260    20260.0078    0.146503    2.7050e+01       2.5000    8.3224e+03    0.179017      180.4693         0.1087       180.4693      8250.5342       0.3520     2.5000e-14      18799.999
 0.160280    20280.0039    0.146563    4.0080e+01       2.5000    9.1820e+03    0.217909      180.4301         0.1088       180.4301      8250.5342       0.3518     2.5000e-14      18799.999
 0.160400    20400.0000    0.146929    1.0531e+01       2.5000    6.5739e+03    0.111699      180.1944         0.1095       180.1944      8250.5342       0.3508     2.5000e-14      18799.999
 0.160800    20800.0000    0.148148    3.0709e+00       2.5000    4.8308e+03    0.060318      179.4088         0.1116       179.4088      8250.5342       0.3472     2.5000e-14      18799.999
 0.161200    21200.0000    0.149368    3.9801e+00       2.5000    5.1544e+03    0.068668      178.6232         0.1138       178.6232      8250.5342       0.3437     2.5000e-14      18799.999
 0.161600    21600.0000    0.150587    3.2961e+00       2.5000    4.9171e+03    0.062490      177.8376         0.1160       177.8376      8250.5342       0.3402     2.5000e-14      18799.999
 0.162000    22000.0000    0.151806    2.1208e+00       2.5000    4.4038e+03    0.050126      177.0520         0.1182       177.0520      8250.5342       0.3366     2.5000e-14      18799.999
 0.162400    22400.0000    0.153025    3.2911e+00       2.5000    4.9152e+03    0.062443      176.2664         0.1204       176.2664      8250.5342       0.3331     2.5000e-14      18799.999
 0.162800    22800.0000    0.154572    2.1063e+01       2.5000    7.8178e+03    0.157968      176.9604         0.1215       176.9604      8250.5342       0.3303     2.5000e-14      18799.999
 0.163200    23200.0000    0.156228    6.8781e+00       2.5000    5.9098e+03    0.090271      178.1476         0.1221       178.1476      8250.5342       0.3278     2.5000e-14      18799.999
 0.163600    23600.0000    0.157884    7.0898e+00       2.5000    5.9548e+03    0.091650      179.3348         0.1228       179.3348      8250.5342       0.3252     2.5000e-14      18799.999
 0.164000    24000.0000    0.159540    5.7818e+00       2.5000    5.6588e+03    0.082765      180.5220         0.1235       180.5220      8250.5342       0.3227     2.5000e-14      18799.999
 0.164400    24400.0000    0.161196    3.0844e+00       2.5000    4.8362e+03    0.060450      181.7092         0.1242       181.7092      8250.5342       0.3202     2.5000e-14      18799.999
 0.164800    24800.0000    0.162852    3.5081e+00       2.5000    4.9943e+03    0.064469      182.8964         0.1249       182.8964      8250.5342       0.3176     2.5000e-14      18799.999
 0.165040    25040.0020    0.163904    3.4097e+01       2.5000    8.8183e+03    0.200987      185.6426         0.1254       185.6426      8250.5342       0.3160     2.5000e-14      18799.999
 0.165200    25200.0000    0.164802    7.9379e+00       2.5000    6.1254e+03    0.096977      194.2559         0.1257       194.2559      8250.5342       0.3147     2.5000e-14      18799.999
 0.165520    25519.9961    0.166598    2.9825e+01       2.5000    8.5281e+03    0.187977      211.4824         0.1263       211.4824      8250.5342       0.3121     2.5000e-14      18799.999
 0.165560    25560.0078    0.166823    2.8845e+01       2.5000    8.4572e+03    0.184862      213.6357         0.1264       213.6357      8250.5342       0.3117     2.5000e-14      18799.999
 0.165580    25580.0039    0.166935    3.2987e+01       2.5000    8.7457e+03    0.197690      214.7119         0.1264       214.7119      8250.5342       0.3116     2.5000e-14      18799.999
 0.165600    25600.0000    0.167047    3.3072e+01       2.5000    8.7513e+03    0.197944      215.7891         0.1265       215.7891      8250.5342       0.3114     2.5000e-14      18799.999
 0.165640    25639.9961    0.167272    1.3816e+01       2.5000    7.0356e+03    0.127940      217.9414         0.1266       217.9414      8250.5342       0.3111     2.5000e-14      18799.999
 0.165680    25680.0059    0.167496    4.5591e+01       2.5000    9.4826e+03    0.232407      220.0957         0.1266       220.0957      8250.5342       0.3107     2.5000e-14      18799.999
 0.166000    26000.0000    0.169292    3.1371e+00       2.5000    4.8567e+03    0.060965      237.3213         0.1273       237.3213      8250.5342       0.3081     2.5000e-14      18799.999
 0.166400    26400.0000    0.171537    4.9250e+00       2.5000    5.4364e+03    0.076386      258.8545         0.1281       258.8545      8250.5342       0.3048     2.5000e-14      18799.999
 0.166800    26800.0000    0.173782    1.4798e+01       2.5000    7.1575e+03    0.132409      280.3877         0.1289       280.3877      8250.5342       0.3015     2.5000e-14      18799.999
 0.167200    27200.0000    0.176026    5.0930e+00       2.5000    5.4821e+03    0.077678      301.9199         0.1297       301.9199      8250.5342       0.2982     2.5000e-14      18799.999
 0.167600    27600.0000    0.178104    1.4070e+01       2.5000    7.0678e+03    0.129111      315.6985         0.1301       315.6985      8250.5342       0.2955     2.5000e-14      18799.999
 0.168000    28000.0000    0.179682    1.6825e+01       2.5000    7.3908e+03    0.141184      306.2122         0.1295       306.2122      8250.5342       0.2944     2.5000e-14      18799.999
 0.168100    28099.9980    0.180076    3.2288e+01       2.5000    8.6989e+03    0.195583      303.8406         0.1293       303.8406      8250.5342       0.2941     2.5000e-14      18799.999
 0.168120    28119.9961    0.180155    1.3250e+02       2.5000    1.2381e+04    0.396208      303.3662         0.1293       303.3662      8250.5342       0.2940     2.5000e-14      18799.999
 0.168140    28139.9941    0.180234    5.4981e+01       2.5000    9.9371e+03    0.255223      302.8921         0.1293       302.8921      8250.5342       0.2940     2.5000e-14      18799.999
 0.168400    28400.0000    0.181260    7.9066e+00       2.5000    6.1193e+03    0.096785      296.7256         0.1288       296.7256      8250.5342       0.2933     2.5000e-14      18799.999
 0.168800    28800.0000    0.182837    3.9861e+00       2.5000    5.1564e+03    0.068721      287.2395         0.1282       287.2395      8250.5342       0.2922     2.5000e-14      18799.999
 0.169200    29200.0000    0.184415    4.5729e+00       2.5000    5.3365e+03    0.073605      277.7529         0.1275       277.7529      8250.5342       0.2911     2.5000e-14      18799.999
 0.169600    29600.0000    0.185992    4.2792e+00       2.5000    5.2486e+03    0.071202      268.2666         0.1269       268.2666      8250.5342       0.2899     2.5000e-14      18799.999
 0.170000    30000.0000    0.187570    8.5992e+00       2.5000    6.2492e+03    0.100935      258.7800         0.1262       258.7800      8250.5342       0.2888     2.5000e-14      18799.999
 0.170400    30400.0000    0.188922    5.2237e+00       2.5000    5.5170e+03    0.078668      258.7800         0.1278       258.7800      8250.5342       0.2858     2.5000e-14      18799.999
 0.170800    30800.0000    0.190274    2.8776e+00       2.5000    4.7530e+03    0.058388      258.7800         0.1294       258.7800      8250.5342       0.2827     2.5000e-14      18799.999
 0.171180    31179.9941    0.191558    2.8359e+01       2.5000    8.4213e+03    0.183300      258.7800         0.1309       258.7800      8250.5342       0.2798     2.5000e-14      18799.999
 0.171200    31200.0000    0.191626    7.5900e+01       2.5000    1.0771e+04    0.299870      258.7800         0.1310       258.7800      8250.5342       0.2796     2.5000e-14      18799.999
 0.171200    31200.0078    0.191626    7.5900e+01       2.5000    1.0771e+04    0.299870      258.7800         0.1310       258.7800      8250.5342       0.2796     2.5000e-14      18799.999
 0.171220    31220.0059    0.191694    6.6224e+01       2.5000    1.0410e+04    0.280105      258.7800         0.1310       258.7800      8250.5342       0.2795     2.5000e-14      18799.999
 0.171240    31240.0020    0.191761    1.5748e+01       2.5000    7.2696e+03    0.136591      258.7800         0.1311       258.7800      8250.5342       0.2793     2.5000e-14      18799.999
 0.171300    31299.9941    0.191964    2.7900e+01       2.5000    8.3870e+03    0.181810      258.7800         0.1314       258.7800      8250.5342       0.2788     2.5000e-14      18799.999
 0.171600    31600.0000    0.192978    6.8395e+00       2.5000    5.9015e+03    0.090017      258.7800         0.1325       258.7800      8250.5342       0.2765     2.5000e-14      18799.999
 0.172000    32000.0000    0.194330    3.7065e+00       2.5000    5.0635e+03    0.066267      258.7800         0.1341       258.7800      8250.5342       0.2734     2.5000e-14      18799.999
 0.172400    32400.0000    0.195682    6.0903e+00       2.5000    5.7328e+03    0.084944      258.7800         0.1357       258.7800      8250.5342       0.2704     2.5000e-14      18799.999
 0.172800    32800.0000    0.196448    2.7629e+00       2.5000    4.7049e+03    0.057213      256.7159         0.1369       256.7159      8250.5342       0.2684     2.5000e-14      18799.999
 0.173200    33200.0000    0.197020    1.0029e+01       2.5000    6.4942e+03    0.109006      253.9640         0.1379       253.9640      8250.5342       0.2667     2.5000e-14      18799.999
 0.173600    33600.0000    0.197591    5.4773e+00       2.5000    5.5828e+03    0.080556      251.2120         0.1389       251.2120      8250.5342       0.2651     2.5000e-14      18799.999
 0.174000    34000.0000    0.198162    4.7982e+00       2.5000    5.4010e+03    0.075397      248.4601         0.1399       248.4601      8250.5342       0.2634     2.5000e-14      18799.999
 0.174400    34400.0000    0.198733    2.9622e+00       2.5000    4.7875e+03    0.059241      245.7080         0.1409       245.7080      8250.5342       0.2618     2.5000e-14      18799.999
 0.174800    34800.0000    0.199304    2.5332e+00       2.5000    4.6039e+03    0.054784      242.9561         0.1419       242.9561      8250.5342       0.2601     2.5000e-14      18799.999
 0.175200    35200.0000    0.200962    6.4397e+00       2.5000    5.8133e+03    0.087347      245.3633         0.1419       245.3633      8250.5342       0.2583     2.5000e-14      18799.999
 0.175600    35600.0000    0.203706    1.0817e+01       2.5000    6.6181e+03    0.113205      252.9299         0.1408       252.9299      8250.5342       0.2564     2.5000e-14      18799.999
 0.176000    36000.0000    0.206450    9.1687e+00       2.5000    6.3501e+03    0.104224      260.4961         0.1397       260.4961      8250.5342       0.2544     2.5000e-14      18799.999
 0.176340    36340.0000    0.208782    4.3184e+01       2.5000    9.3549e+03    0.226190      266.9275         0.1387       266.9275      8250.5342       0.2528     2.5000e-14      18799.999
 0.176400    36400.0000    0.209194    8.5213e+01       2.5000    1.1087e+04    0.317736      268.0625         0.1386       268.0625      8250.5342       0.2525     2.5000e-14      18799.999
 0.176400    36400.0078    0.209194    8.5213e+01       2.5000    1.1087e+04    0.317736      268.0625         0.1386       268.0625      8250.5342       0.2525     2.5000e-14      18799.999
 0.176420    36420.0039    0.209331    2.3523e+01       2.5000    8.0368e+03    0.166940      268.4409         0.1385       268.4409      8250.5342       0.2524     2.5000e-14      18799.999
 0.176480    36479.9961    0.209743    5.5684e+01       2.5000    9.9687e+03    0.256850      269.5757         0.1383       269.5757      8250.5342       0.2521     2.5000e-14      18799.999
 0.176540    36540.0039    0.210154    2.7897e+01       2.5000    8.3868e+03    0.181800      270.7107         0.1382       270.7107      8250.5342       0.2518     2.5000e-14      18799.999
 0.176660    36660.0000    0.210978    3.6744e+01       2.5000    8.9847e+03    0.208643      272.9807         0.1378       272.9807      8250.5342       0.2512     2.5000e-14      18799.999
 0.176700    36699.9961    0.211252    2.9419e+01       2.5000    8.4989e+03    0.186693      273.7373         0.1377       273.7373      8250.5342       0.2510     2.5000e-14      18799.999
 0.176800    36800.0000    0.211938    7.9085e+00       2.5000    6.1197e+03    0.096797      275.6289         0.1374       275.6289      8250.5342       0.2506     2.5000e-14      18799.999
 0.177200    37200.0000    0.214682    6.4222e+00       2.5000    5.8094e+03    0.087228      283.1953         0.1363       283.1953      8250.5342       0.2486     2.5000e-14      18799.999
 0.177600    37600.0000    0.216807    8.7720e+00       2.5000    6.2803e+03    0.101944      287.3853         0.1357       287.3853      8250.5342       0.2469     2.5000e-14      18799.999
 0.178000    38000.0000    0.217076    2.6087e+00       2.5000    4.6378e+03    0.055594      281.4478         0.1367       281.4478      8250.5342       0.2456     2.5000e-14      18799.999
 0.178400    38400.0000    0.217345    2.6601e+00       2.5000    4.6605e+03    0.056139      275.5103         0.1376       275.5103      8250.5342       0.2444     2.5000e-14      18799.999
 0.178800    38800.0000    0.217614    2.5512e+00       2.5000    4.6121e+03    0.054978      269.5725         0.1386       269.5725      8250.5342       0.2431     2.5000e-14      18799.999
 0.179200    39200.0000    0.217882    2.3639e+00       2.5000    4.5249e+03    0.052921      263.6350         0.1395       263.6350      8250.5342       0.2419     2.5000e-14      18799.999
 0.179600    39600.0000    0.218151    2.3103e+00       2.5000    4.4991e+03    0.052317      257.6975         0.1404       257.6975      8250.5342       0.2406     2.5000e-14      18799.999
 0.180000    40000.0000    0.218420    2.8088e+00       2.5000    4.7243e+03    0.057687      251.7600         0.1414       251.7600      8250.5342       0.2394     2.5000e-14      18799.999
 0.180400    40400.0000    0.219049    2.3054e+00       2.5000    4.4967e+03    0.052262      269.0732         0.1428       269.0732      8250.5342       0.2373     2.5000e-14      18799.999
 0.180800    40800.0000    0.219678    3.9470e+00       2.5000    5.1437e+03    0.068383      286.3872         0.1442       286.3872      8250.5342       0.2352     2.5000e-14      18799.999
 0.181200    41200.0000    0.220306    6.3148e+00       2.5000    5.7849e+03    0.086495      303.7002         0.1456       303.7002      8250.5342       0.2330     2.5000e-14      18799.999
 0.181600    41600.0000    0.220935    1.3451e+01       2.5000    6.9887e+03    0.126240      321.0142         0.1471       321.0142      8250.5342       0.2309     2.5000e-14      18799.999
 0.182000    42000.0000    0.221564    6.3544e+00       2.5000    5.7940e+03    0.086766      338.3276         0.1485       338.3276      8250.5342       0.2288     2.5000e-14      18799.999
 0.182400    42400.0000    0.222193    3.2819e+00       2.5000    4.9118e+03    0.062355      355.6416         0.1499       355.6416      8250.5342       0.2267     2.5000e-14      18799.999
 0.182800    42800.0000    0.222842    1.4437e+01       2.5000    7.1134e+03    0.130783      363.6863         0.1511       363.6863      8250.5342       0.2248     2.5000e-14      18799.999
 0.183200    43200.0000    0.223498    5.4841e+00       2.5000    5.5845e+03    0.080606      368.6416         0.1522       368.6416      8250.5342       0.2230     2.5000e-14      18799.999
 0.183600    43600.0000    0.224154    5.4562e+00       2.5000    5.5774e+03    0.080400      373.5967         0.1533       373.5967      8250.5342       0.2211     2.5000e-14      18799.999
 0.184000    44000.0000    0.224810    7.5029e+00       2.5000    6.0397e+03    0.094281      378.5520         0.1544       378.5520      8250.5342       0.2193     2.5000e-14      18799.999
 0.184400    44400.0000    0.225466    4.6755e+00       2.5000    5.3662e+03    0.074426      383.5073         0.1555       383.5073      8250.5342       0.2175     2.5000e-14      18799.999
 0.184800    44800.0000    0.226122    2.7543e+00       2.5000    4.7012e+03    0.057124      388.4624         0.1566       388.4624      8250.5342       0.2156     2.5000e-14      18799.999
 0.185200    45200.0000    0.226689    2.8436e+00       2.5000    4.7389e+03    0.058043      383.7480         0.1575       383.7480      8250.5342       0.2141     2.5000e-14      18799.999
 0.185600    45600.0000    0.227168    2.8291e+00       2.5000    4.7328e+03    0.057895      369.3643         0.1581       369.3643      8250.5342       0.2130     2.5000e-14      18799.999
 0.186000    46000.0000    0.227646    2.3224e+00       2.5000    4.5050e+03    0.052455      354.9800         0.1587       354.9800      8250.5342       0.2119     2.5000e-14      18799.999
 0.186400    46400.0000    0.228124    8.4416e+00       2.5000    6.2203e+03    0.100006      340.5962         0.1593       340.5962      8250.5342       0.2107     2.5000e-14      18799.999
 0.186800    46800.0000    0.228603    3.5534e+00       2.5000    5.0103e+03    0.064884      326.2119         0.1599       326.2119      8250.5342       0.2096     2.5000e-14      18799.999
 0.187200    47200.0000    0.229081    7.3027e+00       2.5000    5.9990e+03    0.093015      311.8281         0.1605       311.8281      8250.5342       0.2084     2.5000e-14      18799.999
 0.187600    47600.0000    0.229608    3.0902e+00       2.5000    4.8384e+03    0.060507      302.0757         0.1611       302.0757      8250.5342       0.2073     2.5000e-14      18799.999
 0.188000    48000.0000    0.230280    2.6549e+00       2.5000    4.6582e+03    0.056084      306.2180         0.1614       306.2180      8250.5342       0.2062     2.5000e-14      18799.999
 0.188400    48400.0000    0.230952    2.5979e+00       2.5000    4.6330e+03    0.055478      310.3605         0.1618       310.3605      8250.5342       0.2050     2.5000e-14      18799.999
 0.188800    48800.0000    0.231624    3.6216e+00       2.5000    5.0342e+03    0.065503      314.5029         0.1622       314.5029      8250.5342       0.2039     2.5000e-14      18799.999
 0.189200    49200.0000    0.232296    6.0778e+00       2.5000    5.7299e+03    0.084857      318.6453         0.1626       318.6453      8250.5342       0.2028     2.5000e-14      18799.999
 0.189600    49600.0000    0.232968    9.5836e+00       2.5000    6.4208e+03    0.106556      322.7877         0.1630       322.7877      8250.5342       0.2017     2.5000e-14      18799.999
 0.190000    50000.0000    0.233640    6.8686e+00       2.5000    5.9078e+03    0.090208      326.9300         0.1634       326.9300      8250.5342       0.2005     2.5000e-14      18799.999
 0.190400    50400.0000    0.234398    3.5291e+00       2.5000    5.0018e+03    0.064661      326.9300         0.1627       326.9300      8250.5342       0.2004     2.5000e-14      18799.999
 0.190800    50800.0000    0.235157    4.2441e+00       2.5000    5.2378e+03    0.070909      326.9300         0.1620       326.9300      8250.5342       0.2002     2.5000e-14      18799.999
 0.191200    51200.0000    0.235915    1.2041e+01       2.5000    6.7979e+03    0.119441      326.9300         0.1614       326.9300      8250.5342       0.2000     2.5000e-14      18799.999
 0.191600    51600.0000    0.236674    1.1782e+01       2.5000    6.7611e+03    0.118149      326.9300         0.1607       326.9300      8250.5342       0.1998     2.5000e-14      18799.999
 0.192000    52000.0000    0.237432    6.9412e+00       2.5000    5.9233e+03    0.090684      326.9300         0.1600       326.9300      8250.5342       0.1997     2.5000e-14      18799.999
 0.192400    52400.0000    0.238190    2.8289e+00       2.5000    4.7327e+03    0.057892      326.9300         0.1593       326.9300      8250.5342       0.1995     2.5000e-14      18799.999
 0.192800    52800.0000    0.239017    6.5636e+00       2.5000    5.8411e+03    0.088183      324.3235         0.1594       324.3235      8250.5342       0.1985     2.5000e-14      18799.999
 0.193200    53200.0000    0.239867    5.5928e+00       2.5000    5.6120e+03    0.081401      320.8483         0.1597       320.8483      8250.5342       0.1972     2.5000e-14      18799.999
 0.193600    53600.0000    0.240716    3.8617e+00       2.5000    5.1157e+03    0.067640      317.3730         0.1601       317.3730      8250.5342       0.1960     2.5000e-14      18799.999
 0.194000    54000.0000    0.241566    2.3049e+00       2.5000    4.4965e+03    0.052256      313.8978         0.1604       313.8978      8250.5342       0.1947     2.5000e-14      18799.999
 0.194400    54400.0000    0.242416    3.4644e+00       2.5000    4.9787e+03    0.064066      310.4227         0.1607       310.4227      8250.5342       0.1934     2.5000e-14      18799.999
 0.194760    54759.9961    0.243180    2.0101e+02       2.5000    1.3741e+04    0.488003      307.2950         0.1610       307.2950      8250.5342       0.1923     2.5000e-14      18799.999
 0.194780    54780.0078    0.243223    1.0982e+01       2.5000    6.6433e+03    0.114068      307.1212         0.1610       307.1212      8250.5342       0.1922     2.5000e-14      18799.999
 0.194800    54800.0000    0.243265    1.3354e+01       2.5000    6.9761e+03    0.125783      306.9474         0.1611       306.9474      8250.5342       0.1921     2.5000e-14      18799.999
 0.194820    54820.0039    0.243308    3.0530e+01       2.5000    8.5780e+03    0.190185      306.7737         0.1611       306.7737      8250.5342       0.1921     2.5000e-14      18799.999
 0.194840    54840.0000    0.243350    3.9108e+01       2.5000    9.1259e+03    0.215252      306.6000         0.1611       306.6000      8250.5342       0.1920     2.5000e-14      18799.999
 0.194880    54879.9922    0.243435    2.4851e+01       2.5000    8.1478e+03    0.171586      306.2524         0.1611       306.2524      8250.5342       0.1919     2.5000e-14      18799.999
 0.195140    55140.0039    0.244334    2.3179e+01       2.5000    8.0072e+03    0.165714      309.7124         0.1606       309.7124      8250.5342       0.1914     2.5000e-14      18799.999
 0.195200    55200.0000    0.244610    4.4313e+01       2.5000    9.4154e+03    0.229129      311.6411         0.1604       311.6411      8250.5342       0.1913     2.5000e-14      18799.999
 0.195260    55260.0039    0.244886    5.3585e+01       2.5000    9.8734e+03    0.251962      313.5708         0.1601       313.5708      8250.5342       0.1913     2.5000e-14      18799.999
 0.195340    55339.9922    0.245254    1.8436e+01       2.5000    7.5618e+03    0.147791      316.1431         0.1598       316.1431      8250.5342       0.1912     2.5000e-14      18799.999
 0.195480    55480.0039    0.245898    2.0114e+01       2.5000    7.7282e+03    0.154369      320.6450         0.1592       320.6450      8250.5342       0.1911     2.5000e-14      18799.999
 0.195600    55600.0000    0.246450    1.3812e+01       2.5000    7.0351e+03    0.127919      324.5039         0.1586       324.5039      8250.5342       0.1910     2.5000e-14      18799.999
 0.195800    55800.0078    0.247370    2.3747e+01       2.5000    8.0558e+03    0.167732      330.9351         0.1578       330.9351      8250.5342       0.1908     2.5000e-14      18799.999
 0.195820    55820.0039    0.247462    2.4643e+01       2.5000    8.1307e+03    0.170866      331.5781         0.1577       331.5781      8250.5342       0.1908     2.5000e-14      18799.999
 0.195840    55840.0000    0.247554    2.2503e+01       2.5000    7.9482e+03    0.163280      332.2212         0.1576       332.2212      8250.5342       0.1908     2.5000e-14      18799.999
 0.196000    56000.0000    0.248290    1.2948e+01       2.5000    6.9224e+03    0.123855      337.3657         0.1569       337.3657      8250.5342       0.1907     2.5000e-14      18799.999
 0.196400    56400.0000    0.250130    1.1749e+01       2.5000    6.7563e+03    0.117981      350.2285         0.1552       350.2285      8250.5342       0.1904     2.5000e-14      18799.999
 0.196440    56439.9961    0.250314    3.3251e+01       2.5000    8.7631e+03    0.198478      351.5146         0.1550       351.5146      8250.5342       0.1903     2.5000e-14      18799.999
 0.196460    56459.9922    0.250406    2.3769e+01       2.5000    8.0577e+03    0.167810      352.1577         0.1550       352.1577      8250.5342       0.1903     2.5000e-14      18799.999
 0.196800    56800.0000    0.251970    6.6782e+00       2.5000    5.8664e+03    0.088949      363.0903         0.1535       363.0903      8250.5342       0.1900     2.5000e-14      18799.999
 0.197200    57200.0000    0.253810    2.3763e+00       2.5000    4.5309e+03    0.053059      375.9531         0.1518       375.9531      8250.5342       0.1897     2.5000e-14      18799.999
 0.197600    57600.0000    0.255232    2.8655e+00       2.5000    4.7479e+03    0.058265      383.9929         0.1507       383.9929      8250.5342       0.1892     2.5000e-14      18799.999
 0.198000    58000.0000    0.255400    2.0863e+00       2.5000    4.3858e+03    0.049717      377.5642         0.1515       377.5642      8250.5342       0.1882     2.5000e-14      18799.999
 0.198400    58400.0000    0.255568    2.0114e+00       2.5000    4.3459e+03    0.048815      371.1353         0.1524       371.1353      8250.5342       0.1872     2.5000e-14      18799.999
 0.198800    58800.0000    0.255736    2.2718e+00       2.5000    4.4802e+03    0.051880      364.7068         0.1532       364.7068      8250.5342       0.1861     2.5000e-14      18799.999
 0.199200    59200.0000    0.255904    2.6525e+00       2.5000    4.6572e+03    0.056059      358.2778         0.1540       358.2778      8250.5342       0.1851     2.5000e-14      18799.999
 0.199600    59600.0000    0.256072    4.8062e+00       2.5000    5.4033e+03    0.075459      351.8491         0.1549       351.8491      8250.5342       0.1841     2.5000e-14      18799.999
 0.200000    60000.0000    0.256240    9.1625e+00       2.5000    6.3491e+03    0.104188      345.4200         0.1557       345.4200      8250.5342       0.1831     2.5000e-14      18799.999
 0.200400    60400.0000    0.256530    5.1626e+00       2.5000    5.5008e+03    0.078207      346.9624         0.1573       346.9624      8250.5342       0.1811     2.5000e-14      18799.999
 0.200800    60800.0000    0.256819    3.6441e+00       2.5000    5.0420e+03    0.065707      348.5048         0.1590       348.5048      8250.5342       0.1792     2.5000e-14      18799.999
 0.201200    61200.0000    0.257109    2.0726e+00       2.5000    4.3786e+03    0.049553      350.0472         0.1606       350.0472      8250.5342       0.1772     2.5000e-14      18799.999
 0.201600    61600.0000    0.257398    2.2978e+00       2.5000    4.4930e+03    0.052176      351.5896         0.1623       351.5896      8250.5342       0.1752     2.5000e-14      18799.999
 0.202000    62000.0000    0.257688    3.0347e+00       2.5000    4.8165e+03    0.059961      353.1320         0.1639       353.1320      8250.5342       0.1733     2.5000e-14      18799.999
 0.202400    62400.0000    0.257978    2.7503e+00       2.5000    4.6995e+03    0.057083      354.6744         0.1655       354.6744      8250.5342       0.1713     2.5000e-14      18799.999
 0.202800    62800.0000    0.258961    4.1522e+00       2.5000    5.2093e+03    0.070138      367.7822         0.1663       367.7822      8250.5342       0.1694     2.5000e-14      18799.999
 0.203200    63200.0000    0.260175    4.0286e+00       2.5000    5.1701e+03    0.069086      384.7451         0.1669       384.7451      8250.5342       0.1675     2.5000e-14      18799.999
 0.203600    63600.0000    0.261390    2.4832e+00       2.5000    4.5810e+03    0.054240      401.7090         0.1674       401.7090      8250.5342       0.1657     2.5000e-14      18799.999
 0.204000    64000.0000    0.262604    3.3050e+00       2.5000    4.9204e+03    0.062574      418.6719         0.1679       418.6719      8250.5342       0.1638     2.5000e-14      18799.999
 0.204400    64400.0000    0.263818    2.6025e+00       2.5000    4.6351e+03    0.055528      435.6348         0.1685       435.6348      8250.5342       0.1619     2.5000e-14      18799.999
 0.204780    64779.9961    0.264972    1.9267e+01       2.5000    7.6456e+03    0.151086      451.7500         0.1690       451.7500      8250.5342       0.1601     2.5000e-14      18799.999
 0.204800    64800.0000    0.265033    2.4305e+01       2.5000    8.1027e+03    0.169692      452.5977         0.1690       452.5977      8250.5342       0.1600     2.5000e-14      18799.999
 0.204960    64960.0039    0.265519    5.8672e+01       2.5000    1.0100e+04    0.263650      459.3838         0.1692       459.3838      8250.5342       0.1593     2.5000e-14      18799.999
 0.205200    65200.0000    0.266250    3.2467e+01       2.5000    8.7110e+03    0.196124      474.1133         0.1691       474.1133      8250.5342       0.1586     2.5000e-14      18799.999
 0.205200    65200.0039    0.266250    3.2467e+01       2.5000    8.7110e+03    0.196124      474.1133         0.1691       474.1133      8250.5342       0.1586     2.5000e-14      18799.999
 0.205340    65339.9961    0.266676    2.2330e+01       2.5000    7.9328e+03    0.162650      483.2354         0.1690       483.2354      8250.5342       0.1582     2.5000e-14      18799.999
 0.205480    65479.9922    0.267103    6.9443e+01       2.5000    1.0534e+04    0.286831      492.3584         0.1688       492.3584      8250.5342       0.1579     2.5000e-14      18799.999
 0.205500    65500.0078    0.267164    3.4860e+01       2.5000    8.8672e+03    0.203224      493.6621         0.1688       493.6621      8250.5342       0.1578     2.5000e-14      18799.999
 0.205520    65520.0039    0.267225    2.4830e+01       2.5000    8.1462e+03    0.171516      494.9658         0.1688       494.9658      8250.5342       0.1578     2.5000e-14      18799.999
 0.205580    65579.9922    0.267408    4.1300e+01       2.5000    9.2511e+03    0.221202      498.8750         0.1687       498.8750      8250.5342       0.1576     2.5000e-14      18799.999
 0.205600    65599.9922    0.267469    1.7679e+01       2.5000    7.4830e+03    0.144725      500.1777         0.1687       500.1777      8250.5342       0.1576     2.5000e-14      18799.999
 0.205600    65600.0000    0.267469    1.7679e+01       2.5000    7.4830e+03    0.144725      500.1777         0.1687       500.1777      8250.5342       0.1576     2.5000e-14      18799.999
 0.206000    66000.0000    0.268688    6.5316e+00       2.5000    5.8339e+03    0.087968      526.2441         0.1684       526.2441      8250.5342       0.1566     2.5000e-14      18799.999
 0.206400    66400.0000    0.269907    3.9973e+00       2.5000    5.1600e+03    0.068817      552.3105         0.1680       552.3105      8250.5342       0.1556     2.5000e-14      18799.999
 0.206800    66800.0000    0.271126    3.2311e+00       2.5000    4.8927e+03    0.061871      578.3750         0.1676       578.3750      8250.5342       0.1546     2.5000e-14      18799.999
 0.207200    67200.0000    0.272346    4.5179e+00       2.5000    5.3204e+03    0.073161      604.4414         0.1672       604.4414      8250.5342       0.1536     2.5000e-14      18799.999
 0.207600    67600.0000    0.273308    2.4367e+00       2.5000    4.5594e+03    0.053730      626.5117         0.1671       626.5117      8250.5342       0.1527     2.5000e-14      18799.999
 0.208000    68000.0000    0.273502    2.1335e+00       2.5000    4.4104e+03    0.050276      636.6001         0.1678       636.6001      8250.5342       0.1518     2.5000e-14      18799.999
 0.208400    68400.0000    0.273696    2.2353e+00       2.5000    4.4621e+03    0.051461      646.6880         0.1685       646.6880      8250.5342       0.1509     2.5000e-14      18799.999
 0.208800    68800.0000    0.273889    2.0933e+00       2.5000    4.3895e+03    0.049800      656.7759         0.1691       656.7759      8250.5342       0.1500     2.5000e-14      18799.999
 0.209200    69200.0000    0.274083    2.5336e+00       2.5000    4.6041e+03    0.054787      666.8638         0.1698       666.8638      8250.5342       0.1492     2.5000e-14      18799.999
 0.209600    69600.0000    0.274276    3.3531e+00       2.5000    4.9382e+03    0.063029      676.9521         0.1705       676.9521      8250.5342       0.1483     2.5000e-14      18799.999
 0.210000    70000.0000    0.274470    3.8383e+00       2.5000    5.1079e+03    0.067434      687.0400         0.1711       687.0400      8250.5342       0.1474     2.5000e-14      18799.999
 0.210400    70400.0000    0.274760    3.3171e+00       2.5000    4.9249e+03    0.062689      625.9453         0.1691       625.9453      8250.5342       0.1491     2.5000e-14      18799.999
 0.210800    70800.0000    0.275049    2.8580e+00       2.5000    4.7449e+03    0.058189      564.8516         0.1670       564.8516      8250.5342       0.1509     2.5000e-14      18799.999
 0.211200    71200.0000    0.275339    3.9616e+00       2.5000    5.1484e+03    0.068509      503.7617         0.1650       503.7617      8250.5342       0.1526     2.5000e-14      18799.999
 0.211600    71600.0000    0.275628    2.7542e+00       2.5000    4.7012e+03    0.057123      442.6680         0.1629       442.6680      8250.5342       0.1544     2.5000e-14      18799.999
 0.212000    72000.0000    0.275918    3.0636e+00       2.5000    4.8280e+03    0.060246      381.5762         0.1608       381.5762      8250.5342       0.1561     2.5000e-14      18799.999
 0.212400    72400.0000    0.276208    3.6221e+00       2.5000    5.0344e+03    0.065508      320.4824         0.1588       320.4824      8250.5342       0.1579     2.5000e-14      18799.999
 0.212800    72800.0000    0.276908    2.9683e+00       2.5000    4.7900e+03    0.059301      311.7812         0.1574       311.7812      8250.5342       0.1584     2.5000e-14      18799.999
 0.213200    73200.0000    0.277744    2.5867e+00       2.5000    4.6280e+03    0.055358      320.5430         0.1563       320.5430      8250.5342       0.1587     2.5000e-14      18799.999
 0.213600    73600.0000    0.278581    1.0911e+01       2.5000    6.6324e+03    0.113696      329.3042         0.1551       329.3042      8250.5342       0.1589     2.5000e-14      18799.999
 0.214000    74000.0000    0.279418    9.7530e+00       2.5000    6.4490e+03    0.107494      338.0659         0.1540       338.0659      8250.5342       0.1591     2.5000e-14      18799.999
 0.214400    74400.0000    0.280255    9.7558e+00       2.5000    6.4495e+03    0.107509      346.8271         0.1528       346.8271      8250.5342       0.1593     2.5000e-14      18799.999
 0.214800    74800.0000    0.281092    7.4342e+00       2.5000    6.0258e+03    0.093849      355.5894         0.1517       355.5894      8250.5342       0.1595     2.5000e-14      18799.999
 0.215200    75200.0000    0.281564    3.3063e+00       2.5000    4.9209e+03    0.062587      364.2163         0.1515       364.2163      8250.5342       0.1591     2.5000e-14      18799.999
 0.215600    75600.0000    0.281673    3.1828e+00       2.5000    4.8743e+03    0.061407      372.7070         0.1524       372.7070      8250.5342       0.1581     2.5000e-14      18799.999
 0.216000    76000.0000    0.281782    2.2832e+00       2.5000    4.4859e+03    0.052010      381.1987         0.1533       381.1987      8250.5342       0.1571     2.5000e-14      18799.999
 0.216400    76400.0000    0.281891    2.2966e+00       2.5000    4.4924e+03    0.052162      389.6895         0.1542       389.6895      8250.5342       0.1561     2.5000e-14      18799.999
 0.216800    76800.0000    0.282000    2.6488e+00       2.5000    4.6555e+03    0.056019      398.1807         0.1550       398.1807      8250.5342       0.1551     2.5000e-14      18799.999
 0.217200    77200.0000    0.282108    2.1966e+00       2.5000    4.4427e+03    0.051014      406.6719         0.1559       406.6719      8250.5342       0.1542     2.5000e-14      18799.999
 0.217600    77600.0000    0.282275    4.2378e+00       2.5000    5.2359e+03    0.070857      410.1470         0.1567       410.1470      8250.5342       0.1531     2.5000e-14      18799.999
 0.218000    78000.0000    0.282616    6.6978e+00       2.5000    5.8707e+03    0.089080      398.5742         0.1574       398.5742      8250.5342       0.1520     2.5000e-14      18799.999
 0.218400    78400.0000    0.282957    4.4472e+00       2.5000    5.2994e+03    0.072587      387.0015         0.1581       387.0015      8250.5342       0.1510     2.5000e-14      18799.999
 0.218800    78800.0000    0.283298    2.8380e+00       2.5000    4.7365e+03    0.057986      375.4287         0.1589       375.4287      8250.5342       0.1499     2.5000e-14      18799.999
 0.219200    79200.0000    0.283638    2.8588e+00       2.5000    4.7452e+03    0.058197      363.8555         0.1596       363.8555      8250.5342       0.1488     2.5000e-14      18799.999
 0.219600    79600.0000    0.283979    3.5203e+00       2.5000    4.9986e+03    0.064580      352.2827         0.1603       352.2827      8250.5342       0.1477     2.5000e-14      18799.999
 0.220000    80000.0000    0.284320    4.0514e+00       2.5000    5.1774e+03    0.069281      340.7100         0.1610       340.7100      8250.5342       0.1466     2.5000e-14      18799.999
 0.220400    80400.0000    0.284608    3.9594e+00       2.5000    5.1477e+03    0.068490      347.8923         0.1618       347.8923      8250.5342       0.1455     2.5000e-14      18799.999
 0.220800    80800.0000    0.284896    6.8799e+00       2.5000    5.9102e+03    0.090283      355.0747         0.1626       355.0747      8250.5342       0.1443     2.5000e-14      18799.999
 0.221200    81200.0000    0.285184    3.4272e+00       2.5000    4.9653e+03    0.063721      362.2573         0.1634       362.2573      8250.5342       0.1432     2.5000e-14      18799.999
 0.221600    81600.0000    0.285472    1.9049e+00       2.5000    4.2872e+03    0.047505      369.4395         0.1642       369.4395      8250.5342       0.1421     2.5000e-14      18799.999
 0.222000    82000.0000    0.285760    2.1278e+00       2.5000    4.4075e+03    0.050208      376.6221         0.1650       376.6221      8250.5342       0.1410     2.5000e-14      18799.999
 0.222400    82400.0000    0.286048    2.2184e+00       2.5000    4.4537e+03    0.051266      383.8042         0.1658       383.8042      8250.5342       0.1399     2.5000e-14      18799.999
 0.222800    82800.0000    0.286269    2.3858e+00       2.5000    4.5354e+03    0.053165      385.6000         0.1657       385.6000      8250.5342       0.1397     2.5000e-14      18799.999
 0.223200    83200.0000    0.286467    3.0468e+00       2.5000    4.8213e+03    0.060080      385.6000         0.1652       385.6000      8250.5342       0.1400     2.5000e-14      18799.999
 0.223600    83600.0000    0.286666    1.9754e+00       2.5000    4.3263e+03    0.048377      385.6000         0.1648       385.6000      8250.5342       0.1402     2.5000e-14      18799.999
 0.224000    84000.0000    0.286864    3.1521e+00       2.5000    4.8625e+03    0.061110      385.6000         0.1644       385.6000      8250.5342       0.1404     2.5000e-14      18799.999
 0.224400    84400.0000    0.287062    3.0557e+00       2.5000    4.8248e+03    0.060168      385.6000         0.1639       385.6000      8250.5342       0.1406     2.5000e-14      18799.999
 0.224800    84800.0000    0.287261    3.4858e+00       2.5000    4.9863e+03    0.064263      385.6000         0.1635       385.6000      8250.5342       0.1408     2.5000e-14      18799.999
 0.225200    85200.0000    0.287466    3.3463e+00       2.5000    4.9357e+03    0.062964      385.6000         0.1635       385.6000      8250.5342       0.1406     2.5000e-14      18799.999
 0.225600    85600.0000    0.287679    2.9777e+00       2.5000    4.7938e+03    0.059395      385.6000         0.1639       385.6000      8250.5342       0.1400     2.5000e-14      18799.999
 0.226000    86000.0000    0.287892    3.6390e+00       2.5000    5.0402e+03    0.065660      385.6000         0.1643       385.6000      8250.5342       0.1393     2.5000e-14      18799.999
 0.226400    86400.0000    0.288105    3.7768e+00       2.5000    5.0873e+03    0.066892      385.6000         0.1647       385.6000      8250.5342       0.1387     2.5000e-14      18799.999
 0.226800    86800.0000    0.288318    2.7686e+00       2.5000    4.7073e+03    0.057272      385.6000         0.1651       385.6000      8250.5342       0.1381     2.5000e-14      18799.999
 0.227200    87200.0000    0.288530    3.0624e+00       2.5000    4.8275e+03    0.060234      385.6000         0.1655       385.6000      8250.5342       0.1374     2.5000e-14      18799.999
 0.227600    87600.0000    0.288762    2.8498e+00       2.5000    4.7415e+03    0.058106      386.6975         0.1660       386.6975      8250.5342       0.1367     2.5000e-14      18799.999
 0.228000    88000.0000    0.289048    2.6678e+00       2.5000    4.6638e+03    0.056220      391.0881         0.1667       391.0881      8250.5342       0.1357     2.5000e-14      18799.999
 0.228400    88400.0000    0.289334    2.4063e+00       2.5000    4.5451e+03    0.053394      395.4785         0.1674       395.4785      8250.5342       0.1346     2.5000e-14      18799.999
 0.228800    88800.0000    0.289621    3.0708e+00       2.5000    4.8308e+03    0.060316      399.8689         0.1681       399.8689      8250.5342       0.1336     2.5000e-14      18799.999
 0.229200    89200.0000    0.289907    3.1343e+00       2.5000    4.8556e+03    0.060937      404.2593         0.1688       404.2593      8250.5342       0.1325     2.5000e-14      18799.999
 0.229600    89600.0000    0.290194    3.1870e+00       2.5000    4.8759e+03    0.061447      408.6497         0.1696       408.6497      8250.5342       0.1315     2.5000e-14      18799.999
 0.230000    90000.0000    0.290480    2.4933e+00       2.5000    4.5856e+03    0.054350      413.0400         0.1703       413.0400      8250.5342       0.1305     2.5000e-14      18799.999
 0.230400    90400.0000    0.290578    2.0801e+00       2.5000    4.3825e+03    0.049642      413.9552         0.1710       413.9552      8250.5342       0.1296     2.5000e-14      18799.999
 0.230800    90800.0000    0.290675    4.0391e+00       2.5000    5.1734e+03    0.069176      414.8705         0.1718       414.8705      8250.5342       0.1288     2.5000e-14      18799.999
 0.231200    91200.0000    0.290773    3.0374e+00       2.5000    4.8176e+03    0.059988      415.7856         0.1725       415.7856      8250.5342       0.1279     2.5000e-14      18799.999
 0.231600    91600.0000    0.290870    3.0051e+00       2.5000    4.8048e+03    0.059668      416.7008         0.1733       416.7008      8250.5342       0.1271     2.5000e-14      18799.999
 0.232000    92000.0000    0.290968    2.7735e+00       2.5000    4.7094e+03    0.057323      417.6160         0.1740       417.6160      8250.5342       0.1262     2.5000e-14      18799.999
 0.232400    92400.0000    0.291066    2.9606e+00       2.5000    4.7869e+03    0.059225      418.5312         0.1747       418.5312      8250.5342       0.1254     2.5000e-14      18799.999
 0.232500    92500.0000    0.291090    1.1037e+01       2.5000    6.6516e+03    0.114352      418.7600         0.1749       418.7600      8250.5342       0.1251     2.5000e-14      18799.999
 0.232600    92600.0000    0.291264    2.9496e+01       2.5000    8.5045e+03    0.186936      422.0391         0.1754       422.0391      8250.5342       0.1245     2.5000e-14      18799.999
 0.232660    92659.9922    0.291369    1.6768e+01       2.5000    7.3846e+03    0.140948      424.0063         0.1757       424.0063      8250.5342       0.1241     2.5000e-14      18799.999
 0.232760    92760.0000    0.291543    1.3143e+01       2.5000    6.9483e+03    0.124782      427.2856         0.1762       427.2856      8250.5342       0.1234     2.5000e-14      18799.999
 0.232800    92800.0000    0.291613    8.7741e+00       2.5000    6.2807e+03    0.101956      428.5977         0.1764       428.5977      8250.5342       0.1231     2.5000e-14      18799.999
 0.232820    92820.0078    0.291648    6.9014e+00       2.5000    5.9148e+03    0.090424      429.2534         0.1765       429.2534      8250.5342       0.1230     2.5000e-14      18799.999
 0.232880    92879.9922    0.291753    1.0621e+01       2.5000    6.5880e+03    0.112177      431.2207         0.1768       431.2207      8250.5342       0.1226     2.5000e-14      18799.999
 0.233080    93080.0000    0.292102    1.0142e+01       2.5000    6.5124e+03    0.109617      437.7793         0.1777       437.7793      8250.5342       0.1212     2.5000e-14      18799.999
 0.233120    93119.9922    0.292171    1.2282e+01       2.5000    6.8316e+03    0.120626      439.0908         0.1779       439.0908      8250.5342       0.1209     2.5000e-14      18799.999
 0.233160    93160.0078    0.292241    1.1268e+01       2.5000    6.6860e+03    0.115540      440.4023         0.1781       440.4023      8250.5342       0.1207     2.5000e-14      18799.999
 0.233180    93180.0000    0.292276    1.0221e+01       2.5000    6.5250e+03    0.110042      441.0581         0.1782       441.0581      8250.5342       0.1205     2.5000e-14      18799.999
 0.233200    93200.0000    0.292311    8.9722e+00       2.5000    6.3158e+03    0.103101      441.7139         0.1783       441.7139      8250.5342       0.1204     2.5000e-14      18799.999
 0.233320    93320.0000    0.292520    9.9501e+00       2.5000    6.4813e+03    0.108574      445.6489         0.1789       445.6489      8250.5342       0.1196     2.5000e-14      18799.999
 0.233600    93600.0000    0.293008    4.4007e+00       2.5000    5.2855e+03    0.072206      454.8311         0.1802       454.8311      8250.5342       0.1177     2.5000e-14      18799.999
 0.234000    94000.0000    0.293706    3.8527e+00       2.5000    5.1127e+03    0.067561      467.9478         0.1822       467.9478      8250.5342       0.1150     2.5000e-14      18799.999
 0.234400    94400.0000    0.294404    2.9109e+00       2.5000    4.7667e+03    0.058726      481.0645         0.1841       481.0645      8250.5342       0.1123     2.5000e-14      18799.999
 0.234800    94800.0000    0.295101    2.9555e+00       2.5000    4.7848e+03    0.059173      494.1812         0.1861       494.1812      8250.5342       0.1096     2.5000e-14      18799.999
 0.235200    95200.0000    0.295681    3.6280e+00       2.5000    5.0365e+03    0.065562      505.3994         0.1871       505.3994      8250.5342       0.1079     2.5000e-14      18799.999
 0.235600    95600.0000    0.296144    3.6819e+00       2.5000    5.0550e+03    0.066046      514.7173         0.1871       514.7173      8250.5342       0.1073     2.5000e-14      18799.999
 0.236000    96000.0000    0.296606    2.1010e+00       2.5000    4.3935e+03    0.049891      524.0361         0.1872       524.0361      8250.5342       0.1067     2.5000e-14      18799.999
 0.236400    96400.0000    0.297068    2.0738e+00       2.5000    4.3793e+03    0.049568      533.3540         0.1873       533.3540      8250.5342       0.1062     2.5000e-14      18799.999
 0.236800    96800.0000    0.297531    3.1181e+00       2.5000    4.8493e+03    0.060779      542.6729         0.1873       542.6729      8250.5342       0.1056     2.5000e-14      18799.999
 0.237200    97200.0000    0.297993    2.5662e+00       2.5000    4.6188e+03    0.055139      551.9912         0.1874       551.9912      8250.5342       0.1050     2.5000e-14      18799.999
 0.237240    97240.0000    0.298039    1.2155e+01       2.5000    6.8138e+03    0.120001      552.9229         0.1874       552.9229      8250.5342       0.1049     2.5000e-14      18799.999
 0.237280    97279.9922    0.298086    1.9927e+01       2.5000    7.7102e+03    0.153649      553.8550         0.1874       553.8550      8250.5342       0.1049     2.5000e-14      18799.999
 0.237340    97340.0000    0.298155    1.1642e+01       2.5000    6.7408e+03    0.117442      555.2524         0.1874       555.2524      8250.5342       0.1048     2.5000e-14      18799.999
 0.237420    97419.9922    0.298248    1.3342e+01       2.5000    6.9745e+03    0.125725      557.1162         0.1875       557.1162      8250.5342       0.1047     2.5000e-14      18799.999
 0.237460    97460.0000    0.298294    1.1438e+01       2.5000    6.7111e+03    0.116408      558.0483         0.1875       558.0483      8250.5342       0.1046     2.5000e-14      18799.999
 0.237600    97600.0000    0.298477    7.7122e+00       2.5000    6.0814e+03    0.095588      559.2896         0.1874       559.2896      8250.5342       0.1045     2.5000e-14      18799.999
 0.237620    97619.9922    0.298505    9.7722e+00       2.5000    6.4522e+03    0.107599      559.3515         0.1874       559.3515      8250.5342       0.1045     2.5000e-14      18799.999
 0.237660    97660.0078    0.298560    1.3191e+01       2.5000    6.9547e+03    0.125012      559.4754         0.1873       559.4754      8250.5342       0.1044     2.5000e-14      18799.999
 0.237700    97700.0000    0.298614    1.1241e+01       2.5000    6.6820e+03    0.115401      559.5992         0.1873       559.5992      8250.5342       0.1044     2.5000e-14      18799.999
 0.237940    97940.0000    0.298944    1.0282e+01       2.5000    6.5346e+03    0.110368      560.3422         0.1871       560.3422      8250.5342       0.1042     2.5000e-14      18799.999
 0.237960    97959.9922    0.298971    1.0913e+01       2.5000    6.6328e+03    0.113708      560.4042         0.1871       560.4042      8250.5342       0.1042     2.5000e-14      18799.999
 0.237980    97979.9922    0.298999    1.1108e+01       2.5000    6.6622e+03    0.114720      560.4661         0.1871       560.4661      8250.5342       0.1042     2.5000e-14      18799.999
 0.238000    98000.0000    0.299026    1.0398e+01       2.5000    6.5531e+03    0.110993      560.5280         0.1871       560.5280      8250.5342       0.1042     2.5000e-14      18799.999
 0.238000    98000.0078    0.299026    1.0398e+01       2.5000    6.5531e+03    0.110993      560.5280         0.1871       560.5280      8250.5342       0.1042     2.5000e-14      18799.999
 0.238400    98400.0000    0.299575    4.5859e+00       2.5000    5.3403e+03    0.073710      561.7664         0.1868       561.7664      8250.5342       0.1039     2.5000e-14      18799.999
 0.238800    98800.0000    0.300124    4.1092e+00       2.5000    5.1957e+03    0.069774      563.0048         0.1864       563.0048      8250.5342       0.1036     2.5000e-14      18799.999
 0.239200    99200.0000    0.300672    3.6152e+00       2.5000    5.0320e+03    0.065445      564.2432         0.1861       564.2432      8250.5342       0.1033     2.5000e-14      18799.999
 0.239600    99600.0000    0.301221    3.6801e+00       2.5000    5.0544e+03    0.066030      565.4816         0.1858       565.4816      8250.5342       0.1030     2.5000e-14      18799.999
 0.240000   100000.0000    0.301770    2.1327e+00       2.5000    4.4100e+03    0.050266      566.7200         0.1855       566.7200      8250.5342       0.1027     2.5000e-14      18799.999
 0.240400   100400.0000    0.301912    2.4242e+00       2.5000    4.5535e+03    0.053592      560.6946         0.1851       560.6946      8250.5342       0.1029     2.5000e-14      18799.999
 0.240800   100800.0000    0.302055    2.2882e+00       2.5000    4.4883e+03    0.052066      554.6692         0.1848       554.6692      8250.5342       0.1031     2.5000e-14      18799.999
 0.241200   101200.0000    0.302197    2.2543e+00       2.5000    4.4716e+03    0.051679      548.6436         0.1844       548.6436      8250.5342       0.1033     2.5000e-14      18799.999
 0.241600   101600.0000    0.302340    1.9836e+00       2.5000    4.3308e+03    0.048477      542.6179         0.1840       542.6179      8250.5342       0.1035     2.5000e-14      18799.999
 0.242000   102000.0000    0.302482    2.5870e+00       2.5000    4.6282e+03    0.055362      536.5923         0.1837       536.5923      8250.5342       0.1037     2.5000e-14      18799.999
 0.242400   102400.0000    0.302624    3.2737e+00       2.5000    4.9087e+03    0.062277      530.5667         0.1833       530.5667      8250.5342       0.1039     2.5000e-14      18799.999
 0.242800   102800.0000    0.302824    2.8517e+00       2.5000    4.7422e+03    0.058126      514.4600         0.1831       514.4600      8250.5342       0.1039     2.5000e-14      18799.999
 0.243200   103200.0000    0.303044    2.6941e+00       2.5000    4.6753e+03    0.056496      494.9941         0.1830       494.9941      8250.5342       0.1038     2.5000e-14      18799.999
 0.243600   103600.0000    0.303263    2.9070e+00       2.5000    4.7651e+03    0.058687      475.5293         0.1828       475.5293      8250.5342       0.1037     2.5000e-14      18799.999
 0.244000   104000.0000    0.303482    2.9058e+00       2.5000    4.7646e+03    0.058674      456.0635         0.1827       456.0635      8250.5342       0.1036     2.5000e-14      18799.999
 0.244400   104400.0000    0.303701    2.6479e+00       2.5000    4.6551e+03    0.056009      436.5977         0.1826       436.5977      8250.5342       0.1035     2.5000e-14      18799.999
 0.244800   104800.0000    0.303920    2.7271e+00       2.5000    4.6896e+03    0.056841      417.1318         0.1824       417.1318      8250.5342       0.1034     2.5000e-14      18799.999
 0.245200   105200.0000    0.304129    2.4762e+00       2.5000    4.5778e+03    0.054163      401.6919         0.1817       401.6919      8250.5342       0.1039     2.5000e-14      18799.999
 0.245600   105600.0000    0.304328    2.3976e+00       2.5000    4.5410e+03    0.053296      390.2759         0.1805       390.2759      8250.5342       0.1049     2.5000e-14      18799.999
 0.246000   106000.0000    0.304526    2.4413e+00       2.5000    4.5615e+03    0.053780      378.8599         0.1792       378.8599      8250.5342       0.1059     2.5000e-14      18799.999
 0.246400   106400.0000    0.304724    2.7269e+00       2.5000    4.6895e+03    0.056839      367.4438         0.1780       367.4438      8250.5342       0.1069     2.5000e-14      18799.999
 0.246800   106800.0000    0.304923    2.6727e+00       2.5000    4.6660e+03    0.056272      356.0278         0.1768       356.0278      8250.5342       0.1079     2.5000e-14      18799.999
 0.247200   107200.0000    0.305121    4.0490e+00       2.5000    5.1766e+03    0.069261      344.6118         0.1755       344.6118      8250.5342       0.1090     2.5000e-14      18799.999
 0.247600   107600.0000    0.305582    2.6414e+00       2.5000    4.6523e+03    0.055941      343.1973         0.1743       343.1973      8250.5342       0.1097     2.5000e-14      18799.999
 0.248000   108000.0000    0.306832    3.7515e+00       2.5000    5.0788e+03    0.066668      371.7832         0.1731       371.7832      8250.5342       0.1095     2.5000e-14      18799.999
 0.248400   108400.0000    0.308082    6.6523e+00       2.5000    5.8607e+03    0.088777      400.3691         0.1719       400.3691      8250.5342       0.1093     2.5000e-14      18799.999
 0.248640   108640.0000    0.308831    9.1256e+00       2.5000    6.3427e+03    0.103978      417.5195         0.1712       417.5195      8250.5342       0.1092     2.5000e-14      18799.999
 0.248660   108660.0000    0.308894    1.3194e+01       2.5000    6.9550e+03    0.125025      418.9492         0.1711       418.9492      8250.5342       0.1092     2.5000e-14      18799.999
 0.248800   108800.0000    0.309331    1.4440e+01       2.5000    7.1138e+03    0.130797      428.9531         0.1707       428.9531      8250.5342       0.1091     2.5000e-14      18799.999
 0.249200   109200.0000    0.310581    1.3584e+01       2.5000    7.0060e+03    0.126863      457.5391         0.1695       457.5391      8250.5342       0.1089     2.5000e-14      18799.999
 0.249600   109600.0000    0.311830    1.2453e+01       2.5000    6.8552e+03    0.121463      486.1250         0.1683       486.1250      8250.5342       0.1087     2.5000e-14      18799.999
 0.250000   110000.0000    0.313080    1.1052e+01       2.5000    6.6537e+03    0.114426      514.7100         0.1671       514.7100      8250.5342       0.1085     2.5000e-14      18799.999
 0.250280   110279.9922    0.314761    9.5255e+00       2.5000    6.4111e+03    0.106233      484.8770         0.1609       484.8770      8250.5342       0.1129     2.5000e-14      18799.999
 0.250400   110400.0000    0.315482    1.0285e+01       2.5000    6.5351e+03    0.110384      472.0879         0.1582       472.0879      8250.5342       0.1147     2.5000e-14      18799.999
 0.250800   110800.0000    0.317883    8.6506e+00       2.5000    6.2585e+03    0.101236      429.4648         0.1494       429.4648      8250.5342       0.1209     2.5000e-14      18799.999
 0.251200   111200.0000    0.320285    1.0295e+01       2.5000    6.5368e+03    0.110442      386.8438         0.1405       386.8438      8250.5342       0.1271     2.5000e-14      18799.999
 0.251600   111600.0000    0.322686    1.0256e+01       2.5000    6.5306e+03    0.110232      344.2207         0.1316       344.2207      8250.5342       0.1333     2.5000e-14      18799.999
 0.251680   111679.9922    0.323167    1.9468e+01       2.5000    7.6654e+03    0.151869      335.6973         0.1299       335.6973      8250.5342       0.1346     2.5000e-14      18799.999
 0.251820   111820.0000    0.324007    3.9247e+01       2.5000    9.1339e+03    0.215633      320.7793         0.1268       320.7793      8250.5342       0.1367     2.5000e-14      18799.999
 0.251980   111980.0078    0.324968    4.8258e+01       2.5000    9.6183e+03    0.239111      303.7285         0.1232       303.7285      8250.5342       0.1392     2.5000e-14      18799.999
 0.252000   112000.0000    0.325088    4.7368e+01       2.5000    9.5737e+03    0.236895      301.5977         0.1228       301.5977      8250.5342       0.1395     2.5000e-14      18799.999
 0.252160   112160.0078    0.326049    3.7695e+01       2.5000    9.0423e+03    0.211327      284.5488         0.1192       284.5488      8250.5342       0.1420     2.5000e-14      18799.999
 0.252340   112339.9922    0.327129    2.4766e+01       2.5000    8.1409e+03    0.171293      265.3711         0.1152       265.3711      8250.5342       0.1448     2.5000e-14      18799.999
 0.252400   112400.0000    0.327490    1.9778e+01       2.5000    7.6958e+03    0.153076      258.9746         0.1139       258.9746      8250.5342       0.1457     2.5000e-14      18799.999
 0.252480   112480.0000    0.327970    1.2850e+01       2.5000    6.9092e+03    0.123384      250.4512         0.1121       250.4512      8250.5342       0.1469     2.5000e-14      18799.999
 0.252540   112539.9922    0.328166    8.6845e+00       2.5000    6.2646e+03    0.101434      246.7363         0.1113       246.7363      8250.5342       0.1476     2.5000e-14      18799.999
 0.252800   112800.0000    0.328659    1.8657e+00       2.5000    4.2650e+03    0.047015      236.4375         0.1087       236.4375      8250.5342       0.1496     2.5000e-14      18799.999
 0.252900   112900.0000    0.328848    5.4852e+01       2.5000    9.9313e+03    0.254923      232.4756         0.1077       232.4756      8250.5342       0.1504     2.5000e-14      18799.999
 0.252920   112920.0000    0.328886    1.6121e+01       2.5000    7.3124e+03    0.138202      231.6836         0.1075       231.6836      8250.5342       0.1506     2.5000e-14      18799.999
 0.252940   112940.0000    0.328924    5.6926e+00       2.5000    5.6368e+03    0.082123      230.8916         0.1073       230.8916      8250.5342       0.1508     2.5000e-14      18799.999
 0.253140   113140.0000    0.329303    4.3551e+01       2.5000    9.3747e+03    0.227150      222.9688         0.1053       222.9688      8250.5342       0.1523     2.5000e-14      18799.999
 0.253200   113200.0000    0.329417    4.2887e+01       2.5000    9.3387e+03    0.225411      220.5918         0.1047       220.5918      8250.5342       0.1528     2.5000e-14      18799.999
 0.253300   113300.0078    0.329607    2.2446e+01       2.5000    7.9431e+03    0.163072      216.6309         0.1037       216.6309      8250.5342       0.1536     2.5000e-14      18799.999
 0.253600   113600.0000    0.330176    2.0581e+01       2.5000    7.7727e+03    0.156151      204.7471         0.1006       204.7471      8250.5342       0.1560     2.5000e-14      18799.999
 0.253700   113699.9922    0.330365    8.0661e+00       2.5000    6.1500e+03    0.097757      200.7861         0.0996       200.7861      8250.5342       0.1568     2.5000e-14      18799.999
 0.253940   113939.9922    0.330820    8.0693e+00       2.5000    6.1506e+03    0.097776      191.2793         0.0972       191.2793      8250.5342       0.1587     2.5000e-14      18799.999
 0.254000   114000.0000    0.330934    5.6991e+00       2.5000    5.6384e+03    0.082171      188.9023         0.0966       188.9023      8250.5342       0.1592     2.5000e-14      18799.999
 0.254120   114119.9922    0.331162    7.6808e+00       2.5000    6.0752e+03    0.095393      184.1494         0.0954       184.1494      8250.5342       0.1601     2.5000e-14      18799.999
 0.254400   114400.0000    0.331692    1.7595e+00       2.5000    4.2030e+03    0.045657      173.0566         0.0926       173.0566      8250.5342       0.1624     2.5000e-14      18799.999
 0.254800   114800.0000    0.332451    2.7168e+00       2.5000    4.6851e+03    0.056733      157.2129         0.0886       157.2129      8250.5342       0.1655     2.5000e-14      18799.999
 0.255200   115200.0000    0.332965    7.2237e+00       2.5000    5.9827e+03    0.092511      185.2461         0.0883       185.2461      8250.5342       0.1653     2.5000e-14      18799.999
 0.255220   115220.0000    0.332979    8.6128e+00       2.5000    6.2516e+03    0.101015      188.8438         0.0884       188.8438      8250.5342       0.1651     2.5000e-14      18799.999
 0.255440   115440.0000    0.333127    1.4458e+01       2.5000    7.1160e+03    0.130880      228.3984         0.0903       228.3984      8250.5342       0.1631     2.5000e-14      18799.999
 0.255540   115540.0078    0.333195    1.0510e+01       2.5000    6.5707e+03    0.111590      246.3789         0.0912       246.3789      8250.5342       0.1621     2.5000e-14      18799.999
 0.255600   115600.0000    0.333236    7.2477e+00       2.5000    5.9877e+03    0.092664      257.1641         0.0917       257.1641      8250.5342       0.1616     2.5000e-14      18799.999
 0.255600   115600.0078    0.333236    7.2477e+00       2.5000    5.9877e+03    0.092664      257.1641         0.0917       257.1641      8250.5342       0.1616     2.5000e-14      18799.999
 0.255700   115699.9922    0.333303    7.7795e+00       2.5000    6.0946e+03    0.096004      275.1406         0.0925       275.1406      8250.5342       0.1606     2.5000e-14      18799.999
 0.256000   116000.0000    0.333506    3.0436e+00       2.5000    4.8201e+03    0.060049      329.0820         0.0951       329.0820      8250.5342       0.1579     2.5000e-14      18799.999
 0.256400   116400.0000    0.333776    2.4476e+00       2.5000    4.5645e+03    0.053850      400.9961         0.0985       400.9961      8250.5342       0.1542     2.5000e-14      18799.999
 0.256800   116800.0000    0.334047    2.8021e+00       2.5000    4.7215e+03    0.057617      472.9141         0.1019       472.9141      8250.5342       0.1505     2.5000e-14      18799.999
 0.257200   117200.0000    0.334317    2.8593e+00       2.5000    4.7454e+03    0.058202      544.8320         0.1053       544.8320      8250.5342       0.1468     2.5000e-14      18799.999
 0.257600   117600.0000    0.334552    3.1633e+00       2.5000    4.8668e+03    0.061219      583.3555         0.1066       583.3555      8250.5342       0.1452     2.5000e-14      18799.999
 0.258000   118000.0000    0.334682    2.5042e+00       2.5000    4.5907e+03    0.054469      521.7070         0.1015       521.7070      8250.5342       0.1502     2.5000e-14      18799.999
 0.258400   118400.0000    0.334812    2.0856e+00       2.5000    4.3855e+03    0.049708      460.0586         0.0965       460.0586      8250.5342       0.1551     2.5000e-14      18799.999
 0.258800   118800.0000    0.334941    2.1964e+00       2.5000    4.4426e+03    0.051012      398.4062         0.0914       398.4062      8250.5342       0.1600     2.5000e-14      18799.999
 0.259200   119200.0000    0.335071    2.1191e+00       2.5000    4.4030e+03    0.050106      336.7578         0.0863       336.7578      8250.5342       0.1649     2.5000e-14      18799.999
 0.259600   119600.0000    0.335200    2.1688e+00       2.5000    4.4286e+03    0.050690      275.1055         0.0813       275.1055      8250.5342       0.1698     2.5000e-14      18799.999
 0.260000   120000.0000    0.335330    2.4454e+00       2.5000    4.5635e+03    0.053825      213.4600         0.0762       213.4600      8250.5342       0.1747     2.5000e-14      18799.999
 0.260400   120400.0000    0.335436    2.1545e+00       2.5000    4.4213e+03    0.050523      284.7930         0.0842       284.7930      8250.5342       0.1666     2.5000e-14      18799.999
 0.260800   120800.0000    0.335541    2.0195e+00       2.5000    4.3503e+03    0.048914      356.1250         0.0922       356.1250      8250.5342       0.1585     2.5000e-14      18799.999
 0.261200   121200.0000    0.335647    2.2375e+00       2.5000    4.4632e+03    0.051486      427.4570         0.1002       427.4570      8250.5342       0.1504     2.5000e-14      18799.999
 0.261600   121600.0000    0.335752    2.1721e+00       2.5000    4.4302e+03    0.050729      498.7812         0.1082       498.7812      8250.5342       0.1422     2.5000e-14      18799.999
 0.262000   122000.0000    0.335858    2.4205e+00       2.5000    4.5518e+03    0.053550      570.1133         0.1162       570.1133      8250.5342       0.1341     2.5000e-14      18799.999
 0.262400   122400.0000    0.335964    2.5289e+00       2.5000    4.6019e+03    0.054736      641.4414         0.1242       641.4414      8250.5342       0.1260     2.5000e-14      18799.999
 0.262800   122800.0000    0.336115    2.8627e+00       2.5000    4.7468e+03    0.058237      639.4238         0.1259       639.4238      8250.5342       0.1241     2.5000e-14      18799.999
 0.263200   123200.0000    0.336281    3.1498e+00       2.5000    4.8616e+03    0.061087      612.9629         0.1255       612.9629      8250.5342       0.1243     2.5000e-14      18799.999
 0.263600   123600.0000    0.336448    3.0368e+00       2.5000    4.8174e+03    0.059982      586.5059         0.1251       586.5059      8250.5342       0.1245     2.5000e-14      18799.999
 0.264000   124000.0000    0.336614    2.5819e+00       2.5000    4.6258e+03    0.055307      560.0469         0.1247       560.0469      8250.5342       0.1248     2.5000e-14      18799.999
 0.264400   124400.0000    0.336780    2.4933e+00       2.5000    4.5856e+03    0.054350      533.5859         0.1243       533.5859      8250.5342       0.1250     2.5000e-14      18799.999
 0.264800   124800.0000    0.336947    2.4851e+00       2.5000    4.5819e+03    0.054260      507.1270         0.1239       507.1270      8250.5342       0.1252     2.5000e-14      18799.999
 0.265200   125200.0000    0.337103    2.4652e+00       2.5000    4.5727e+03    0.054043      482.7930         0.1244       482.7930      8250.5342       0.1246     2.5000e-14      18799.999
 0.265600   125600.0000    0.337248    2.6817e+00       2.5000    4.6699e+03    0.056366      460.5791         0.1255       460.5791      8250.5342       0.1232     2.5000e-14      18799.999
 0.266000   126000.0000    0.337394    2.7061e+00       2.5000    4.6805e+03    0.056622      438.3643         0.1267       438.3643      8250.5342       0.1219     2.5000e-14      18799.999
 0.266400   126400.0000    0.337540    2.6256e+00       2.5000    4.6453e+03    0.055773      416.1494         0.1279       416.1494      8250.5342       0.1205     2.5000e-14      18799.999
 0.266800   126800.0000    0.337685    2.6563e+00       2.5000    4.6588e+03    0.056098      393.9365         0.1291       393.9365      8250.5342       0.1192     2.5000e-14      18799.999
 0.267200   127200.0000    0.337831    2.5966e+00       2.5000    4.6324e+03    0.055465      371.7227         0.1303       371.7227      8250.5342       0.1178     2.5000e-14      18799.999
 0.267600   127600.0000    0.337970    2.4258e+00       2.5000    4.5543e+03    0.053610      357.1538         0.1319       357.1538      8250.5342       0.1161     2.5000e-14      18799.999
 0.268000   128000.0000    0.338090    2.2817e+00       2.5000    4.4851e+03    0.051992      365.5283         0.1346       365.5283      8250.5342       0.1133     2.5000e-14      18799.999
 0.268400   128400.0000    0.338210    2.2457e+00       2.5000    4.4673e+03    0.051581      373.9028         0.1373       373.9028      8250.5342       0.1104     2.5000e-14      18799.999
 0.268800   128800.0000    0.338330    2.3522e+00       2.5000    4.5194e+03    0.052790      382.2769         0.1400       382.2769      8250.5342       0.1076     2.5000e-14      18799.999
 0.269200   129200.0000    0.338450    2.4875e+00       2.5000    4.5830e+03    0.054287      390.6514         0.1426       390.6514      8250.5342       0.1048     2.5000e-14      18799.999
 0.269600   129600.0000    0.338570    2.7945e+00       2.5000    4.7183e+03    0.057539      399.0259         0.1453       399.0259      8250.5342       0.1020     2.5000e-14      18799.999
 0.270000   130000.0000    0.338690    3.3910e+00       2.5000    4.9521e+03    0.063383      407.4000         0.1480       407.4000      8250.5342       0.0991     2.5000e-14      18799.999
 0.270400   130400.0000    0.338916    3.5218e+00       2.5000    4.9992e+03    0.064594      417.0107         0.1492       417.0107      8250.5342       0.0977     2.5000e-14      18799.999
 0.270800   130800.0000    0.339141    3.5639e+00       2.5000    5.0141e+03    0.064980      426.6221         0.1504       426.6221      8250.5342       0.0963     2.5000e-14      18799.999
 0.271200   131200.0000    0.339367    3.1892e+00       2.5000    4.8767e+03    0.061469      436.2334         0.1515       436.2334      8250.5342       0.0949     2.5000e-14      18799.999
 0.271600   131600.0000    0.339592    3.4717e+00       2.5000    4.9813e+03    0.064133      445.8447         0.1527       445.8447      8250.5342       0.0935     2.5000e-14      18799.999
 0.272000   132000.0000    0.339818    3.2929e+00       2.5000    4.9159e+03    0.062460      455.4561         0.1538       455.4561      8250.5342       0.0921     2.5000e-14      18799.999
 0.272400   132400.0000    0.340044    2.9529e+00       2.5000    4.7838e+03    0.059148      465.0669         0.1550       465.0669      8250.5342       0.0907     2.5000e-14      18799.999
 0.272800   132800.0000    0.340266    2.9691e+00       2.5000    4.7903e+03    0.059309      482.2432         0.1562       482.2432      8250.5342       0.0892     2.5000e-14      18799.999
 0.273200   133200.0000    0.340486    3.1424e+00       2.5000    4.8587e+03    0.061016      501.9434         0.1575       501.9434      8250.5342       0.0877     2.5000e-14      18799.999
 0.273600   133600.0000    0.340707    3.3503e+00       2.5000    4.9372e+03    0.063002      521.6426         0.1588       521.6426      8250.5342       0.0862     2.5000e-14      18799.999
 0.274000   134000.0000    0.340928    3.4722e+00       2.5000    4.9815e+03    0.064138      541.3408         0.1600       541.3408      8250.5342       0.0846     2.5000e-14      18799.999
 0.274400   134400.0000    0.341149    3.4027e+00       2.5000    4.9564e+03    0.063493      561.0400         0.1613       561.0400      8250.5342       0.0831     2.5000e-14      18799.999
 0.274720   134720.0156    0.341325    5.3148e+00       2.5000    5.5409e+03    0.079352      576.8008         0.1623       576.8008      8250.5342       0.0819     2.5000e-14      18799.999
 0.274760   134760.0156    0.341348    6.5222e+00       2.5000    5.8318e+03    0.087904      578.7695         0.1625       578.7695      8250.5342       0.0818     2.5000e-14      18799.999
 0.274780   134780.0156    0.341359    6.2491e+00       2.5000    5.7698e+03    0.086044      579.7549         0.1625       579.7549      8250.5342       0.0817     2.5000e-14      18799.999
 0.274800   134800.0000    0.341370    5.9591e+00       2.5000    5.7017e+03    0.084024      580.7393         0.1626       580.7393      8250.5342       0.0816     2.5000e-14      18799.999
 0.274820   134820.0000    0.341381    5.4902e+00       2.5000    5.5860e+03    0.080650      581.7246         0.1626       581.7246      8250.5342       0.0815     2.5000e-14      18799.999
 0.274960   134960.0156    0.341458    5.7169e+00       2.5000    5.6428e+03    0.082298      588.6201         0.1631       588.6201      8250.5342       0.0810     2.5000e-14      18799.999
 0.275200   135200.0000    0.341765    6.1112e+00       2.5000    5.7377e+03    0.085089      592.5798         0.1628       592.5798      8250.5342       0.0809     2.5000e-14      18799.999
 0.275500   135500.0000    0.342192    6.3466e+00       2.5000    5.7922e+03    0.086713      595.5642         0.1623       595.5642      8250.5342       0.0810     2.5000e-14      18799.999
 0.275600   135600.0000    0.342334    6.1414e+00       2.5000    5.7448e+03    0.085299      596.5588         0.1621       596.5588      8250.5342       0.0810     2.5000e-14      18799.999
 0.276000   136000.0000    0.342904    5.2420e+00       2.5000    5.5218e+03    0.078806      600.5381         0.1614       600.5381      8250.5342       0.0811     2.5000e-14      18799.999
 0.276020   136019.9844    0.342932    5.1401e+00       2.5000    5.4948e+03    0.078037      600.7371         0.1613       600.7371      8250.5342       0.0811     2.5000e-14      18799.999
 0.276260   136259.9844    0.343274    5.3167e+00       2.5000    5.5414e+03    0.079366      603.1245         0.1609       603.1245      8250.5342       0.0812     2.5000e-14      18799.999
 0.276400   136400.0000    0.343474    5.2643e+00       2.5000    5.5277e+03    0.078974      604.5173         0.1606       604.5173      8250.5342       0.0812     2.5000e-14      18799.999
 0.276640   136640.0000    0.343815    5.8572e+00       2.5000    5.6771e+03    0.083303      606.9048         0.1602       606.9048      8250.5342       0.0813     2.5000e-14      18799.999
 0.276740   136740.0156    0.343958    6.3463e+00       2.5000    5.7921e+03    0.086711      607.8997         0.1600       607.8997      8250.5342       0.0813     2.5000e-14      18799.999
 0.276800   136800.0000    0.344043    6.1777e+00       2.5000    5.7533e+03    0.085552      608.4966         0.1599       608.4966      8250.5342       0.0813     2.5000e-14      18799.999
 0.276940   136939.9844    0.344243    5.8995e+00       2.5000    5.6874e+03    0.083603      609.8892         0.1596       609.8892      8250.5342       0.0813     2.5000e-14      18799.999
 0.277200   137200.0000    0.344613    5.5499e+00       2.5000    5.6012e+03    0.081088      612.4758         0.1591       612.4758      8250.5342       0.0814     2.5000e-14      18799.999
 0.277380   137379.9844    0.344869    5.1174e+00       2.5000    5.4887e+03    0.077864      614.2664         0.1588       614.2664      8250.5342       0.0814     2.5000e-14      18799.999
 0.277600   137600.0000    0.345077    2.1100e+00       2.5000    4.3982e+03    0.049998      611.4307         0.1577       611.4307      8250.5342       0.0823     2.5000e-14      18799.999
 0.278000   138000.0000    0.345226    1.7033e+00       2.5000    4.1690e+03    0.044922      595.3096         0.1542       595.3096      8250.5342       0.0858     2.5000e-14      18799.999
 0.278400   138400.0000    0.345375    2.4144e+00       2.5000    4.5489e+03    0.053483      579.1895         0.1506       579.1895      8250.5342       0.0892     2.5000e-14      18799.999
 0.278800   138800.0000    0.345524    2.5721e+00       2.5000    4.6215e+03    0.055203      563.0693         0.1471       563.0693      8250.5342       0.0926     2.5000e-14      18799.999
 0.279200   139200.0000    0.345672    3.3061e+00       2.5000    4.9208e+03    0.062585      546.9502         0.1435       546.9502      8250.5342       0.0961     2.5000e-14      18799.999
 0.279600   139600.0000    0.345821    2.8430e+00       2.5000    4.7386e+03    0.058037      530.8301         0.1400       530.8301      8250.5342       0.0995     2.5000e-14      18799.999
 0.280000   140000.0000    0.345970    1.8296e+00       2.5000    4.2442e+03    0.046557      514.7100         0.1364       514.7100      8250.5342       0.1029     2.5000e-14      18799.999
 0.280400   140400.0000    0.346058    2.8827e+00       2.5000    4.7551e+03    0.058441      517.0061         0.1371       517.0061      8250.5342       0.1021     2.5000e-14      18799.999
 0.280800   140800.0000    0.346146    2.3689e+00       2.5000    4.5274e+03    0.052977      519.3021         0.1378       519.3021      8250.5342       0.1013     2.5000e-14      18799.999
 0.281200   141200.0000    0.346234    3.1143e+00       2.5000    4.8478e+03    0.060742      521.5979         0.1385       521.5979      8250.5342       0.1005     2.5000e-14      18799.999
 0.281600   141600.0000    0.346322    2.7693e+00       2.5000    4.7076e+03    0.057280      523.8940         0.1391       523.8940      8250.5342       0.0996     2.5000e-14      18799.999
 0.283180   143180.0000    0.346754    2.6854e+00       2.5000    4.6715e+03    0.056405      559.6133         0.1450       559.6133      8250.5342       0.0932     2.5000e-14      18799.999
