Time (Myr)  Time-t0 (yr) Mstar (Msun)  Lstar (Lsun)  Rstar (Rsun)  Tstar (K)  Rdisk_in (AU)  Rdisk_out (AU)  Mdisk (Msun)  Renv_in (AU)  Renv_out (AU)  Menv (Msun)  Omega_0 (1/s)   c_s (cm/s)
 0.080240        0.0000    0.005501    0.0000e+00    1078.0000    0.0000e+00    0.000000        0.0000         0.0000         4.8706      8250.5342       0.6112     6.0000e-14      18799.999
 0.080640      400.1000    0.007823    2.0927e-03    1078.0000    3.7588e+01    0.001575        0.0000         0.0000         4.8706      8250.5342       0.6078     6.0000e-14      18799.999
 0.081040      800.0000    0.010144    2.4526e-03    1078.0000    3.9109e+01    0.001705        0.0000         0.0000         4.8706      8250.5342       0.6044     6.0000e-14      18799.999
 0.081440     1199.9000    0.012465    2.8202e-03    1078.0000    4.0498e+01    0.001828        0.0000         0.0000         4.8706      8250.5342       0.6010     6.0000e-14      18799.999
 0.081840     1600.0000    0.014787    3.1850e-03    1078.0000    4.1749e+01    0.001943        0.0000         0.0000         4.8706      8250.5342       0.5976     6.0000e-14      18799.999
 0.082240     1999.9000    0.017108    3.5439e-03    1078.0000    4.2878e+01    0.002049        0.0000         0.0000         4.8706      8250.5342       0.5943     6.0000e-14      18799.999
 0.082640     2399.8999    0.019464    3.9036e-03    1078.0000    4.3927e+01    0.002151        0.0000         0.0000         4.8706      8250.5342       0.5910     6.0000e-14      18799.999
 0.083040     2800.0000    0.021884    4.2695e-03    1078.0000    4.4922e+01    0.002249        0.0000         0.0000         4.8706      8250.5342       0.5881     6.0000e-14      18799.999
 0.083440     3200.0000    0.024304    4.6289e-03    1078.0000    4.5839e+01    0.002342        0.0000         0.0000         4.8706      8250.5342       0.5852     6.0000e-14      18799.999
 0.083840     3600.0000    0.026723    4.9826e-03    1078.0000    4.6691e+01    0.002430        0.0000         0.0000         4.8706      8250.5342       0.5824     6.0000e-14      18799.999
 0.084240     3999.8999    0.029142    5.3310e-03    1078.0000    4.7486e+01    0.002513        0.0000         0.0000         4.8706      8250.5342       0.5795     6.0000e-14      18799.999
 0.084640     4400.0000    0.031562    5.6749e-03    1078.0000    4.8234e+01    0.002593        0.0000         0.0000         4.8706      8250.5342       0.5766     6.0000e-14      18799.999
 0.085040     4800.0000    0.034062    6.0286e-03    1078.0000    4.8969e+01    0.002673        0.0000         0.0000         4.8706      8250.5342       0.5737     6.0000e-14      18799.999
 0.085440     5199.8999    0.037280    6.5036e-03    1078.0000    4.9906e+01    0.002776        0.0000         0.0000         4.8706      8250.5342       0.5711     6.0000e-14      18799.999
 0.085840     5599.8999    0.040499    6.9715e-03    1078.0000    5.0781e+01    0.002874        0.0000         0.0000         4.8706      8250.5342       0.5685     6.0000e-14      18799.999
 0.086240     5999.8999    0.043719    7.4331e-03    1078.0000    5.1601e+01    0.002968        0.0000         0.0000         4.8706      8250.5342       0.5659     6.0000e-14      18799.999
 0.086640     6399.8999    0.046938    7.8891e-03    1077.9900    5.2375e+01    0.003057        0.0000         0.0000         4.8706      8250.5342       0.5633     6.0000e-14      18799.999
 0.087040     6799.8999    0.050157    8.3400e-03    1077.9900    5.3108e+01    0.003143        0.0000         0.0000         4.8706      8250.5342       0.5606     6.0000e-14      18799.999
 0.087440     7199.8999    0.053376    8.7864e-03    1077.9700    5.3805e+01    0.003226        0.0000         0.0000         4.8706      8250.5342       0.5580     6.0000e-14      18799.999
 0.087840     7599.8999    0.056376    9.1931e-03    1077.9600    5.4418e+01    0.003300        0.0000         0.0000         4.8706      8250.5342       0.5556     6.0000e-14      18799.999
 0.088240     7999.8999    0.059338    9.5905e-03    1077.9300    5.4997e+01    0.003371        0.0000         0.0000         4.8706      8250.5342       0.5531     6.0000e-14      18799.999
 0.088640     8399.9004    0.062299    9.9853e-03    1077.8800    5.5556e+01    0.003439        0.0000         0.0000         4.8706      8250.5342       0.5506     6.0000e-14      18799.999
 0.089040     8799.9004    0.065261    1.0378e-02    1077.8100    5.6096e+01    0.003506        0.0000         0.0000         4.8706      8250.5342       0.5482     6.0000e-14      18799.999
 0.089440     9199.9004    0.068223    1.0769e-02    1077.7100    5.6620e+01    0.003572        0.0000         0.0000         4.8706      8250.5342       0.5457     6.0000e-14      18799.999
 0.089840     9599.9004    0.071184    1.1159e-02    1077.5600    5.7129e+01    0.003636        0.0000         0.0000         4.8706      8250.5342       0.5433     6.0000e-14      18799.999
 0.090240     9999.9004    0.073500    1.1447e-02    1077.3300    5.7501e+01    0.003683        0.0000         0.0000         4.8706      8250.5342       0.5409     6.0000e-14      18799.999
 0.090640    10399.9004    0.075385    1.1670e-02    1077.0100    5.7787e+01    0.003718        0.0000         0.0000         4.8706      8250.5342       0.5385     6.0000e-14      18799.999
 0.091040    10799.9004    0.077269    1.1894e-02    1076.5600    5.8076e+01    0.003754        0.0000         0.0000         4.8706      8250.5342       0.5362     6.0000e-14      18799.999
 0.091440    11199.9004    0.079154    1.2122e-02    1075.9200    5.8369e+01    0.003790        0.0000         0.0000         4.8706      8250.5342       0.5338     6.0000e-14      18799.999
 0.091840    11599.9004    0.081039    1.2354e-02    1075.0500    5.8670e+01    0.003826        0.0000         0.0000         4.8706      8250.5342       0.5315     6.0000e-14      18799.999
 0.092240    11999.9004    0.082924    1.2590e-02    1073.8600    5.8981e+01    0.003862        0.0000         0.0000         4.8706      8250.5342       0.5292     6.0000e-14      18799.999
 0.092640    12399.9004    0.085106    1.2878e-02    1072.2600    5.9360e+01    0.003906        0.0000         0.0000         4.8706      8250.5342       0.5268     6.0000e-14      18799.999
 0.093040    12799.9004    0.087840    1.3258e-02    1070.1100    5.9852e+01    0.003963        0.0000         0.0000         4.8706      8250.5342       0.5246     6.0000e-14      18799.999
 0.093440    13199.9004    0.090575    1.3647e-02    1067.2700    6.0367e+01    0.004021        0.0000         0.0000         4.8706      8250.5342       0.5223     6.0000e-14      18799.999
 0.093840    13599.9004    0.093309    1.4051e-02    1063.5400    6.0916e+01    0.004080        0.0000         0.0000         4.8706      8250.5342       0.5200     6.0000e-14      18799.999
 0.094240    13999.9004    0.096043    1.4474e-02    1058.6800    6.1510e+01    0.004141        0.0000         0.0000         4.8706      8250.5342       0.5177     6.0000e-14      18799.999
 0.094640    14399.9004    0.098777    1.4922e-02    1052.3900    6.2165e+01    0.004205        0.0000         0.0000         4.8706      8250.5342       0.5155     6.0000e-14      18799.999
 0.095040    14799.9004    0.101416    1.5389e-02    1044.3300    6.2887e+01    0.004270        0.0000         0.0000         4.8706      8250.5342       0.5132     6.0000e-14      18799.999
 0.095440    15199.9004    0.103191    1.5767e-02    1034.0700    6.3583e+01    0.004322        0.0000         0.0000         4.8706      8250.5342       0.5113     6.0000e-14      18799.999
 0.095840    15599.9004    0.104966    1.6202e-02    1021.0900    6.4422e+01    0.004381        0.0000         0.0000         4.8706      8250.5342       0.5094     6.0000e-14      18799.999
 0.096240    15999.9004    0.106741    1.6711e-02    1004.8000    6.5446e+01    0.004449        0.0000         0.0000         4.8706      8250.5342       0.5074     6.0000e-14      18799.999
 0.096640    16399.9004    0.108516    1.7326e-02     984.5220    6.6718e+01    0.004531        0.0000         0.0000         4.8706      8250.5342       0.5055     6.0000e-14      18799.999
 0.097040    16799.9004    0.110291    1.8138e-02     959.5040    6.8360e+01    0.004636        0.0000         0.0000         4.8706      8250.5342       0.5035     6.0000e-14      18799.999
 0.097440    17199.9004    0.112066    7.3818e-09     928.9500    1.7548e+00    0.000003        0.0000         0.0000         4.8706      8250.5342       0.5016     6.0000e-14      18799.999
 0.097840    17599.9004    0.112837    3.1921e-07     892.1070    4.5918e+00    0.000019        0.0000         0.0000         4.8706      8250.5342       0.4992     6.0000e-14      18799.999
 0.098240    17999.9004    0.113431    2.5645e-02     848.3840    7.9274e+01    0.005512        7.9335         0.0038         7.9335      8250.5342       0.4967     6.0000e-14      18799.999
 0.098640    18399.9004    0.114025    2.1537e-02     797.5300    7.8271e+01    0.005051       12.2219         0.0058        12.2219      8250.5342       0.4942     6.0000e-14      18799.999
 0.099040    18799.9004    0.114619    2.0022e-02     739.8450    7.9796e+01    0.004870       16.5103         0.0078        16.5103      8250.5342       0.4917     6.0000e-14      18799.999
 0.099440    19199.9004    0.115213    1.9329e-02     676.4060    8.2723e+01    0.004785       20.7986         0.0098        20.7986      8250.5342       0.4892     6.0000e-14      18799.999
 0.099840    19599.9004    0.115806    2.0296e-02     609.0830    8.8245e+01    0.004904       25.0870         0.0118        25.0870      8250.5342       0.4867     6.0000e-14      18799.999
 0.100240    19999.9004    0.116545    1.5380e-02     540.3890    8.7410e+01    0.004269       28.1517         0.0134        28.1517      8250.5342       0.4844     6.0000e-14      18799.999
 0.100640    20399.9004    0.117381    2.5911e-02     473.0290    1.0644e+02    0.005541       30.4006         0.0146        30.4006      8250.5342       0.4823     6.0000e-14      18799.999
 0.101040    20799.9004    0.118216    1.6649e-02     409.4170    1.0243e+02    0.004441       32.6495         0.0159        32.6495      8250.5342       0.4801     6.0000e-14      18799.999
 0.101440    21199.9004    0.119051    3.5457e-02     351.2980    1.3359e+02    0.006481       34.8984         0.0171        34.8984      8250.5342       0.4779     6.0000e-14      18799.999
 0.101840    21599.9004    0.119887    2.9769e-02     299.5960    1.3847e+02    0.005939       37.1473         0.0183        37.1473      8250.5342       0.4757     6.0000e-14      18799.999
 0.102240    21999.9004    0.120722    3.9726e-02     254.5340    1.6146e+02    0.006860       39.3962         0.0196        39.3962      8250.5342       0.4736     6.0000e-14      18799.999
 0.102640    22399.9004    0.121536    1.9283e-02     215.8470    1.4635e+02    0.004780       40.7634         0.0208        40.7634      8250.5342       0.4714     6.0000e-14      18799.999
 0.103040    22799.9004    0.122310    5.1519e-02     182.9560    2.0323e+02    0.007813       40.4936         0.0221        40.4936      8250.5342       0.4693     6.0000e-14      18799.999
 0.103440    23199.9004    0.123084    8.0259e-02     155.1800    2.4654e+02    0.009751       40.2237         0.0234        40.2237      8250.5342       0.4672     6.0000e-14      18799.999
 0.103840    23599.9004    0.123859    4.6961e-02     131.8040    2.3396e+02    0.007459       39.9538         0.0246        39.9538      8250.5342       0.4650     6.0000e-14      18799.999
 0.104240    23999.9004    0.124633    1.5599e-01     112.1690    3.4238e+02    0.013594       39.6839         0.0259        39.6839      8250.5342       0.4629     6.0000e-14      18799.999
 0.104640    24399.9004    0.125407    8.0909e-02      95.6849    3.1460e+02    0.009791       39.4140         0.0272        39.4140      8250.5342       0.4608     6.0000e-14      18799.999
 0.105040    24799.9004    0.126201    8.1974e-02      81.8349    3.4129e+02    0.009855       39.7241         0.0284        39.7241      8250.5342       0.4586     6.0000e-14      18799.999
 0.105440    25199.9004    0.127173    7.2579e-02      70.1867    3.5748e+02    0.009273       45.2528         0.0295        45.2528      8250.5342       0.4564     6.0000e-14      18799.999
 0.105840    25599.9004    0.128145    7.6161e-02      60.3748    3.9011e+02    0.009499       50.7815         0.0307        50.7815      8250.5342       0.4543     6.0000e-14      18799.999
 0.106240    25999.9004    0.129117    2.6608e-01      52.0946    5.7416e+02    0.017755       56.3102         0.0318        56.3102      8250.5342       0.4521     6.0000e-14      18799.999
 0.106640    26399.9004    0.130089    2.8247e-01      45.0917    6.2643e+02    0.018294       61.8390         0.0329        61.8390      8250.5342       0.4499     6.0000e-14      18799.999
 0.107040    26799.9004    0.131060    1.2945e-01      39.1569    5.5309e+02    0.012384       67.3677         0.0340        67.3677      8250.5342       0.4477     6.0000e-14      18799.999
 0.107440    27199.9004    0.132032    2.6068e-01      34.1172    7.0586e+02    0.017574       72.8964         0.0351        72.8964      8250.5342       0.4455     6.0000e-14      18799.999
 0.107840    27599.9004    0.133035    4.1472e-01      29.8271    8.4783e+02    0.022166       71.2688         0.0361        71.2688      8250.5342       0.4434     6.0000e-14      18799.999
 0.108240    27999.9004    0.134043    5.6419e-01      26.1681    9.7757e+02    0.025854       68.3784         0.0370        68.3784      8250.5342       0.4413     6.0000e-14      18799.999
 0.108640    28399.9004    0.135051    7.9607e-01      23.0399    1.1355e+03    0.030711       65.4881         0.0380        65.4881      8250.5342       0.4392     6.0000e-14      18799.999
 0.109040    28799.9004    0.136059    1.0946e+00      20.3603    1.3080e+03    0.036012       62.5977         0.0389        62.5977      8250.5342       0.4372     6.0000e-14      18799.999
 0.109440    29199.9004    0.137067    1.6440e+00      18.0599    1.5374e+03    0.044132       59.7074         0.0399        59.7074      8250.5342       0.4351     6.0000e-14      18799.999
 0.109840    29599.9004    0.138075    2.3640e+00      16.0810    1.7842e+03    0.052922       56.8170         0.0408        56.8170      8250.5342       0.4330     6.0000e-14      18799.999
 0.110240    29999.9004    0.139161    1.9388e+00      14.3755    1.7958e+03    0.047927       56.0499         0.0418        56.0499      8250.5342       0.4309     6.0000e-14      18799.999
 0.110640    30399.9004    0.140300    2.3946e+00      12.9025    1.9982e+03    0.053263       56.6982         0.0426        56.6982      8250.5342       0.4288     6.0000e-14      18799.999
 0.111040    30799.9004    0.141439    2.2958e+00      11.6279    2.0829e+03    0.052153       57.3465         0.0435        57.3465      8250.5342       0.4266     6.0000e-14      18799.999
 0.111440    31199.9004    0.142578    2.1193e+00      10.5230    2.1461e+03    0.050108       57.9948         0.0444        57.9948      8250.5342       0.4245     6.0000e-14      18799.999
 0.111840    31599.9004    0.143717    3.3301e+00       9.5634    2.5205e+03    0.062812       58.6431         0.0452        58.6431      8250.5342       0.4224     6.0000e-14      18799.999
 0.112240    31999.9004    0.144856    2.5644e+00       8.7286    2.4715e+03    0.055120       59.2914         0.0461        59.2914      8250.5342       0.4202     6.0000e-14      18799.999
 0.112640    32399.9004    0.146017    2.5288e+00       8.0010    2.5724e+03    0.054735       60.3831         0.0470        60.3831      8250.5342       0.4181     6.0000e-14      18799.999
 0.113040    32799.8984    0.147220    2.3982e+00       7.3658    2.6457e+03    0.053303       62.2982         0.0478        62.2982      8250.5342       0.4159     6.0000e-14      18799.999
 0.113440    33199.8984    0.148422    2.1969e+00       6.8103    2.6918e+03    0.051017       64.2133         0.0487        64.2133      8250.5342       0.4137     6.0000e-14      18799.999
 0.113840    33599.8984    0.149625    3.8369e+00       6.3238    3.2113e+03    0.067422       66.1284         0.0495        66.1284      8250.5342       0.4115     6.0000e-14      18799.999
 0.114240    33999.8984    0.150828    6.9486e+00       5.8971    3.8577e+03    0.090732       68.0435         0.0504        68.0435      8250.5342       0.4093     6.0000e-14      18799.999
 0.114640    34399.8984    0.152031    3.7689e+00       5.5221    3.4212e+03    0.066822       69.9586         0.0512        69.9586      8250.5342       0.4071     6.0000e-14      18799.999
 0.115040    34799.8984    0.153200    2.2074e+00       5.1921    3.0866e+03    0.051139       72.3590         0.0522        72.3590      8250.5342       0.4049     6.0000e-14      18799.999
 0.115440    35199.8984    0.154070    3.7037e+00       4.9014    3.6156e+03    0.066242       79.1266         0.0535        79.1266      8250.5342       0.4026     6.0000e-14      18799.999
 0.115840    35599.8984    0.154941    2.9863e+00       4.6448    3.5195e+03    0.059481       85.8940         0.0549        85.8940      8250.5342       0.4002     6.0000e-14      18799.999
 0.116240    35999.8984    0.155811    3.9167e+00       4.4181    3.8618e+03    0.068120       92.6615         0.0563        92.6615      8250.5342       0.3979     6.0000e-14      18799.999
 0.116640    36399.8984    0.156681    3.6744e+00       4.2174    3.8900e+03    0.065979       99.4291         0.0577        99.4291      8250.5342       0.3955     6.0000e-14      18799.999
 0.117040    36799.8984    0.157551    3.0726e+00       4.0396    3.8009e+03    0.060334      106.1965         0.0591       106.1965      8250.5342       0.3932     6.0000e-14      18799.999
 0.117440    37199.8984    0.158421    3.0605e+00       3.8818    3.8735e+03    0.060215      112.9640         0.0604       112.9640      8250.5342       0.3908     6.0000e-14      18799.999
 0.117840    37599.8984    0.159722    1.6314e+01       3.7417    5.9950e+03    0.139026      112.9270         0.0613       112.9270      8250.5342       0.3885     6.0000e-14      18799.999
 0.118240    37999.8984    0.161099    4.5525e+00       3.6170    4.4317e+03    0.073441      111.6894         0.0621       111.6894      8250.5342       0.3862     6.0000e-14      18799.999
 0.118640    38399.8984    0.162475    9.8157e+00       3.5059    5.4545e+03    0.107839      110.4518         0.0628       110.4518      8250.5342       0.3839     6.0000e-14      18799.999
 0.119040    38799.8984    0.163852    4.6249e+00       3.4069    4.5843e+03    0.074023      109.2142         0.0636       109.2142      8250.5342       0.3816     6.0000e-14      18799.999
 0.119440    39199.8984    0.165229    3.6178e+00       3.3185    4.3683e+03    0.065469      107.9766         0.0644       107.9766      8250.5342       0.3793     6.0000e-14      18799.999
 0.119840    39599.8984    0.166605    3.0050e+00       3.2395    4.2209e+03    0.059667      106.7390         0.0652       106.7390      8250.5342       0.3770     6.0000e-14      18799.999
 0.120240    39999.8984    0.167592    2.6651e+00       3.1688    4.1415e+03    0.056191      106.8338         0.0664       106.8338      8250.5342       0.3747     6.0000e-14      18799.999
 0.120640    40399.8984    0.168319    5.5201e+00       3.1054    5.0188e+03    0.080870      107.8168         0.0679       107.8168      8250.5342       0.3723     6.0000e-14      18799.999
 0.121040    40799.8984    0.169046    2.8853e+00       3.0486    4.3070e+03    0.058467      108.7999         0.0695       108.7999      8250.5342       0.3700     6.0000e-14      18799.999
 0.121440    41199.8984    0.169773    3.3385e+00       2.9976    4.5048e+03    0.062891      109.7829         0.0711       109.7829      8250.5342       0.3676     6.0000e-14      18799.999
 0.121840    41599.8984    0.170500    3.5547e+00       2.9518    4.6114e+03    0.064895      110.7660         0.0726       110.7660      8250.5342       0.3652     6.0000e-14      18799.999
 0.122240    41999.8984    0.171227    2.8078e+00       2.9106    4.3781e+03    0.057677      111.7490         0.0742       111.7490      8250.5342       0.3629     6.0000e-14      18799.999
 0.122640    42399.8984    0.172093    5.4631e+00       2.8734    5.2040e+03    0.080451      111.9609         0.0755       111.9609      8250.5342       0.3606     6.0000e-14      18799.999
 0.123040    42799.8984    0.173220    3.7439e+00       2.8400    4.7627e+03    0.066600      110.7408         0.0766       110.7408      8250.5342       0.3583     6.0000e-14      18799.999
 0.123440    43199.8984    0.174346    4.0041e+00       2.8098    4.8693e+03    0.068876      109.5206         0.0776       109.5206      8250.5342       0.3560     6.0000e-14      18799.999
 0.123840    43599.8984    0.175472    7.7925e+00       2.7825    5.7794e+03    0.096084      108.3005         0.0786       108.3005      8250.5342       0.3537     6.0000e-14      18799.999
 0.124240    43999.8984    0.176599    2.4325e+00       2.7578    4.3391e+03    0.053683      107.0803         0.0797       107.0803      8250.5342       0.3514     6.0000e-14      18799.999
 0.124640    44399.8984    0.177725    3.9246e+00       2.7355    4.9103e+03    0.068189      105.8601         0.0807       105.8601      8250.5342       0.3491     6.0000e-14      18799.999
 0.125040    44799.8984    0.178861    3.4418e+00       2.7153    4.7694e+03    0.063857      105.1263         0.0817       105.1263      8250.5342       0.3468     6.0000e-14      18799.999
 0.125440    45199.8984    0.180079    4.3103e+00       2.6970    5.0625e+03    0.071460      108.7711         0.0826       108.7711      8250.5342       0.3446     6.0000e-14      18799.999
 0.125840    45599.8984    0.181298    5.0328e+00       2.6804    5.2787e+03    0.077218      112.4156         0.0835       112.4156      8250.5342       0.3423     6.0000e-14      18799.999
 0.126240    45999.8984    0.182516    3.7323e+00       2.6653    4.9124e+03    0.066497      116.0603         0.0844       116.0603      8250.5342       0.3401     6.0000e-14      18799.999
 0.126640    46399.8984    0.183734    6.5296e+00       2.6516    5.6643e+03    0.087954      119.7051         0.0854       119.7051      8250.5342       0.3378     6.0000e-14      18799.999
 0.127040    46799.8984    0.184953    4.0073e+00       2.6391    5.0253e+03    0.068903      123.3496         0.0863       123.3496      8250.5342       0.3355     6.0000e-14      18799.999
 0.127440    47199.8984    0.186171    1.2738e+01       2.6278    6.7244e+03    0.122844      126.9944         0.0872       126.9944      8250.5342       0.3333     6.0000e-14      18799.999
 0.127840    47599.8984    0.187331    5.3240e+00       2.6174    5.4175e+03    0.079420      133.1707         0.0880       133.1707      8250.5342       0.3311     6.0000e-14      18799.999
 0.128240    47999.8984    0.188480    3.3554e+00       2.6080    4.8357e+03    0.063050      139.7937         0.0888       139.7937      8250.5342       0.3290     6.0000e-14      18799.999
 0.128640    48399.8984    0.189629    9.3301e+00       2.5994    6.2548e+03    0.105137      146.4167         0.0896       146.4167      8250.5342       0.3270     6.0000e-14      18799.999
 0.129040    48799.8984    0.190779    1.5462e+01       2.5915    7.1074e+03    0.135346      153.0398         0.0904       153.0398      8250.5342       0.3249     6.0000e-14      18799.999
 0.129440    49199.8984    0.191928    6.0603e+00       2.5844    5.6315e+03    0.084735      159.6626         0.0913       159.6626      8250.5342       0.3228     6.0000e-14      18799.999
 0.129840    49599.8984    0.193077    5.4003e+00       2.5778    5.4784e+03    0.079988      166.2859         0.0921       166.2859      8250.5342       0.3207     6.0000e-14      18799.999
 0.130240    49999.8984    0.194119    4.4539e+00       2.5718    5.2269e+03    0.072641      164.1304         0.0930       164.1304      8250.5342       0.3186     6.0000e-14      18799.999
 0.130640    50399.8984    0.195089    3.5525e+00       2.5663    4.9449e+03    0.064876      156.1226         0.0941       156.1226      8250.5342       0.3164     6.0000e-14      18799.999
 0.131040    50799.8984    0.196060    1.0902e+01       2.5613    6.5513e+03    0.113650      148.1147         0.0952       148.1147      8250.5342       0.3143     6.0000e-14      18799.999
 0.131440    51199.8984    0.197030    1.8527e+01       2.5566    7.4867e+03    0.148154      140.1072         0.0962       140.1072      8250.5342       0.3121     6.0000e-14      18799.999
 0.131840    51599.8984    0.198000    4.1809e+00       2.5524    5.1644e+03    0.070380      132.0994         0.0973       132.0994      8250.5342       0.3100     6.0000e-14      18799.999
 0.132240    51999.8984    0.198970    3.3039e+00       2.5485    4.8729e+03    0.062564      124.0920         0.0984       124.0920      8250.5342       0.3078     6.0000e-14      18799.999
 0.132640    52399.8984    0.200049    7.2000e+00       2.5449    5.9248e+03    0.092359      119.3716         0.0993       119.3716      8250.5342       0.3057     6.0000e-14      18799.999
 0.133040    52799.8984    0.201328    2.2194e+01       2.5416    7.8556e+03    0.162156      120.7563         0.0998       120.7563      8250.5342       0.3038     6.0000e-14      18799.999
 0.133140    52899.8984    0.201647    2.7381e+01       2.5409    8.2803e+03    0.180109      121.1024         0.1000       121.1024      8250.5342       0.3033     6.0000e-14      18799.999
 0.133440    53199.8984    0.202606    1.3419e+01       2.5386    6.9312e+03    0.126086      122.1409         0.1004       122.1409      8250.5342       0.3018     6.0000e-14      18799.999
 0.133840    53599.8984    0.203885    5.8683e+00       2.5358    5.6396e+03    0.083381      123.5255         0.1010       123.5255      8250.5342       0.2998     6.0000e-14      18799.999
 0.134240    53999.8984    0.205164    6.5248e+00       2.5333    5.7940e+03    0.087922      124.9102         0.1016       124.9102      8250.5342       0.2978     6.0000e-14      18799.999
 0.134640    54399.8984    0.206443    5.8711e+00       2.5309    5.6457e+03    0.083402      126.2948         0.1021       126.2948      8250.5342       0.2958     6.0000e-14      18799.999
 0.135040    54799.8984    0.207735    3.2570e+00       2.5287    4.8745e+03    0.062119      127.4294         0.1026       127.4294      8250.5342       0.2938     6.0000e-14      18799.999
 0.135440    55199.8984    0.209141    4.1057e+00       2.5267    5.1671e+03    0.069744      126.3139         0.1024       126.3139      8250.5342       0.2925     6.0000e-14      18799.999
 0.135840    55599.8984    0.210547    7.8593e+00       2.5248    6.0800e+03    0.096495      125.1984         0.1021       125.1984      8250.5342       0.2912     6.0000e-14      18799.999
 0.136240    55999.8984    0.211954    4.9088e+00       2.5231    5.4070e+03    0.076261      124.0829         0.1019       124.0829      8250.5342       0.2899     6.0000e-14      18799.999
 0.136640    56399.8984    0.213360    6.5830e+00       2.5215    5.8204e+03    0.088313      122.9673         0.1016       122.9673      8250.5342       0.2886     6.0000e-14      18799.999
 0.136840    56599.9023    0.214063    3.3615e+01       2.5208    8.7507e+03    0.199564      122.4096         0.1015       122.4096      8250.5342       0.2880     6.0000e-14      18799.999
 0.137040    56799.8984    0.214767    1.0577e+01       2.5201    6.5548e+03    0.111942      121.8518         0.1014       121.8518      8250.5342       0.2873     6.0000e-14      18799.999
 0.137440    57199.8984    0.216173    4.5209e+00       2.5187    5.3015e+03    0.073185      120.7363         0.1011       120.7363      8250.5342       0.2860     6.0000e-14      18799.999
 0.137840    57599.8984    0.217534    4.1196e+00       2.5174    5.1810e+03    0.069862      127.4719         0.1018       127.4719      8250.5342       0.2837     6.0000e-14      18799.999
 0.138240    57999.8984    0.218887    3.8167e+00       2.5163    5.0842e+03    0.067245      135.5928         0.1027       135.5928      8250.5342       0.2813     6.0000e-14      18799.999
 0.138640    58399.8984    0.220240    8.0424e+00       2.5152    6.1268e+03    0.097612      143.7139         0.1036       143.7139      8250.5342       0.2789     6.0000e-14      18799.999
 0.139040    58799.8984    0.221593    1.6671e+01       2.5142    7.3531e+03    0.140539      151.8347         0.1045       151.8347      8250.5342       0.2765     6.0000e-14      18799.999
 0.139060    58819.9062    0.221661    3.3250e+01       2.5141    8.7384e+03    0.198477      152.2410         0.1046       152.2410      8250.5342       0.2764     6.0000e-14      18799.999
 0.139080    58839.9023    0.221728    4.1251e+01       2.5141    9.2224e+03    0.221070      152.6470         0.1046       152.6470      8250.5342       0.2763     6.0000e-14      18799.999
 0.139100    58859.8984    0.221796    3.1020e+01       2.5141    8.5882e+03    0.191707      153.0530         0.1047       153.0530      8250.5342       0.2762     6.0000e-14      18799.999
 0.139440    59199.8984    0.222946    2.0883e+01       2.5133    7.7804e+03    0.157291      159.9558         0.1054       159.9558      8250.5342       0.2741     6.0000e-14      18799.999
 0.139840    59599.8984    0.224299    5.0271e+00       2.5124    5.4508e+03    0.077174      168.0769         0.1063       168.0769      8250.5342       0.2717     6.0000e-14      18799.999
 0.140240    59999.8984    0.225285    5.3930e+00       2.5116    5.5483e+03    0.079933      169.5760         0.1071       169.5760      8250.5342       0.2698     6.0000e-14      18799.999
 0.140640    60399.8984    0.226028    5.0314e+00       2.5109    5.4537e+03    0.077207      166.6611         0.1079       166.6611      8250.5342       0.2683     6.0000e-14      18799.999
 0.141040    60799.8984    0.226770    5.5437e+00       2.5102    5.5883e+03    0.081043      163.7462         0.1086       163.7462      8250.5342       0.2667     6.0000e-14      18799.999
 0.141440    61199.8984    0.227512    7.6193e+00       2.5095    6.0515e+03    0.095010      160.8313         0.1093       160.8313      8250.5342       0.2652     6.0000e-14      18799.999
 0.141840    61599.8984    0.228254    8.1573e+00       2.5089    6.1563e+03    0.098307      157.9165         0.1101       157.9165      8250.5342       0.2636     6.0000e-14      18799.999
 0.142240    61999.8984    0.228997    1.2172e+01       2.5084    6.8049e+03    0.120086      155.0016         0.1108       155.0016      8250.5342       0.2621     6.0000e-14      18799.999
 0.142640    62399.8984    0.229683    4.7979e+00       2.5078    5.3925e+03    0.075394      153.8613         0.1116       153.8613      8250.5342       0.2604     6.0000e-14      18799.999
 0.143040    62799.8984    0.230267    4.0973e+00       2.5074    5.1844e+03    0.069673      156.0165         0.1127       156.0165      8250.5342       0.2587     6.0000e-14      18799.999
 0.143440    63199.8984    0.230851    4.5736e+00       2.5069    5.3293e+03    0.073611      158.1717         0.1138       158.1717      8250.5342       0.2569     6.0000e-14      18799.999
 0.143840    63599.8984    0.231435    4.5140e+00       2.5065    5.3123e+03    0.073130      160.3269         0.1149       160.3269      8250.5342       0.2552     6.0000e-14      18799.999
 0.144240    63999.8984    0.232019    8.7455e+00       2.5061    6.2680e+03    0.101790      162.4822         0.1160       162.4822      8250.5342       0.2535     6.0000e-14      18799.999
 0.144640    64399.8984    0.232603    3.4377e+00       2.5057    4.9634e+03    0.063818      164.6373         0.1171       164.6373      8250.5342       0.2517     6.0000e-14      18799.999
 0.145040    64799.8984    0.233197    8.4069e+00       2.5054    6.2073e+03    0.099800      166.8943         0.1182       166.8943      8250.5342       0.2500     6.0000e-14      18799.999
 0.145440    65199.8984    0.233886    2.5748e+00       2.5051    4.6180e+03    0.055231      170.0656         0.1185       170.0656      8250.5342       0.2489     6.0000e-14      18799.999
 0.145840    65599.8984    0.234574    5.5874e+00       2.5048    5.6053e+03    0.081361      173.2369         0.1188       173.2369      8250.5342       0.2478     6.0000e-14      18799.999
 0.146240    65999.8984    0.235263    3.4971e+00       2.5045    4.9859e+03    0.064368      176.4082         0.1192       176.4082      8250.5342       0.2467     6.0000e-14      18799.999
 0.146640    66399.8984    0.235951    5.8836e+00       2.5042    5.6788e+03    0.083490      179.5797         0.1195       179.5797      8250.5342       0.2456     6.0000e-14      18799.999
 0.147040    66799.8984    0.236640    2.1653e+01       2.5040    7.8658e+03    0.160166      182.7510         0.1199       182.7510      8250.5342       0.2445     6.0000e-14      18799.999
 0.147440    67199.8984    0.237329    9.0742e+00       2.5037    6.3290e+03    0.103685      185.9224         0.1202       185.9224      8250.5342       0.2434     6.0000e-14      18799.999
 0.147840    67599.8984    0.238515    4.2835e+00       2.5035    5.2463e+03    0.071238      189.0187         0.1206       189.0187      8250.5342       0.2417     6.0000e-14      18799.999
 0.148240    67999.8984    0.239790    3.8225e+00       2.5033    5.0992e+03    0.067295      192.1020         0.1210       192.1020      8250.5342       0.2399     6.0000e-14      18799.999
 0.148640    68399.8984    0.241065    1.0592e+01       2.5031    6.5794e+03    0.112024      195.1852         0.1214       195.1852      8250.5342       0.2381     6.0000e-14      18799.999
 0.149040    68799.8984    0.242339    1.0305e+01       2.5029    6.5346e+03    0.110495      198.2684         0.1218       198.2684      8250.5342       0.2362     6.0000e-14      18799.999
 0.149440    69199.8984    0.243614    1.1475e+01       2.5028    6.7128e+03    0.116599      201.3516         0.1222       201.3516      8250.5342       0.2344     6.0000e-14      18799.999
 0.149840    69599.8984    0.244888    8.1267e+00       2.5026    6.1582e+03    0.098123      204.4348         0.1226       204.4348      8250.5342       0.2326     6.0000e-14      18799.999
 0.150240    69999.8984    0.245820    4.3656e+00       2.5025    5.2723e+03    0.071917      205.3925         0.1231       205.3925      8250.5342       0.2310     6.0000e-14      18799.999
 0.150640    70399.8984    0.246523    4.4389e+00       2.5023    5.2945e+03    0.072519      204.9333         0.1237       204.9333      8250.5342       0.2297     6.0000e-14      18799.999
 0.151040    70799.8984    0.247227    5.1811e+00       2.5022    5.5033e+03    0.078347      204.4741         0.1243       204.4741      8250.5342       0.2283     6.0000e-14      18799.999
 0.151440    71199.8984    0.247930    4.5424e+00       2.5021    5.3253e+03    0.073359      204.0149         0.1249       204.0149      8250.5342       0.2269     6.0000e-14      18799.999
 0.151840    71599.8984    0.248633    4.9832e+00       2.5020    5.4502e+03    0.076836      203.5557         0.1255       203.5557      8250.5342       0.2255     6.0000e-14      18799.999
 0.152240    71999.8984    0.249337    4.8861e+00       2.5019    5.4236e+03    0.076084      203.0965         0.1261       203.0965      8250.5342       0.2241     6.0000e-14      18799.999
 0.152640    72399.8984    0.250196    3.5068e+00       2.5018    4.9921e+03    0.064456      204.3292         0.1265       204.3292      8250.5342       0.2228     6.0000e-14      18799.999
 0.153040    72799.8984    0.251346    3.0326e+00       2.5017    4.8141e+03    0.059940      208.7041         0.1263       208.7041      8250.5342       0.2217     6.0000e-14      18799.999
 0.153440    73199.8984    0.252495    4.7914e+00       2.5016    5.3974e+03    0.075343      213.0790         0.1262       213.0790      8250.5342       0.2205     6.0000e-14      18799.999
 0.153500    73259.9062    0.252667    2.5613e+01       2.5016    8.2070e+03    0.174198      213.7352         0.1262       213.7352      8250.5342       0.2203     6.0000e-14      18799.999
 0.153520    73279.9062    0.252725    2.3515e+01       2.5016    8.0335e+03    0.166911      213.9540         0.1262       213.9540      8250.5342       0.2203     6.0000e-14      18799.999
 0.153540    73299.8984    0.252782    2.2775e+01       2.5016    7.9696e+03    0.164264      214.1726         0.1262       214.1726      8250.5342       0.2202     6.0000e-14      18799.999
 0.153560    73319.8984    0.252840    3.3032e+01       2.5016    8.7459e+03    0.197824      214.3914         0.1262       214.3914      8250.5342       0.2202     6.0000e-14      18799.999
 0.153580    73339.8984    0.252897    3.3827e+01       2.5016    8.7981e+03    0.200192      214.6101         0.1262       214.6101      8250.5342       0.2201     6.0000e-14      18799.999
 0.153600    73359.9062    0.252955    3.0747e+01       2.5015    8.5906e+03    0.190861      214.8290         0.1262       214.8290      8250.5342       0.2200     6.0000e-14      18799.999
 0.153620    73379.9062    0.253012    2.5142e+01       2.5015    8.1691e+03    0.172589      215.0477         0.1262       215.0477      8250.5342       0.2200     6.0000e-14      18799.999
 0.153840    73599.8984    0.253644    1.2092e+01       2.5015    6.8030e+03    0.119691      217.4539         0.1261       217.4539      8250.5342       0.2194     6.0000e-14      18799.999
 0.154240    73999.8984    0.254793    6.7178e+00       2.5014    5.8734e+03    0.089213      221.8287         0.1260       221.8287      8250.5342       0.2182     6.0000e-14      18799.999
 0.154640    74399.8984    0.255943    5.0052e+00       2.5013    5.4569e+03    0.077006      226.2036         0.1258       226.2036      8250.5342       0.2171     6.0000e-14      18799.999
 0.155040    74799.8984    0.257006    4.1128e+00       2.5013    5.1955e+03    0.069805      229.6584         0.1259       229.6584      8250.5342       0.2159     6.0000e-14      18799.999
 0.155440    75199.8984    0.257294    2.8869e+00       2.5012    4.7556e+03    0.058483      224.8304         0.1271       224.8304      8250.5342       0.2143     6.0000e-14      18799.999
 0.155840    75599.8984    0.257583    2.1780e+00       2.5011    4.4322e+03    0.050797      220.0027         0.1283       220.0027      8250.5342       0.2128     6.0000e-14      18799.999
 0.156240    75999.8984    0.257871    2.2947e+00       2.5011    4.4905e+03    0.052141      215.1748         0.1296       215.1748      8250.5342       0.2112     6.0000e-14      18799.999
 0.156640    76399.8984    0.258160    3.3968e+00       2.5010    4.9532e+03    0.063438      210.3470         0.1308       210.3470      8250.5342       0.2096     6.0000e-14      18799.999
 0.157040    76799.8984    0.258448    6.1968e+00       2.5010    5.7566e+03    0.085684      205.5192         0.1321       205.5192      8250.5342       0.2081     6.0000e-14      18799.999
 0.157440    77199.8984    0.258737    3.2833e+00       2.5009    4.9114e+03    0.062369      200.6912         0.1333       200.6912      8250.5342       0.2065     6.0000e-14      18799.999
 0.157840    77599.8984    0.259150    2.9233e+00       2.5009    4.7709e+03    0.058850      201.9467         0.1336       201.9467      8250.5342       0.2057     6.0000e-14      18799.999
 0.158240    77999.8984    0.259586    4.7149e+00       2.5008    5.3765e+03    0.074739      204.2759         0.1337       204.2759      8250.5342       0.2051     6.0000e-14      18799.999
 0.158640    78399.8984    0.260022    3.4410e+00       2.5008    4.9695e+03    0.063849      206.6050         0.1339       206.6050      8250.5342       0.2045     6.0000e-14      18799.999
 0.159040    78799.8984    0.260457    3.0400e+00       2.5008    4.8179e+03    0.060014      208.9341         0.1340       208.9341      8250.5342       0.2039     6.0000e-14      18799.999
 0.159440    79199.8984    0.260893    4.2486e+00       2.5007    5.2385e+03    0.070948      211.2632         0.1342       211.2632      8250.5342       0.2033     6.0000e-14      18799.999
 0.159840    79599.8984    0.261329    4.5770e+00       2.5007    5.3370e+03    0.073639      213.5923         0.1343       213.5923      8250.5342       0.2026     6.0000e-14      18799.999
 0.160240    79999.8984    0.262031    4.4091e+00       2.5006    5.2873e+03    0.072275      215.1110         0.1346       215.1110      8250.5342       0.2015     6.0000e-14      18799.999
 0.160640    80399.8984    0.262911    3.7873e+00       2.5006    5.0902e+03    0.066985      216.0894         0.1350       216.0894      8250.5342       0.2001     6.0000e-14      18799.999
 0.161040    80799.8984    0.263791    1.3593e+01       2.5006    7.0063e+03    0.126904      217.0678         0.1355       217.0678      8250.5342       0.1987     6.0000e-14      18799.999
 0.161440    81199.8984    0.264670    5.0636e+00       2.5006    5.4736e+03    0.077454      218.0462         0.1359       218.0462      8250.5342       0.1973     6.0000e-14      18799.999
 0.161840    81599.8984    0.265550    4.9745e+00       2.5005    5.4494e+03    0.076769      219.0247         0.1363       219.0247      8250.5342       0.1959     6.0000e-14      18799.999
 0.161960    81719.9062    0.265814    2.3683e+01       2.5005    8.0495e+03    0.167507      219.3182         0.1364       219.3182      8250.5342       0.1955     6.0000e-14      18799.999
 0.161980    81739.9062    0.265858    2.5392e+01       2.5005    8.1910e+03    0.173445      219.3671         0.1365       219.3671      8250.5342       0.1954     6.0000e-14      18799.999
 0.162240    81999.8984    0.266430    4.7428e+00       2.5005    5.3848e+03    0.074960      220.0030         0.1367       220.0030      8250.5342       0.1945     6.0000e-14      18799.999
 0.162640    82399.8984    0.267161    7.5800e+00       2.5005    6.0546e+03    0.094765      222.9087         0.1373       222.9087      8250.5342       0.1931     6.0000e-14      18799.999
 0.163040    82799.8984    0.267614    4.0285e+00       2.5005    5.1695e+03    0.069085      229.3936         0.1383       229.3936      8250.5342       0.1916     6.0000e-14      18799.999
 0.163440    83199.8984    0.268068    2.5692e+00       2.5004    4.6197e+03    0.055171      235.8787         0.1393       235.8787      8250.5342       0.1902     6.0000e-14      18799.999
 0.163840    83599.8984    0.268522    4.0170e+00       2.5004    5.1659e+03    0.068987      242.3633         0.1402       242.3633      8250.5342       0.1887     6.0000e-14      18799.999
 0.164240    83999.8984    0.268975    4.6647e+00       2.5004    5.3626e+03    0.074340      248.8484         0.1412       248.8484      8250.5342       0.1873     6.0000e-14      18799.999
 0.164640    84399.8984    0.269429    4.5323e+00       2.5004    5.3242e+03    0.073278      255.3333         0.1421       255.3333      8250.5342       0.1858     6.0000e-14      18799.999
 0.165040    84799.8984    0.269868    2.8500e+00       2.5004    4.7412e+03    0.058108      260.5215         0.1430       260.5215      8250.5342       0.1844     6.0000e-14      18799.999
 0.165440    85199.8984    0.270175    3.0175e+00       2.5004    4.8094e+03    0.059791      254.0366         0.1434       254.0366      8250.5342       0.1837     6.0000e-14      18799.999
 0.165840    85599.8984    0.270482    4.3800e+00       2.5003    5.2789e+03    0.072036      247.5515         0.1438       247.5515      8250.5342       0.1829     6.0000e-14      18799.999
 0.166240    85999.8984    0.270789    3.1265e+00       2.5003    4.8522e+03    0.060861      241.0664         0.1442       241.0664      8250.5342       0.1822     6.0000e-14      18799.999
 0.166640    86399.8984    0.271096    3.4433e+00       2.5003    4.9708e+03    0.063870      234.5818         0.1446       234.5818      8250.5342       0.1814     6.0000e-14      18799.999
 0.167040    86799.8984    0.271403    3.1600e+00       2.5003    4.8652e+03    0.061186      228.0967         0.1450       228.0967      8250.5342       0.1807     6.0000e-14      18799.999
 0.167440    87199.8984    0.271710    2.8031e+00       2.5003    4.7216e+03    0.057628      221.6118         0.1454       221.6118      8250.5342       0.1799     6.0000e-14      18799.999
 0.167840    87599.8984    0.272252    2.1568e+00       2.5003    4.4222e+03    0.050550      225.1669         0.1460       225.1669      8250.5342       0.1788     6.0000e-14      18799.999
 0.168240    87999.8984    0.272835    3.1619e+00       2.5002    4.8660e+03    0.061205      230.4935         0.1465       230.4935      8250.5342       0.1776     6.0000e-14      18799.999
 0.168640    88399.8984    0.273419    3.5552e+00       2.5002    5.0107e+03    0.064900      235.8204         0.1471       235.8204      8250.5342       0.1764     6.0000e-14      18799.999
 0.169040    88799.8984    0.274003    6.0903e+00       2.5002    5.7325e+03    0.084944      241.1473         0.1477       241.1473      8250.5342       0.1752     6.0000e-14      18799.999
 0.169440    89199.8984    0.274586    8.5882e+00       2.5002    6.2469e+03    0.100870      246.4742         0.1482       246.4742      8250.5342       0.1740     6.0000e-14      18799.999
 0.169840    89599.8984    0.275170    5.6775e+00       2.5002    5.6328e+03    0.082014      251.8011         0.1488       251.8011      8250.5342       0.1728     6.0000e-14      18799.999
 0.170240    89999.8984    0.275629    3.3567e+00       2.5002    4.9393e+03    0.063062      248.7512         0.1491       248.7512      8250.5342       0.1719     6.0000e-14      18799.999
 0.170640    90399.8984    0.276005    6.2276e+00       2.5002    5.7646e+03    0.085896      240.1167         0.1493       240.1167      8250.5342       0.1713     6.0000e-14      18799.999
 0.171040    90799.8984    0.276381    3.4824e+00       2.5002    4.9850e+03    0.064232      231.4824         0.1495       231.4824      8250.5342       0.1707     6.0000e-14      18799.999
 0.171440    91199.8984    0.276757    3.1067e+00       2.5002    4.8447e+03    0.060668      222.8479         0.1497       222.8479      8250.5342       0.1700     6.0000e-14      18799.999
 0.171840    91599.8984    0.277133    3.3958e+00       2.5002    4.9537e+03    0.063428      214.2136         0.1499       214.2136      8250.5342       0.1694     6.0000e-14      18799.999
 0.172240    91999.8984    0.277510    2.9018e+00       2.5002    4.7628e+03    0.058634      205.5791         0.1501       205.5791      8250.5342       0.1688     6.0000e-14      18799.999
 0.172640    92399.8984    0.278111    6.0299e+00       2.5002    5.7184e+03    0.084522      203.1904         0.1501       203.1904      8250.5342       0.1682     6.0000e-14      18799.999
 0.173040    92799.8984    0.279131    3.5234e+00       2.5002    4.9996e+03    0.064609      212.3999         0.1496       212.3999      8250.5342       0.1676     6.0000e-14      18799.999
 0.173440    93199.8984    0.280150    5.7282e+00       2.5001    5.6455e+03    0.082380      221.6091         0.1490       221.6091      8250.5342       0.1669     6.0000e-14      18799.999
 0.173640    93399.8984    0.280660    1.9989e+01       2.5001    7.7160e+03    0.153889      226.2141         0.1488       226.2141      8250.5342       0.1666     6.0000e-14      18799.999
 0.173660    93419.8984    0.280711    2.0125e+01       2.5001    7.7291e+03    0.154414      226.6746         0.1488       226.6746      8250.5342       0.1666     6.0000e-14      18799.999
 0.173680    93439.8906    0.280762    2.2551e+01       2.5001    7.9522e+03    0.163453      227.1348         0.1487       227.1348      8250.5342       0.1666     6.0000e-14      18799.999
 0.173700    93459.9062    0.280813    2.5042e+01       2.5001    8.1632e+03    0.172246      227.5957         0.1487       227.5957      8250.5342       0.1665     6.0000e-14      18799.999
 0.173720    93479.8984    0.280864    2.5547e+01       2.5001    8.2041e+03    0.173973      228.0562         0.1487       228.0562      8250.5342       0.1665     6.0000e-14      18799.999
 0.173740    93499.8984    0.280915    2.2433e+01       2.5001    7.9417e+03    0.163025      228.5164         0.1487       228.5164      8250.5342       0.1665     6.0000e-14      18799.999
 0.173840    93599.8984    0.281170    9.0631e+00       2.5001    6.3316e+03    0.103622      230.8188         0.1485       230.8188      8250.5342       0.1663     6.0000e-14      18799.999
 0.174240    93999.8984    0.282190    8.9333e+00       2.5001    6.3088e+03    0.102877      240.0281         0.1480       240.0281      8250.5342       0.1657     6.0000e-14      18799.999
 0.174640    94399.8984    0.283209    1.1829e+01       2.5001    6.7676e+03    0.118383      249.2378         0.1475       249.2378      8250.5342       0.1651     6.0000e-14      18799.999
 0.175040    94799.8984    0.284149    3.4250e+00       2.5001    4.9643e+03    0.063700      257.3007         0.1471       257.3007      8250.5342       0.1644     6.0000e-14      18799.999
 0.175440    95199.8984    0.284371    3.1805e+00       2.5001    4.8733e+03    0.061385      255.0482         0.1481       255.0482      8250.5342       0.1632     6.0000e-14      18799.999
 0.175840    95599.8984    0.284593    4.5733e+00       2.5001    5.3365e+03    0.073609      252.7957         0.1491       252.7957      8250.5342       0.1620     6.0000e-14      18799.999
 0.176240    95999.8984    0.284814    4.4967e+00       2.5001    5.3140e+03    0.072990      250.5432         0.1501       250.5432      8250.5342       0.1608     6.0000e-14      18799.999
 0.176640    96399.8984    0.285036    2.5803e+00       2.5001    4.6251e+03    0.055290      248.2907         0.1510       248.2907      8250.5342       0.1595     6.0000e-14      18799.999
 0.177040    96799.8984    0.285258    2.0041e+00       2.5001    4.3419e+03    0.048728      246.0383         0.1520       246.0383      8250.5342       0.1583     6.0000e-14      18799.999
 0.177440    97199.8984    0.285480    2.6649e+00       2.5001    4.6625e+03    0.056189      243.7858         0.1530       243.7858      8250.5342       0.1571     6.0000e-14      18799.999
 0.177840    97599.8984    0.285692    2.4485e+00       2.5001    4.5648e+03    0.053860      240.3459         0.1537       240.3459      8250.5342       0.1561     6.0000e-14      18799.999
 0.178240    97999.8984    0.285903    2.6081e+00       2.5001    4.6374e+03    0.055587      236.6964         0.1544       236.6964      8250.5342       0.1552     6.0000e-14      18799.999
 0.178640    98399.8984    0.286113    2.7275e+00       2.5001    4.6897e+03    0.056846      233.0471         0.1551       233.0471      8250.5342       0.1543     6.0000e-14      18799.999
 0.179040    98799.8984    0.286324    3.3839e+00       2.5001    4.9494e+03    0.063317      229.3976         0.1558       229.3976      8250.5342       0.1534     6.0000e-14      18799.999
 0.179440    99199.8984    0.286534    2.4212e+00       2.5001    4.5520e+03    0.053558      225.7482         0.1565       225.7482      8250.5342       0.1524     6.0000e-14      18799.999
 0.179840    99599.8984    0.286745    5.7312e+00       2.5001    5.6463e+03    0.082401      222.0988         0.1572       222.0988      8250.5342       0.1515     6.0000e-14      18799.999
 0.180240    99999.8984    0.287015    3.7177e+00       2.5001    5.0672e+03    0.066367      222.1810         0.1578       222.1810      8250.5342       0.1506     6.0000e-14      18799.999
 0.180640   100399.8984    0.287324    4.8735e+00       2.5001    5.4220e+03    0.075986      224.7509         0.1585       224.7509      8250.5342       0.1496     6.0000e-14      18799.999
 0.181040   100799.8984    0.287633    3.6680e+00       2.5001    5.0502e+03    0.065922      227.3208         0.1591       227.3208      8250.5342       0.1486     6.0000e-14      18799.999
 0.181440   101199.8984    0.287942    3.9329e+00       2.5001    5.1390e+03    0.068260      229.8907         0.1597       229.8907      8250.5342       0.1477     6.0000e-14      18799.999
 0.181840   101599.8984    0.288252    2.6207e+00       2.5001    4.6431e+03    0.055721      232.4607         0.1603       232.4607      8250.5342       0.1467     6.0000e-14      18799.999
 0.182240   101999.8984    0.288561    3.6318e+00       2.5001    5.0377e+03    0.065595      235.0305         0.1610       235.0305      8250.5342       0.1457     6.0000e-14      18799.999
 0.182640   102399.8984    0.289031    4.4409e+00       2.5001    5.2975e+03    0.072535      237.6660         0.1611       237.6660      8250.5342       0.1450     6.0000e-14      18799.999
 0.183040   102799.8984    0.289800    5.7655e+00       2.5000    5.6547e+03    0.082648      240.4229         0.1604       240.4229      8250.5342       0.1449     6.0000e-14      18799.999
 0.183440   103199.8984    0.290569    5.7068e+00       2.5000    5.6403e+03    0.082226      243.1799         0.1597       243.1799      8250.5342       0.1447     6.0000e-14      18799.999
 0.183840   103599.8984    0.291339    7.8440e+00       2.5000    6.1071e+03    0.096401      245.9368         0.1590       245.9368      8250.5342       0.1445     6.0000e-14      18799.999
 0.184240   103999.8984    0.292108    5.2415e+00       2.5000    5.5216e+03    0.078803      248.6938         0.1583       248.6938      8250.5342       0.1444     6.0000e-14      18799.999
 0.184640   104399.8984    0.292877    1.0993e+01       2.5000    6.6448e+03    0.114124      251.4507         0.1576       251.4507      8250.5342       0.1442     6.0000e-14      18799.999
 0.185040   104799.8984    0.293635    7.5534e+00       2.5000    6.0498e+03    0.094599      253.3992         0.1569       253.3992      8250.5342       0.1441     6.0000e-14      18799.999
 0.185440   105199.8984    0.294293    1.0822e+01       2.5000    6.6189e+03    0.113234      248.0723         0.1565       248.0723      8250.5342       0.1438     6.0000e-14      18799.999
 0.185840   105599.8984    0.294952    5.5944e+00       2.5000    5.6123e+03    0.081412      242.7454         0.1561       242.7454      8250.5342       0.1434     6.0000e-14      18799.999
 0.186240   105999.8984    0.295610    5.9757e+00       2.5000    5.7056e+03    0.084141      237.4185         0.1557       237.4185      8250.5342       0.1431     6.0000e-14      18799.999
 0.186640   106399.8984    0.296268    1.1294e+01       2.5000    6.6898e+03    0.115674      232.0916         0.1553       232.0916      8250.5342       0.1428     6.0000e-14      18799.999
 0.187040   106799.8984    0.296927    4.5067e+00       2.5000    5.3170e+03    0.073071      226.7646         0.1549       226.7646      8250.5342       0.1425     6.0000e-14      18799.999
 0.187440   107199.8984    0.297585    4.0727e+00       2.5000    5.1841e+03    0.069463      221.4380         0.1545       221.4380      8250.5342       0.1422     6.0000e-14      18799.999
 0.187840   107599.8984    0.298108    4.4169e+00       2.5000    5.2904e+03    0.072339      227.6807         0.1548       227.6807      8250.5342       0.1413     6.0000e-14      18799.999
 0.188240   107999.8984    0.298606    1.0382e+01       2.5000    6.5505e+03    0.110906      235.9653         0.1552       235.9653      8250.5342       0.1403     6.0000e-14      18799.999
 0.188640   108399.8984    0.299104    8.7752e+00       2.5000    6.2809e+03    0.101963      244.2495         0.1556       244.2495      8250.5342       0.1393     6.0000e-14      18799.999
 0.189040   108799.8984    0.299603    3.2207e+00       2.5000    4.8887e+03    0.061772      252.5342         0.1561       252.5342      8250.5342       0.1383     6.0000e-14      18799.999
 0.189440   109199.8984    0.300101    2.4919e+00       2.5000    4.5850e+03    0.054335      260.8186         0.1565       260.8186      8250.5342       0.1373     6.0000e-14      18799.999
 0.189840   109599.8984    0.300600    3.2945e+00       2.5000    4.9164e+03    0.062475      269.1030         0.1570       269.1030      8250.5342       0.1363     6.0000e-14      18799.999
 0.190240   109999.8984    0.301017    3.6049e+00       2.5000    5.0284e+03    0.065352      274.3208         0.1576       274.3208      8250.5342       0.1352     6.0000e-14      18799.999
 0.190640   110399.8984    0.301380    3.4378e+00       2.5000    4.9691e+03    0.063819      277.4938         0.1584       277.4938      8250.5342       0.1340     6.0000e-14      18799.999
 0.191040   110799.8984    0.301743    2.4505e+00       2.5000    4.5658e+03    0.053882      280.6667         0.1592       280.6667      8250.5342       0.1328     6.0000e-14      18799.999
 0.191440   111199.8984    0.302107    3.8628e+00       2.5000    5.1160e+03    0.067649      283.8397         0.1600       283.8397      8250.5342       0.1316     6.0000e-14      18799.999
 0.191840   111599.8984    0.302470    4.7518e+00       2.5000    5.3879e+03    0.075031      287.0126         0.1608       287.0126      8250.5342       0.1305     6.0000e-14      18799.999
 0.192240   111999.8984    0.302833    4.8162e+00       2.5000    5.4061e+03    0.075538      290.1857         0.1615       290.1857      8250.5342       0.1293     6.0000e-14      18799.999
 0.192640   112399.8984    0.303252    6.0994e+00       2.5000    5.7349e+03    0.085007      290.1023         0.1616       290.1023      8250.5342       0.1287     6.0000e-14      18799.999
 0.193040   112799.8984    0.303776    5.6846e+00       2.5000    5.6348e+03    0.082066      283.9719         0.1604       283.9719      8250.5342       0.1293     6.0000e-14      18799.999
 0.193440   113199.8984    0.304299    3.0831e+00       2.5000    4.8356e+03    0.060437      277.8413         0.1592       277.8413      8250.5342       0.1300     6.0000e-14      18799.999
 0.193840   113599.8984    0.304822    2.8332e+00       2.5000    4.7345e+03    0.057937      271.7107         0.1580       271.7107      8250.5342       0.1306     6.0000e-14      18799.999
 0.194240   113999.8984    0.305346    5.2675e+00       2.5000    5.5285e+03    0.078997      265.5801         0.1568       265.5801      8250.5342       0.1312     6.0000e-14      18799.999
 0.194640   114399.8984    0.305869    4.4989e+00       2.5000    5.3148e+03    0.073008      259.4497         0.1556       259.4497      8250.5342       0.1318     6.0000e-14      18799.999
 0.195040   114799.8984    0.306392    4.9184e+00       2.5000    5.4345e+03    0.076335      253.7098         0.1545       253.7098      8250.5342       0.1323     6.0000e-14      18799.999
 0.195440   115199.8984    0.306917    5.5778e+00       2.5000    5.6082e+03    0.081291      251.4890         0.1547       251.4890      8250.5342       0.1315     6.0000e-14      18799.999
 0.195840   115599.8984    0.307442    3.5532e+00       2.5000    5.0102e+03    0.064881      249.2679         0.1550       249.2679      8250.5342       0.1307     6.0000e-14      18799.999
 0.196240   115999.8984    0.307966    3.5415e+00       2.5000    5.0061e+03    0.064775      247.0471         0.1552       247.0471      8250.5342       0.1299     6.0000e-14      18799.999
 0.196640   116399.8984    0.308491    4.8944e+00       2.5000    5.4279e+03    0.076149      244.8260         0.1554       244.8260      8250.5342       0.1291     6.0000e-14      18799.999
 0.197040   116799.8984    0.309016    5.9575e+00       2.5000    5.7013e+03    0.084013      242.6051         0.1556       242.6051      8250.5342       0.1284     6.0000e-14      18799.999
 0.197440   117199.8984    0.309540    6.0355e+00       2.5000    5.7198e+03    0.084561      240.3842         0.1558       240.3842      8250.5342       0.1276     6.0000e-14      18799.999
 0.197840   117599.8984    0.310004    6.1767e+00       2.5000    5.7530e+03    0.085544      242.4276         0.1566       242.4276      8250.5342       0.1262     6.0000e-14      18799.999
 0.198240   117999.8984    0.310457    9.2657e+00       2.5000    6.3669e+03    0.104774      245.2236         0.1576       245.2236      8250.5342       0.1248     6.0000e-14      18799.999
 0.198640   118399.8984    0.310909    4.7407e+00       2.5000    5.3848e+03    0.074943      248.0197         0.1585       248.0197      8250.5342       0.1233     6.0000e-14      18799.999
 0.199040   118799.8984    0.311362    3.5684e+00       2.5000    5.0156e+03    0.065020      250.8156         0.1594       250.8156      8250.5342       0.1219     6.0000e-14      18799.999
 0.199440   119199.8984    0.311815    3.3045e+00       2.5000    4.9202e+03    0.062570      253.6117         0.1604       253.6117      8250.5342       0.1205     6.0000e-14      18799.999
 0.199840   119599.8984    0.312268    3.1310e+00       2.5000    4.8543e+03    0.060905      256.4076         0.1613       256.4076      8250.5342       0.1190     6.0000e-14      18799.999
 0.200240   119999.8984    0.312558    2.8961e+00       2.5000    4.7606e+03    0.058576      255.2098         0.1621       255.2098      8250.5342       0.1179     6.0000e-14      18799.999
 0.200640   120399.8984    0.312739    2.9172e+00       2.5000    4.7692e+03    0.058789      251.3495         0.1629       251.3495      8250.5342       0.1169     6.0000e-14      18799.999
 0.201040   120799.8984    0.312920    3.1016e+00       2.5000    4.8429e+03    0.060619      247.4889         0.1636       247.4889      8250.5342       0.1160     6.0000e-14      18799.999
 0.201440   121199.8984    0.313101    3.0423e+00       2.5000    4.8195e+03    0.060036      243.6284         0.1643       243.6284      8250.5342       0.1151     6.0000e-14      18799.999
 0.201840   121599.8984    0.313282    2.6300e+00       2.5000    4.6472e+03    0.055820      239.7679         0.1651       239.7679      8250.5342       0.1141     6.0000e-14      18799.999
 0.202240   121999.8984    0.313463    2.5080e+00       2.5000    4.5924e+03    0.054511      235.9073         0.1658       235.9073      8250.5342       0.1132     6.0000e-14      18799.999
 0.202640   122399.8984    0.313648    2.4191e+00       2.5000    4.5511e+03    0.053535      234.5479         0.1662       234.5479      8250.5342       0.1126     6.0000e-14      18799.999
 0.203040   122799.8984    0.313841    2.0783e+00       2.5000    4.3816e+03    0.049622      237.8334         0.1659       237.8334      8250.5342       0.1127     6.0000e-14      18799.999
 0.203440   123199.8984    0.314034    2.2611e+00       2.5000    4.4749e+03    0.051758      241.1188         0.1656       241.1188      8250.5342       0.1128     6.0000e-14      18799.999
 0.203840   123599.8984    0.314226    2.3590e+00       2.5000    4.5226e+03    0.052866      244.4042         0.1653       244.4042      8250.5342       0.1129     6.0000e-14      18799.999
 0.204240   123999.8984    0.314419    2.7272e+00       2.5000    4.6896e+03    0.056842      247.6896         0.1650       247.6896      8250.5342       0.1130     6.0000e-14      18799.999
 0.204640   124399.8984    0.314612    3.4712e+00       2.5000    4.9811e+03    0.064129      250.9751         0.1647       250.9751      8250.5342       0.1131     6.0000e-14      18799.999
 0.205040   124799.8984    0.314831    8.6251e+00       2.5000    6.2538e+03    0.101087      253.9320         0.1644       253.9320      8250.5342       0.1131     6.0000e-14      18799.999
 0.205440   125199.8984    0.315292    1.1535e+01       2.5000    6.7252e+03    0.116901      253.9320         0.1646       253.9320      8250.5342       0.1124     6.0000e-14      18799.999
 0.205840   125599.8984    0.315753    3.4153e+00       2.5000    4.9609e+03    0.063611      253.9320         0.1647       253.9320      8250.5342       0.1117     6.0000e-14      18799.999
 0.206240   125999.8984    0.316214    3.7161e+00       2.5000    5.0667e+03    0.066352      253.9320         0.1649       253.9320      8250.5342       0.1111     6.0000e-14      18799.999
 0.206640   126399.8984    0.316676    3.2939e+00       2.5000    4.9163e+03    0.062470      253.9320         0.1651       253.9320      8250.5342       0.1104     6.0000e-14      18799.999
 0.207040   126799.8984    0.317137    3.1651e+00       2.5000    4.8675e+03    0.061236      253.9320         0.1652       253.9320      8250.5342       0.1097     6.0000e-14      18799.999
 0.207440   127199.8984    0.317598    2.1205e+00       2.5000    4.4037e+03    0.050122      253.9320         0.1654       253.9320      8250.5342       0.1090     6.0000e-14      18799.999
 0.207840   127599.8984    0.317812    3.5069e+00       2.5000    4.9939e+03    0.064457      253.9320         0.1660       253.9320      8250.5342       0.1081     6.0000e-14      18799.999
 0.208240   127999.8984    0.317983    2.9744e+00       2.5000    4.7924e+03    0.059363      253.9320         0.1668       253.9320      8250.5342       0.1072     6.0000e-14      18799.999
 0.208640   128399.8984    0.318154    3.2122e+00       2.5000    4.8855e+03    0.061690      253.9320         0.1675       253.9320      8250.5342       0.1063     6.0000e-14      18799.999
 0.209040   128799.8984    0.318324    2.5444e+00       2.5000    4.6090e+03    0.054904      253.9320         0.1682       253.9320      8250.5342       0.1054     6.0000e-14      18799.999
 0.209440   129199.8984    0.318495    2.6578e+00       2.5000    4.6595e+03    0.056114      253.9320         0.1690       253.9320      8250.5342       0.1044     6.0000e-14      18799.999
 0.209840   129599.8984    0.318666    2.6797e+00       2.5000    4.6690e+03    0.056345      253.9320         0.1697       253.9320      8250.5342       0.1035     6.0000e-14      18799.999
 0.210240   129999.8984    0.318818    2.3820e+00       2.5000    4.5336e+03    0.053123      255.7067         0.1703       255.7067      8250.5342       0.1027     6.0000e-14      18799.999
 0.210640   130399.8984    0.318957    2.5091e+00       2.5000    4.5929e+03    0.054523      258.6642         0.1708       258.6642      8250.5342       0.1021     6.0000e-14      18799.999
 0.211040   130799.8984    0.319096    2.4236e+00       2.5000    4.5533e+03    0.053585      261.6218         0.1713       261.6218      8250.5342       0.1014     6.0000e-14      18799.999
 0.211440   131199.9062    0.319236    2.5324e+00       2.5000    4.6035e+03    0.054775      264.5793         0.1718       264.5793      8250.5342       0.1007     6.0000e-14      18799.999
 0.211840   131599.9062    0.319375    2.7882e+00       2.5000    4.7156e+03    0.057475      267.5370         0.1724       267.5370      8250.5342       0.1001     6.0000e-14      18799.999
 0.212240   131999.9062    0.319514    2.5856e+00       2.5000    4.6275e+03    0.055347      270.4945         0.1729       270.4945      8250.5342       0.0994     6.0000e-14      18799.999
 0.212640   132399.9062    0.319713    2.5817e+00       2.5000    4.6258e+03    0.055305      271.7872         0.1732       271.7872      8250.5342       0.0989     6.0000e-14      18799.999
 0.213040   132799.9062    0.320020    2.7891e+00       2.5000    4.7160e+03    0.057484      269.9877         0.1731       269.9877      8250.5342       0.0986     6.0000e-14      18799.999
 0.213440   133199.9062    0.320328    2.3390e+00       2.5000    4.5130e+03    0.052642      268.1881         0.1731       268.1881      8250.5342       0.0983     6.0000e-14      18799.999
 0.213840   133599.9062    0.320636    6.3918e+00       2.5000    5.8025e+03    0.087021      266.3887         0.1730       266.3887      8250.5342       0.0980     6.0000e-14      18799.999
 0.214240   133999.9062    0.320943    5.2976e+00       2.5000    5.5364e+03    0.079223      264.5891         0.1730       264.5891      8250.5342       0.0977     6.0000e-14      18799.999
 0.214640   134399.9062    0.321251    4.1491e+00       2.5000    5.2083e+03    0.070111      262.7896         0.1729       262.7896      8250.5342       0.0974     6.0000e-14      18799.999
 0.215040   134799.9062    0.321555    4.3766e+00       2.5000    5.2783e+03    0.072008      261.6672         0.1729       261.6672      8250.5342       0.0971     6.0000e-14      18799.999
 0.215440   135199.9062    0.321826    3.6158e+00       2.5000    5.0322e+03    0.065451      266.6396         0.1730       266.6396      8250.5342       0.0967     6.0000e-14      18799.999
 0.215840   135599.9062    0.322096    2.2698e+00       2.5000    4.4793e+03    0.051857      271.6121         0.1731       271.6121      8250.5342       0.0963     6.0000e-14      18799.999
 0.216240   135999.9062    0.322367    2.9294e+00       2.5000    4.7742e+03    0.058912      276.5847         0.1732       276.5847      8250.5342       0.0959     6.0000e-14      18799.999
 0.216640   136399.9062    0.322638    3.0074e+00       2.5000    4.8057e+03    0.059691      281.5571         0.1733       281.5571      8250.5342       0.0955     6.0000e-14      18799.999
 0.217040   136799.9062    0.322909    2.3702e+00       2.5000    4.5280e+03    0.052991      286.5295         0.1734       286.5295      8250.5342       0.0951     6.0000e-14      18799.999
 0.217440   137199.9062    0.323179    3.3449e+00       2.5000    4.9352e+03    0.062951      291.5020         0.1735       291.5020      8250.5342       0.0947     6.0000e-14      18799.999
 0.217840   137599.9062    0.323350    3.0137e+00       2.5000    4.8082e+03    0.059754      286.0798         0.1729       286.0798      8250.5342       0.0951     6.0000e-14      18799.999
 0.218240   137999.9062    0.323503    2.6721e+00       2.5000    4.6657e+03    0.056265      278.8232         0.1722       278.8232      8250.5342       0.0956     6.0000e-14      18799.999
 0.218640   138399.9062    0.323655    2.4280e+00       2.5000    4.5553e+03    0.053634      271.5664         0.1715       271.5664      8250.5342       0.0962     6.0000e-14      18799.999
 0.219040   138799.9062    0.323808    2.6980e+00       2.5000    4.6770e+03    0.056537      264.3098         0.1708       264.3098      8250.5342       0.0967     6.0000e-14      18799.999
 0.219440   139199.9062    0.323961    2.7515e+00       2.5000    4.7000e+03    0.057095      257.0532         0.1701       257.0532      8250.5342       0.0972     6.0000e-14      18799.999
 0.219840   139599.9062    0.324114    2.4880e+00       2.5000    4.5832e+03    0.054292      249.7964         0.1694       249.7964      8250.5342       0.0977     6.0000e-14      18799.999
 0.220240   139999.9062    0.324436    2.3657e+00       2.5000    4.5258e+03    0.052941      252.8701         0.1694       252.8701      8250.5342       0.0974     6.0000e-14      18799.999
 0.220640   140399.9062    0.324870    2.7669e+00       2.5000    4.7066e+03    0.057255      262.8306         0.1697       262.8306      8250.5342       0.0966     6.0000e-14      18799.999
 0.221040   140799.9062    0.325305    3.4813e+00       2.5000    4.9847e+03    0.064222      272.7910         0.1700       272.7910      8250.5342       0.0959     6.0000e-14      18799.999
 0.221320   141079.9062    0.325609    1.1933e+01       2.5000    6.7825e+03    0.118900      279.7637         0.1702       279.7637      8250.5342       0.0953     6.0000e-14      18799.999
 0.221340   141099.9062    0.325631    1.1645e+01       2.5000    6.7413e+03    0.117459      280.2617         0.1702       280.2617      8250.5342       0.0953     6.0000e-14      18799.999
 0.221440   141199.9062    0.325739    9.7322e+00       2.5000    6.4455e+03    0.107379      282.7515         0.1703       282.7515      8250.5342       0.0951     6.0000e-14      18799.999
 0.221840   141599.9062    0.326174    7.3752e+00       2.5000    6.0138e+03    0.093476      292.7119         0.1706       292.7119      8250.5342       0.0943     6.0000e-14      18799.999
 0.222240   141999.9062    0.326609    6.4485e+00       2.5000    5.8153e+03    0.087406      302.6729         0.1709       302.6729      8250.5342       0.0935     6.0000e-14      18799.999
 0.222640   142399.9062    0.327080    3.4729e+00       2.5000    4.9817e+03    0.064144      309.1470         0.1711       309.1470      8250.5342       0.0928     6.0000e-14      18799.999
 0.222760   142519.9062    0.327241    1.5557e+01       2.5000    7.2475e+03    0.135761      309.1470         0.1711       309.1470      8250.5342       0.0926     6.0000e-14      18799.999
 0.222780   142539.9062    0.327268    1.6739e+01       2.5000    7.3814e+03    0.140825      309.1470         0.1711       309.1470      8250.5342       0.0926     6.0000e-14      18799.999
 0.222800   142559.9062    0.327295    1.4631e+01       2.5000    7.1372e+03    0.131660      309.1470         0.1711       309.1470      8250.5342       0.0925     6.0000e-14      18799.999
 0.222820   142579.9062    0.327322    1.5557e+01       2.5000    7.2475e+03    0.135763      309.1470         0.1711       309.1470      8250.5342       0.0925     6.0000e-14      18799.999
 0.222840   142599.9062    0.327349    1.7317e+01       2.5000    7.4443e+03    0.143235      309.1470         0.1711       309.1470      8250.5342       0.0925     6.0000e-14      18799.999
 0.222860   142619.8906    0.327376    1.7325e+01       2.5000    7.4451e+03    0.143266      309.1470         0.1711       309.1470      8250.5342       0.0924     6.0000e-14      18799.999
 0.222880   142639.9062    0.327403    1.5970e+01       2.5000    7.2951e+03    0.137551      309.1470         0.1711       309.1470      8250.5342       0.0924     6.0000e-14      18799.999
 0.222900   142659.9062    0.327430    1.3317e+01       2.5000    6.9712e+03    0.125607      309.1470         0.1711       309.1470      8250.5342       0.0924     6.0000e-14      18799.999
 0.222920   142679.9062    0.327457    1.1028e+01       2.5000    6.6502e+03    0.114305      309.1470         0.1711       309.1470      8250.5342       0.0924     6.0000e-14      18799.999
 0.223040   142799.9062    0.327618    5.3012e+00       2.5000    5.5373e+03    0.079250      309.1470         0.1711       309.1470      8250.5342       0.0922     6.0000e-14      18799.999
 0.223120   142879.9062    0.327726    1.1829e+01       2.5000    6.7678e+03    0.118383      309.1470         0.1711       309.1470      8250.5342       0.0921     6.0000e-14      18799.999
 0.223140   142899.9062    0.327753    1.1587e+01       2.5000    6.7329e+03    0.117166      309.1470         0.1711       309.1470      8250.5342       0.0920     6.0000e-14      18799.999
 0.223160   142919.9062    0.327780    1.1018e+01       2.5000    6.6487e+03    0.114254      309.1470         0.1711       309.1470      8250.5342       0.0920     6.0000e-14      18799.999
 0.223440   143199.9062    0.328157    7.2828e+00       2.5000    5.9949e+03    0.092889      309.1470         0.1711       309.1470      8250.5342       0.0916     6.0000e-14      18799.999
 0.223840   143599.9062    0.328696    4.8275e+00       2.5000    5.4093e+03    0.075627      309.1470         0.1711       309.1470      8250.5342       0.0910     6.0000e-14      18799.999
 0.224240   143999.9062    0.329235    3.3585e+00       2.5000    4.9402e+03    0.063079      309.1470         0.1711       309.1470      8250.5342       0.0904     6.0000e-14      18799.999
 0.224640   144399.9062    0.329774    3.8510e+00       2.5000    5.1121e+03    0.067546      309.1470         0.1711       309.1470      8250.5342       0.0898     6.0000e-14      18799.999
 0.225040   144799.9062    0.330289    3.7011e+00       2.5000    5.0616e+03    0.066218      309.0098         0.1711       309.0098      8250.5342       0.0892     6.0000e-14      18799.999
 0.225440   145199.9062    0.330590    4.4589e+00       2.5000    5.3029e+03    0.072682      307.6389         0.1715       307.6389      8250.5342       0.0885     6.0000e-14      18799.999
 0.225840   145599.9062    0.330890    3.8148e+00       2.5000    5.1001e+03    0.067228      306.2678         0.1718       306.2678      8250.5342       0.0879     6.0000e-14      18799.999
 0.226240   145999.9062    0.331190    4.7248e+00       2.5000    5.3803e+03    0.074818      304.8968         0.1721       304.8968      8250.5342       0.0872     6.0000e-14      18799.999
 0.226640   146399.9062    0.331491    3.7668e+00       2.5000    5.0839e+03    0.066804      303.5258         0.1724       303.5258      8250.5342       0.0866     6.0000e-14      18799.999
 0.227040   146799.9062    0.331791    3.0526e+00       2.5000    4.8236e+03    0.060138      302.1547         0.1727       302.1547      8250.5342       0.0859     6.0000e-14      18799.999
 0.227440   147199.9062    0.332092    3.3796e+00       2.5000    4.9479e+03    0.063277      300.7837         0.1730       300.7837      8250.5342       0.0853     6.0000e-14      18799.999
 0.227840   147599.9062    0.332271    2.8671e+00       2.5000    4.7486e+03    0.058282      299.4452         0.1733       299.4452      8250.5342       0.0848     6.0000e-14      18799.999
 0.228240   147999.9062    0.332430    3.1376e+00       2.5000    4.8569e+03    0.060969      298.1124         0.1736       298.1124      8250.5342       0.0843     6.0000e-14      18799.999
 0.228640   148399.9062    0.332588    3.1790e+00       2.5000    4.8728e+03    0.061370      296.7795         0.1740       296.7795      8250.5342       0.0838     6.0000e-14      18799.999
 0.229040   148799.9062    0.332746    2.9477e+00       2.5000    4.7816e+03    0.059095      295.4468         0.1743       295.4468      8250.5342       0.0833     6.0000e-14      18799.999
 0.229440   149199.9062    0.332904    2.7435e+00       2.5000    4.6966e+03    0.057011      294.1140         0.1746       294.1140      8250.5342       0.0828     6.0000e-14      18799.999
 0.229840   149599.9062    0.333063    2.5793e+00       2.5000    4.6247e+03    0.055280      292.7812         0.1749       292.7812      8250.5342       0.0823     6.0000e-14      18799.999
 0.230240   149999.9062    0.333216    2.3433e+00       2.5000    4.5151e+03    0.052690      292.6451         0.1752       292.6451      8250.5342       0.0819     6.0000e-14      18799.999
 0.230640   150399.9062    0.333366    2.7405e+00       2.5000    4.6953e+03    0.056981      293.3068         0.1754       293.3068      8250.5342       0.0815     6.0000e-14      18799.999
 0.231040   150799.9062    0.333516    2.6075e+00       2.5000    4.6373e+03    0.055581      293.9686         0.1756       293.9686      8250.5342       0.0811     6.0000e-14      18799.999
 0.231440   151199.9062    0.333666    2.6818e+00       2.5000    4.6700e+03    0.056367      294.6303         0.1759       294.6303      8250.5342       0.0807     6.0000e-14      18799.999
 0.231840   151599.9062    0.333816    2.8719e+00       2.5000    4.7506e+03    0.058331      295.2921         0.1761       295.2921      8250.5342       0.0803     6.0000e-14      18799.999
 0.232240   151999.9062    0.333966    2.8620e+00       2.5000    4.7465e+03    0.058230      295.9539         0.1764       295.9539      8250.5342       0.0799     6.0000e-14      18799.999
 0.232640   152399.9062    0.334282    2.8611e+00       2.5000    4.7462e+03    0.058221      297.5922         0.1761       297.5922      8250.5342       0.0798     6.0000e-14      18799.999
 0.233040   152799.9062    0.334907    3.0250e+00       2.5000    4.8127e+03    0.059865      301.0442         0.1750       301.0442      8250.5342       0.0802     6.0000e-14      18799.999
 0.233440   153199.9062    0.335532    2.8588e+00       2.5000    4.7452e+03    0.058197      304.4961         0.1738       304.4961      8250.5342       0.0807     6.0000e-14      18799.999
 0.233840   153599.9062    0.336158    2.7954e+00       2.5000    4.7186e+03    0.057548      307.9482         0.1726       307.9482      8250.5342       0.0811     6.0000e-14      18799.999
 0.234220   153979.9062    0.336752    1.2199e+01       2.5000    6.8201e+03    0.120220      311.2275         0.1716       311.2275      8250.5342       0.0816     6.0000e-14      18799.999
 0.234240   153999.9062    0.336783    1.5362e+01       2.5000    7.2247e+03    0.134908      311.4001         0.1715       311.4001      8250.5342       0.0816     6.0000e-14      18799.999
 0.234240   153999.9062    0.336783    1.5362e+01       2.5000    7.2247e+03    0.134908      311.4001         0.1715       311.4001      8250.5342       0.0816     6.0000e-14      18799.999
 0.234260   154019.8906    0.336814    2.4063e+01       2.5000    8.0825e+03    0.168845      311.5728         0.1714       311.5728      8250.5342       0.0816     6.0000e-14      18799.999
 0.234280   154039.9062    0.336846    3.0907e+01       2.5000    8.6044e+03    0.191356      311.7455         0.1714       311.7455      8250.5342       0.0816     6.0000e-14      18799.999
 0.234300   154059.9062    0.336877    2.6880e+01       2.5000    8.3093e+03    0.178456      311.9180         0.1713       311.9180      8250.5342       0.0817     6.0000e-14      18799.999
 0.234320   154079.9062    0.336908    2.2659e+01       2.5000    7.9619e+03    0.163844      312.0906         0.1713       312.0906      8250.5342       0.0817     6.0000e-14      18799.999
 0.234340   154099.9062    0.336939    2.0744e+01       2.5000    7.7881e+03    0.156769      312.2632         0.1712       312.2632      8250.5342       0.0817     6.0000e-14      18799.999
 0.234360   154119.8906    0.336971    2.4170e+01       2.5000    8.0915e+03    0.169220      312.4358         0.1711       312.4358      8250.5342       0.0817     6.0000e-14      18799.999
 0.234380   154139.9062    0.337002    2.6137e+01       2.5000    8.2513e+03    0.175971      312.6084         0.1711       312.6084      8250.5342       0.0818     6.0000e-14      18799.999
 0.234400   154159.9062    0.337033    2.5259e+01       2.5000    8.1811e+03    0.172991      312.7810         0.1710       312.7810      8250.5342       0.0818     6.0000e-14      18799.999
 0.234420   154179.9062    0.337064    2.2173e+01       2.5000    7.9189e+03    0.162079      312.9536         0.1710       312.9536      8250.5342       0.0818     6.0000e-14      18799.999
 0.234440   154199.9062    0.337096    1.8411e+01       2.5000    7.5592e+03    0.147690      313.1262         0.1709       313.1262      8250.5342       0.0818     6.0000e-14      18799.999
 0.234460   154219.9062    0.337127    1.5603e+01       2.5000    7.2529e+03    0.135964      313.2987         0.1709       313.2987      8250.5342       0.0818     6.0000e-14      18799.999
 0.234480   154239.8906    0.337158    1.3837e+01       2.5000    7.0383e+03    0.128038      313.4713         0.1708       313.4713      8250.5342       0.0819     6.0000e-14      18799.999
 0.234500   154259.9062    0.337189    1.1686e+01       2.5000    6.7471e+03    0.117662      313.6440         0.1707       313.6440      8250.5342       0.0819     6.0000e-14      18799.999
 0.234520   154279.9062    0.337221    1.0700e+01       2.5000    6.6001e+03    0.112590      313.8167         0.1707       313.8167      8250.5342       0.0819     6.0000e-14      18799.999
 0.234540   154299.9062    0.337252    1.3164e+01       2.5000    6.9511e+03    0.124882      313.9891         0.1706       313.9891      8250.5342       0.0819     6.0000e-14      18799.999
 0.234560   154319.9062    0.337283    1.7134e+01       2.5000    7.4245e+03    0.142475      314.1617         0.1706       314.1617      8250.5342       0.0820     6.0000e-14      18799.999
 0.234580   154339.9062    0.337314    2.0015e+01       2.5000    7.7187e+03    0.153988      314.3344         0.1705       314.3344      8250.5342       0.0820     6.0000e-14      18799.999
 0.234600   154359.8906    0.337346    2.0117e+01       2.5000    7.7286e+03    0.154382      314.5070         0.1705       314.5070      8250.5342       0.0820     6.0000e-14      18799.999
 0.234620   154379.9062    0.337377    1.8491e+01       2.5000    7.5674e+03    0.148012      314.6797         0.1704       314.6797      8250.5342       0.0820     6.0000e-14      18799.999
 0.234640   154399.9062    0.337408    1.4746e+01       2.5000    7.1511e+03    0.132173      314.8522         0.1703       314.8522      8250.5342       0.0820     6.0000e-14      18799.999
 0.234640   154399.9062    0.337408    1.4746e+01       2.5000    7.1511e+03    0.132173      314.8522         0.1703       314.8522      8250.5342       0.0820     6.0000e-14      18799.999
 0.234660   154419.9062    0.337440    1.1266e+01       2.5000    6.6858e+03    0.115531      315.0248         0.1703       315.0248      8250.5342       0.0821     6.0000e-14      18799.999
 0.234680   154439.9062    0.337471    9.4529e+00       2.5000    6.3988e+03    0.105827      315.1974         0.1702       315.1974      8250.5342       0.0821     6.0000e-14      18799.999
 0.234700   154459.8906    0.337502    9.2326e+00       2.5000    6.3612e+03    0.104586      315.3700         0.1702       315.3700      8250.5342       0.0821     6.0000e-14      18799.999
 0.234720   154479.9062    0.337533    1.0064e+01       2.5000    6.4998e+03    0.109193      315.5426         0.1701       315.5426      8250.5342       0.0821     6.0000e-14      18799.999
 0.234740   154499.9062    0.337565    1.0909e+01       2.5000    6.6321e+03    0.113684      315.7152         0.1701       315.7152      8250.5342       0.0822     6.0000e-14      18799.999
 0.234760   154519.9062    0.337596    9.8892e+00       2.5000    6.4714e+03    0.108241      315.8878         0.1700       315.8878      8250.5342       0.0822     6.0000e-14      18799.999
 0.235040   154799.9062    0.338027    4.5394e+00       2.5000    5.3267e+03    0.073335      317.2305         0.1692       317.2305      8250.5342       0.0825     6.0000e-14      18799.999
 0.235220   154979.9062    0.338280    2.5221e+01       2.5000    8.1780e+03    0.172859      313.9512         0.1689       313.9512      8250.5342       0.0825     6.0000e-14      18799.999
 0.235240   154999.9062    0.338308    1.5552e+01       2.5000    7.2469e+03    0.135740      313.5869         0.1689       313.5869      8250.5342       0.0825     6.0000e-14      18799.999
 0.235260   155019.8906    0.338336    7.5452e+00       2.5000    6.0482e+03    0.094547      313.2227         0.1689       313.2227      8250.5342       0.0825     6.0000e-14      18799.999
 0.235280   155039.9062    0.338364    1.6432e+01       2.5000    7.3473e+03    0.139525      312.8579         0.1688       312.8579      8250.5342       0.0825     6.0000e-14      18799.999
 0.235300   155059.9062    0.338392    1.4900e+01       2.5000    7.1698e+03    0.132865      312.4937         0.1688       312.4937      8250.5342       0.0825     6.0000e-14      18799.999
 0.235320   155079.9062    0.338420    1.0135e+01       2.5000    6.5112e+03    0.109577      312.1294         0.1688       312.1294      8250.5342       0.0825     6.0000e-14      18799.999
 0.235340   155099.9062    0.338448    1.0041e+01       2.5000    6.4961e+03    0.109071      311.7651         0.1687       311.7651      8250.5342       0.0825     6.0000e-14      18799.999
 0.235360   155119.9062    0.338476    1.2509e+01       2.5000    6.8629e+03    0.121736      311.4009         0.1687       311.4009      8250.5342       0.0825     6.0000e-14      18799.999
 0.235380   155139.8906    0.338505    1.5841e+01       2.5000    7.2803e+03    0.136994      311.0366         0.1687       311.0366      8250.5342       0.0825     6.0000e-14      18799.999
 0.235400   155159.9062    0.338533    1.8709e+01       2.5000    7.5896e+03    0.148879      310.6719         0.1686       310.6719      8250.5342       0.0825     6.0000e-14      18799.999
 0.235420   155179.9062    0.338561    1.7693e+01       2.5000    7.4844e+03    0.144782      310.3076         0.1686       310.3076      8250.5342       0.0825     6.0000e-14      18799.999
 0.235440   155199.9062    0.338589    1.3402e+01       2.5000    6.9823e+03    0.126008      309.9434         0.1686       309.9434      8250.5342       0.0825     6.0000e-14      18799.999
 0.235440   155199.9062    0.338589    1.3402e+01       2.5000    6.9823e+03    0.126008      309.9434         0.1686       309.9434      8250.5342       0.0825     6.0000e-14      18799.999
 0.235460   155219.9062    0.338617    8.1555e+00       2.5000    6.1669e+03    0.098297      309.5791         0.1685       309.5791      8250.5342       0.0825     6.0000e-14      18799.999
 0.235480   155239.9062    0.338645    7.0129e+00       2.5000    5.9386e+03    0.091151      309.2148         0.1685       309.2148      8250.5342       0.0825     6.0000e-14      18799.999
 0.235500   155259.8906    0.338673    8.0830e+00       2.5000    6.1532e+03    0.097859      308.8506         0.1685       308.8506      8250.5342       0.0825     6.0000e-14      18799.999
 0.235520   155279.9062    0.338701    9.3992e+00       2.5000    6.3897e+03    0.105525      308.4863         0.1684       308.4863      8250.5342       0.0825     6.0000e-14      18799.999
 0.235540   155299.9062    0.338729    1.1608e+01       2.5000    6.7358e+03    0.117269      308.1216         0.1684       308.1216      8250.5342       0.0825     6.0000e-14      18799.999
 0.235560   155319.9062    0.338757    1.4388e+01       2.5000    7.1073e+03    0.130559      307.7573         0.1684       307.7573      8250.5342       0.0825     6.0000e-14      18799.999
 0.235580   155339.9062    0.338785    1.4356e+01       2.5000    7.1034e+03    0.130415      307.3931         0.1683       307.3931      8250.5342       0.0825     6.0000e-14      18799.999
 0.235600   155359.8906    0.338813    1.2618e+01       2.5000    6.8779e+03    0.122267      307.0288         0.1683       307.0288      8250.5342       0.0825     6.0000e-14      18799.999
 0.235840   155599.9062    0.339150    5.3954e+00       2.5000    5.5618e+03    0.079951      302.6567         0.1679       302.6567      8250.5342       0.0826     6.0000e-14      18799.999
 0.236240   155999.9062    0.339712    3.5086e+00       2.5000    4.9945e+03    0.064473      295.3701         0.1672       295.3701      8250.5342       0.0826     6.0000e-14      18799.999
 0.236640   156399.9062    0.340274    5.3462e+00       2.5000    5.5490e+03    0.079586      288.0830         0.1666       288.0830      8250.5342       0.0826     6.0000e-14      18799.999
 0.237040   156799.9062    0.340835    5.8415e+00       2.5000    5.6733e+03    0.083190      280.7969         0.1659       280.7969      8250.5342       0.0827     6.0000e-14      18799.999
 0.237440   157199.9062    0.341397    3.7465e+00       2.5000    5.0771e+03    0.066623      273.5098         0.1652       273.5098      8250.5342       0.0827     6.0000e-14      18799.999
 0.237840   157599.9062    0.341631    3.8840e+00       2.5000    5.1230e+03    0.067835      273.4730         0.1661       273.4730      8250.5342       0.0816     6.0000e-14      18799.999
 0.238240   157999.9062    0.341808    3.6778e+00       2.5000    5.0537e+03    0.066010      274.7155         0.1673       274.7155      8250.5342       0.0802     6.0000e-14      18799.999
 0.238640   158399.9062    0.341985    2.8481e+00       2.5000    4.7407e+03    0.058088      275.9578         0.1685       275.9578      8250.5342       0.0788     6.0000e-14      18799.999
 0.239040   158799.9062    0.342162    2.3678e+00       2.5000    4.5268e+03    0.052965      277.2003         0.1697       277.2003      8250.5342       0.0774     6.0000e-14      18799.999
 0.239440   159199.9062    0.342339    2.6023e+00       2.5000    4.6349e+03    0.055525      278.4426         0.1709       278.4426      8250.5342       0.0760     6.0000e-14      18799.999
 0.239840   159599.9062    0.342515    2.8456e+00       2.5000    4.7397e+03    0.058063      279.6851         0.1721       279.6851      8250.5342       0.0746     6.0000e-14      18799.999
 0.240240   159999.9062    0.342663    2.7993e+00       2.5000    4.7203e+03    0.057589      282.9624         0.1725       282.9624      8250.5342       0.0741     6.0000e-14      18799.999
 0.240640   160399.9062    0.342790    2.6914e+00       2.5000    4.6741e+03    0.056468      287.5969         0.1723       287.5969      8250.5342       0.0742     6.0000e-14      18799.999
 0.241040   160799.9062    0.342918    2.3874e+00       2.5000    4.5362e+03    0.053183      292.2312         0.1720       292.2312      8250.5342       0.0742     6.0000e-14      18799.999
 0.241440   161199.9062    0.343045    2.7566e+00       2.5000    4.7022e+03    0.057147      296.8655         0.1718       296.8655      8250.5342       0.0743     6.0000e-14      18799.999
 0.241840   161599.9062    0.343173    2.4624e+00       2.5000    4.5714e+03    0.054012      301.5000         0.1716       301.5000      8250.5342       0.0744     6.0000e-14      18799.999
 0.242240   161999.9062    0.343300    2.8436e+00       2.5000    4.7389e+03    0.058043      306.1343         0.1714       306.1343      8250.5342       0.0744     6.0000e-14      18799.999
 0.242640   162399.9062    0.343467    2.6784e+00       2.5000    4.6685e+03    0.056331      311.4810         0.1716       311.4810      8250.5342       0.0741     6.0000e-14      18799.999
 0.243040   162799.9062    0.343709    2.6467e+00       2.5000    4.6546e+03    0.055997      318.1499         0.1723       318.1499      8250.5342       0.0730     6.0000e-14      18799.999
 0.243440   163199.9062    0.343950    2.8893e+00       2.5000    4.7578e+03    0.058508      324.8193         0.1731       324.8193      8250.5342       0.0720     6.0000e-14      18799.999
 0.243840   163599.9062    0.344191    2.8117e+00       2.5000    4.7255e+03    0.057716      331.4883         0.1739       331.4883      8250.5342       0.0709     6.0000e-14      18799.999
 0.244240   163999.9062    0.344433    2.6900e+00       2.5000    4.6735e+03    0.056454      338.1575         0.1747       338.1575      8250.5342       0.0699     6.0000e-14      18799.999
 0.244640   164399.9062    0.344674    3.1300e+00       2.5000    4.8539e+03    0.060895      344.8264         0.1755       344.8264      8250.5342       0.0688     6.0000e-14      18799.999
 0.244700   164459.9062    0.344710    1.0313e+01       2.5000    6.5396e+03    0.110534      345.8269         0.1756       345.8269      8250.5342       0.0687     6.0000e-14      18799.999
 0.244720   164479.9062    0.344722    1.1784e+01       2.5000    6.7614e+03    0.118159      346.1604         0.1756       346.1604      8250.5342       0.0686     6.0000e-14      18799.999
 0.244740   164499.8906    0.344734    7.4724e+00       2.5000    6.0335e+03    0.094090      346.4937         0.1757       346.4937      8250.5342       0.0686     6.0000e-14      18799.999
 0.244760   164519.9062    0.344746    1.0543e+01       2.5000    6.5758e+03    0.111762      346.8274         0.1757       346.8274      8250.5342       0.0685     6.0000e-14      18799.999
 0.244780   164539.9062    0.344758    1.1380e+01       2.5000    6.7026e+03    0.116115      347.1609         0.1758       347.1609      8250.5342       0.0685     6.0000e-14      18799.999
 0.244800   164559.9062    0.344770    1.0712e+01       2.5000    6.6020e+03    0.112656      347.4941         0.1758       347.4941      8250.5342       0.0684     6.0000e-14      18799.999
 0.244820   164579.9062    0.344782    8.0213e+00       2.5000    6.1414e+03    0.097485      347.8276         0.1758       347.8276      8250.5342       0.0684     6.0000e-14      18799.999
 0.244840   164599.9062    0.344795    7.4603e+00       2.5000    6.0311e+03    0.094014      348.1611         0.1759       348.1611      8250.5342       0.0683     6.0000e-14      18799.999
 0.244860   164619.8906    0.344807    8.8771e+00       2.5000    6.2990e+03    0.102553      348.4944         0.1759       348.4944      8250.5342       0.0682     6.0000e-14      18799.999
 0.245040   164799.9062    0.344913    3.9307e+00       2.5000    5.1384e+03    0.068241      350.0933         0.1761       350.0933      8250.5342       0.0679     6.0000e-14      18799.999
 0.245440   165199.9062    0.345131    2.6402e+00       2.5000    4.6518e+03    0.055929      342.7334         0.1756       342.7334      8250.5342       0.0682     6.0000e-14      18799.999
 0.245840   165599.9062    0.345350    3.5320e+00       2.5000    5.0028e+03    0.064688      335.3740         0.1750       335.3740      8250.5342       0.0685     6.0000e-14      18799.999
 0.246240   165999.9062    0.345569    3.3292e+00       2.5000    4.9294e+03    0.062804      328.0146         0.1745       328.0146      8250.5342       0.0688     6.0000e-14      18799.999
 0.246640   166399.9062    0.345787    4.9474e+00       2.5000    5.4425e+03    0.076560      320.6553         0.1740       320.6553      8250.5342       0.0691     6.0000e-14      18799.999
 0.247040   166799.9062    0.346006    3.2523e+00       2.5000    4.9006e+03    0.062073      313.2954         0.1734       313.2954      8250.5342       0.0694     6.0000e-14      18799.999
 0.247440   167199.9062    0.346224    3.4121e+00       2.5000    4.9598e+03    0.063580      305.9360         0.1729       305.9360      8250.5342       0.0697     6.0000e-14      18799.999
 0.248500   168259.9062    0.346726    3.4604e+00       2.5000    4.9772e+03    0.064029      313.7083         0.1744       313.7083      8250.5342       0.0677     6.0000e-14      18799.999
