Time (Myr)  Time-t0 (yr) Mstar (Msun)  Lstar (Lsun)  Rstar (Rsun)  Tstar (K)  Rdisk_in (AU)  Rdisk_out (AU)  Mdisk (Msun)  Renv_in (AU)  Renv_out (AU)  Menv (Msun)  Omega_0 (1/s)   c_s (cm/s)
 0.109960        0.0000        -NaN    0.0000e+00    1078.0000    0.0000e+00    0.000000        0.0000         0.0000         4.8714     11344.4854         -NaN     4.7000e-14      18799.999
 0.110700      740.0000    0.008661    2.2117e-03    1078.0000    3.8111e+01    0.001619        0.0000         0.0000         4.8714     11344.4854       0.8377     4.7000e-14      18799.999
 0.111440     1480.0000    0.015608    3.5681e-03    1078.0000    4.2951e+01    0.002056        0.0000         0.0000         4.8714     11344.4854       0.8319     4.7000e-14      18799.999
 0.112180     2220.0000    0.022556    4.8153e-03    1078.0000    4.6294e+01    0.002388        0.0000         0.0000         4.8714     11344.4854       0.8262     4.7000e-14      18799.999
 0.112920     2960.0000    0.028724    5.8351e-03    1078.0000    4.8571e+01    0.002629        0.0000         0.0000         4.8714     11344.4854       0.8198     4.7000e-14      18799.999
 0.113660     3700.0000    0.034299    6.7010e-03    1078.0000    5.0281e+01    0.002818        0.0000         0.0000         4.8714     11344.4854       0.8131     4.7000e-14      18799.999
 0.114400     4440.0000    0.039875    7.5440e-03    1078.0000    5.1793e+01    0.002990        0.0000         0.0000         4.8714     11344.4854       0.8063     4.7000e-14      18799.999
 0.115140     5180.0000    0.045351    8.3494e-03    1078.0000    5.3123e+01    0.003145        0.0000         0.0000         4.8714     11344.4854       0.8000     4.7000e-14      18799.999
 0.115880     5920.0000    0.050404    9.0629e-03    1078.0000    5.4223e+01    0.003277        0.0000         0.0000         4.8714     11344.4854       0.7960     4.7000e-14      18799.999
 0.116620     6660.0000    0.055457    9.7661e-03    1077.9900    5.5246e+01    0.003402        0.0000         0.0000         4.8714     11344.4854       0.7919     4.7000e-14      18799.999
 0.117360     7400.0000    0.060510    1.0460e-02    1077.9700    5.6203e+01    0.003520        0.0000         0.0000         4.8714     11344.4854       0.7878     4.7000e-14      18799.999
 0.118100     8140.0000    0.065330    1.1107e-02    1077.9200    5.7054e+01    0.003628        0.0000         0.0000         4.8714     11344.4854       0.7824     4.7000e-14      18799.999
 0.118840     8880.0000    0.070096    1.1740e-02    1077.8000    5.7853e+01    0.003729        0.0000         0.0000         4.8714     11344.4854       0.7766     4.7000e-14      18799.999
 0.119580     9620.0000    0.074861    1.2370e-02    1077.5500    5.8620e+01    0.003828        0.0000         0.0000         4.8714     11344.4854       0.7709     4.7000e-14      18799.999
 0.120320    10360.0000    0.079533    1.2983e-02    1077.0600    5.9348e+01    0.003922        0.0000         0.0000         4.8714     11344.4854       0.7661     4.7000e-14      18799.999
 0.121060    11100.0000    0.084082    1.3581e-02    1076.1200    6.0045e+01    0.004011        0.0000         0.0000         4.8714     11344.4854       0.7624     4.7000e-14      18799.999
 0.121800    11840.0000    0.088631    1.4188e-02    1074.4200    6.0753e+01    0.004100        0.0000         0.0000         4.8714     11344.4854       0.7588     4.7000e-14      18799.999
 0.122540    12580.0000    0.093172    1.4813e-02    1071.4300    6.1497e+01    0.004189        0.0000         0.0000         4.8714     11344.4854       0.7550     4.7000e-14      18799.999
 0.123280    13320.0000    0.097571    1.5450e-02    1066.3600    6.2296e+01    0.004278        0.0000         0.0000         4.8714     11344.4854       0.7497     4.7000e-14      18799.999
 0.124020    14060.0000    0.101969    1.6148e-02    1058.0100    6.3235e+01    0.004374        0.0000         0.0000         4.8714     11344.4854       0.7444     4.7000e-14      18799.999
 0.124760    14800.0000    0.106368    1.6949e-02    1044.6200    6.4415e+01    0.004481        0.0000         0.0000         4.8714     11344.4854       0.7391     4.7000e-14      18799.999
 0.125500    15540.0000    0.108937    1.7652e-02    1023.6700    6.5735e+01    0.004573        0.0000         0.0000         4.8714     11344.4854       0.7345     4.7000e-14      18799.999
 0.126240    16280.0000    0.110627    3.6133e-17     991.7350    1.4205e-02    0.000000        9.9875         0.0044         9.9875     11344.4854       0.7301     4.7000e-14      18799.999
 0.126980    17020.0000    0.112317    2.1419e-02     944.4080    7.1829e+01    0.005038       15.9479         0.0071        15.9479     11344.4854       0.7258     4.7000e-14      18799.999
 0.127720    17760.0000    0.113987    1.6425e-02     876.8310    6.9758e+01    0.004411       21.5985         0.0096        21.5985     11344.4854       0.7215     4.7000e-14      18799.999
 0.128460    18500.0000    0.115606    1.6735e-02     785.4940    7.4047e+01    0.004453       26.5171         0.0121        26.5171     11344.4854       0.7173     4.7000e-14      18799.999
 0.129200    19240.0000    0.117226    2.0822e-02     671.9090    8.4557e+01    0.004967       31.4356         0.0145        31.4356     11344.4854       0.7130     4.7000e-14      18799.999
 0.129940    19980.0000    0.118846    1.7996e-02     545.9880    9.0444e+01    0.004617       36.3542         0.0170        36.3542     11344.4854       0.7088     4.7000e-14      18799.999
 0.130680    20720.0000    0.120333    2.6719e-02     423.7220    1.1333e+02    0.005626       41.3973         0.0195        41.3973     11344.4854       0.7046     4.7000e-14      18799.999
 0.131420    21460.0000    0.121808    2.0464e-02     318.5460    1.2228e+02    0.004924       46.4514         0.0220        46.4514     11344.4854       0.7004     4.7000e-14      18799.999
 0.132160    22200.0000    0.123284    8.3407e-03     235.6560    1.1359e+02    0.003144       51.5054         0.0245        51.5054     11344.4854       0.6963     4.7000e-14      18799.999
 0.132900    22940.0000    0.124971    2.9355e-02     173.5960    1.8127e+02    0.005897       52.0251         0.0267        52.0251     11344.4854       0.6922     4.7000e-14      18799.999
 0.133640    23680.0000    0.126838    7.2252e-02     128.2560    2.6415e+02    0.009252       48.6907         0.0287        48.6907     11344.4854       0.6882     4.7000e-14      18799.999
 0.134380    24420.0000    0.128706    3.7422e-02      95.4087    2.5981e+02    0.006658       45.3563         0.0306        45.3563     11344.4854       0.6842     4.7000e-14      18799.999
 0.135120    25160.0000    0.130579    6.9825e-02      71.6087    3.5051e+02    0.009095       43.5117         0.0325        43.5117     11344.4854       0.6802     4.7000e-14      18799.999
 0.135860    25900.0000    0.132486    7.2381e-02      54.2873    4.0619e+02    0.009260       49.3646         0.0345        49.3646     11344.4854       0.6761     4.7000e-14      18799.999
 0.136600    26640.0000    0.134392    9.2077e-02      41.5997    4.9280e+02    0.010445       55.2175         0.0364        55.2175     11344.4854       0.6721     4.7000e-14      18799.999
 0.137340    27380.0000    0.136299    5.8300e-01      32.2387    8.8798e+02    0.026281       61.0704         0.0384        61.0704     11344.4854       0.6680     4.7000e-14      18799.999
 0.138080    28120.0000    0.138010    5.2307e-01      25.2803    9.7595e+02    0.024894       65.3758         0.0405        65.3758     11344.4854       0.6640     4.7000e-14      18799.999
 0.138820    28860.0000    0.139666    1.1251e+00      20.0697    1.3265e+03    0.036510       69.2543         0.0426        69.2543     11344.4854       0.6600     4.7000e-14      18799.999
 0.139560    29600.0000    0.141323    2.3940e+00      16.1394    1.7865e+03    0.053257       73.1327         0.0448        73.1327     11344.4854       0.6560     4.7000e-14      18799.999
 0.140300    30340.0000    0.143117    2.2087e+00      13.1545    1.9394e+03    0.051155       77.5037         0.0467        77.5037     11344.4854       0.6520     4.7000e-14      18799.999
 0.141040    31080.0000    0.145113    2.4314e+00      10.8723    2.1851e+03    0.053671       82.5968         0.0485        82.5968     11344.4854       0.6481     4.7000e-14      18799.999
 0.141780    31820.0000    0.147108    2.3558e+00       9.1164    2.3676e+03    0.052830       87.6900         0.0502        87.6900     11344.4854       0.6441     4.7000e-14      18799.999
 0.142520    32560.0000    0.149096    2.5793e+00       7.7570    2.6255e+03    0.055280       92.5168         0.0520        92.5168     11344.4854       0.6401     4.7000e-14      18799.999
 0.143260    33300.0000    0.150784    2.7190e+00       6.6986    2.8628e+03    0.056757       87.7537         0.0539        87.7537     11344.4854       0.6363     4.7000e-14      18799.999
 0.144000    34040.0000    0.152473    2.9834e+00       5.8699    3.1300e+03    0.059452       82.9907         0.0559        82.9907     11344.4854       0.6325     4.7000e-14      18799.999
 0.144740    34780.0000    0.154162    2.4687e+00       5.2176    3.1664e+03    0.054082       78.2276         0.0578        78.2276     11344.4854       0.6287     4.7000e-14      18799.999
 0.145480    35520.0000    0.156095    2.6662e+00       4.7015    3.4004e+03    0.056203       79.6437         0.0596        79.6437     11344.4854       0.6248     4.7000e-14      18799.999
 0.146220    36260.0000    0.158160    5.9230e+00       4.2911    4.3454e+03    0.083769       84.4067         0.0612        84.4067     11344.4854       0.6209     4.7000e-14      18799.999
 0.146960    37000.0000    0.160226    3.2150e+00       3.9634    3.8810e+03    0.061717       89.1698         0.0628        89.1698     11344.4854       0.6169     4.7000e-14      18799.999
 0.147700    37740.0000    0.162162    3.2682e+00       3.7004    4.0330e+03    0.062225       92.1211         0.0646        92.1211     11344.4854       0.6130     4.7000e-14      18799.999
 0.148440    38480.0000    0.163751    3.9047e+00       3.4885    4.3427e+03    0.068016       90.1809         0.0667        90.1809     11344.4854       0.6092     4.7000e-14      18799.999
 0.149180    39220.0000    0.165340    3.2427e+00       3.3170    4.2514e+03    0.061982       88.2408         0.0688        88.2408     11344.4854       0.6053     4.7000e-14      18799.999
 0.149920    39960.0000    0.166929    2.4964e+00       3.1776    4.0687e+03    0.054384       86.3006         0.0709        86.3006     11344.4854       0.6015     4.7000e-14      18799.999
 0.150660    40700.0000    0.169086    3.5189e+00       3.0640    4.5147e+03    0.064567       89.3000         0.0724        89.3000     11344.4854       0.5975     4.7000e-14      18799.999
 0.151400    41440.0000    0.171312    8.4747e+00       2.9710    5.7116e+03    0.100202       92.8982         0.0738        92.8982     11344.4854       0.5936     4.7000e-14      18799.999
 0.152140    42180.0000    0.173537    4.7474e+00       2.8946    5.0061e+03    0.074996       96.4964         0.0753        96.4964     11344.4854       0.5897     4.7000e-14      18799.999
 0.152880    42920.0000    0.175444    4.3244e+00       2.8316    4.9448e+03    0.071578       99.1497         0.0771        99.1497     11344.4854       0.5858     4.7000e-14      18799.999
 0.153620    43660.0000    0.177049    3.2341e+00       2.7795    4.6413e+03    0.061900      100.9080         0.0792       100.9080     11344.4854       0.5819     4.7000e-14      18799.999
 0.154360    44400.0000    0.178653    3.6244e+00       2.7362    4.8130e+03    0.065529      102.6663         0.0813       102.6663     11344.4854       0.5780     4.7000e-14      18799.999
 0.155100    45140.0000    0.180320    3.3656e+00       2.7002    4.7560e+03    0.063146      105.4469         0.0834       105.4469     11344.4854       0.5741     4.7000e-14      18799.999
 0.155840    45880.0000    0.182386    8.0432e+00       2.6702    5.9466e+03    0.097618      114.7705         0.0851       114.7705     11344.4854       0.5701     4.7000e-14      18799.999
 0.156580    46620.0000    0.184451    4.7904e+00       2.6450    5.2488e+03    0.075335      124.0944         0.0868       124.0944     11344.4854       0.5661     4.7000e-14      18799.999
 0.157320    47360.0000    0.186517    3.2596e+00       2.6239    4.7863e+03    0.062143      133.4180         0.0885       133.4180     11344.4854       0.5621     4.7000e-14      18799.999
 0.158060    48100.0000    0.188557    7.4012e+00       2.6061    5.8954e+03    0.093641      135.2431         0.0904       135.2431     11344.4854       0.5579     4.7000e-14      18799.999
 0.158800    48840.0000    0.190589    3.7549e+00       2.5910    4.9899e+03    0.066698      134.6580         0.0923       134.6580     11344.4854       0.5538     4.7000e-14      18799.999
 0.159540    49580.0000    0.192621    4.5551e+00       2.5783    5.2497e+03    0.073462      134.0728         0.0942       134.0728     11344.4854       0.5496     4.7000e-14      18799.999
 0.160280    50320.0000    0.194731    5.4943e+00       2.5675    5.5131e+03    0.080680      131.6649         0.0960       131.6649     11344.4854       0.5454     4.7000e-14      18799.999
 0.161020    51060.0000    0.196970    5.7931e+00       2.5584    5.5966e+03    0.082845      126.2631         0.0978       126.2631     11344.4854       0.5412     4.7000e-14      18799.999
 0.161760    51800.0000    0.199208    7.1501e+00       2.5505    5.9080e+03    0.092038      120.8610         0.0995       120.8610     11344.4854       0.5369     4.7000e-14      18799.999
 0.162500    52540.0000    0.201447    5.1242e+00       2.5438    5.4430e+03    0.077916      115.4590         0.1013       115.4590     11344.4854       0.5327     4.7000e-14      18799.999
 0.163240    53280.0000    0.204296    1.1103e+01       2.5381    6.6112e+03    0.114692      121.4462         0.1025       121.4462     11344.4854       0.5283     4.7000e-14      18799.999
 0.163980    54020.0000    0.207146    5.0040e+00       2.5332    5.4221e+03    0.076996      127.4333         0.1038       127.4333     11344.4854       0.5239     4.7000e-14      18799.999
 0.164720    54760.0000    0.209995    3.1942e+00       2.5290    4.8506e+03    0.061517      133.4204         0.1050       133.4204     11344.4854       0.5195     4.7000e-14      18799.999
 0.165280    55320.0000    0.212476    3.8590e+01       2.5262    9.0482e+03    0.213822      137.0848         0.1052       137.0848     11344.4854       0.5165     4.7000e-14      18799.999
 0.165300    55339.9961    0.212576    4.0772e+01       2.5261    9.1737e+03    0.219784      137.1848         0.1052       137.1848     11344.4854       0.5164     4.7000e-14      18799.999
 0.165460    55500.0000    0.213378    9.5851e+00       2.5253    6.3887e+03    0.106564      137.9842         0.1050       137.9842     11344.4854       0.5157     4.7000e-14      18799.999
 0.166200    56240.0000    0.217085    4.8325e+00       2.5222    5.3868e+03    0.075666      141.6812         0.1043       141.6812     11344.4854       0.5123     4.7000e-14      18799.999
 0.166940    56980.0000    0.220792    7.7290e+00       2.5195    6.0611e+03    0.095692      145.3782         0.1035       145.3782     11344.4854       0.5089     4.7000e-14      18799.999
 0.167680    57720.0000    0.223971    6.1794e+00       2.5171    5.7340e+03    0.085563      154.5698         0.1039       154.5698     11344.4854       0.5050     4.7000e-14      18799.999
 0.168420    58460.0000    0.225503    4.9183e+00       2.5151    5.4182e+03    0.076334      180.8594         0.1079       180.8594     11344.4854       0.4994     4.7000e-14      18799.999
 0.169160    59200.0000    0.227035    2.6898e+00       2.5133    4.6611e+03    0.056451      207.1479         0.1118       207.1479     11344.4854       0.4937     4.7000e-14      18799.999
 0.169900    59940.0000    0.228567    3.5878e+00       2.5117    5.0107e+03    0.065197      233.4370         0.1158       233.4370     11344.4854       0.4880     4.7000e-14      18799.999
 0.170640    60680.0000    0.229656    2.8762e+00       2.5104    4.7426e+03    0.058375      225.0022         0.1188       225.0022     11344.4854       0.4838     4.7000e-14      18799.999
 0.171380    61420.0000    0.230675    4.8007e+00       2.5092    5.3918e+03    0.075417      211.1414         0.1217       211.1414     11344.4854       0.4798     4.7000e-14      18799.999
 0.172120    62160.0000    0.231695    3.1299e+00       2.5082    4.8460e+03    0.060895      197.2805         0.1246       197.2805     11344.4854       0.4758     4.7000e-14      18799.999
 0.172860    62900.0000    0.233324    2.3547e+01       2.5072    8.0271e+03    0.167023      190.9786         0.1269       190.9786     11344.4854       0.4716     4.7000e-14      18799.999
 0.173600    63640.0000    0.235599    1.2231e+01       2.5065    6.8158e+03    0.120378      192.6552         0.1287       192.6552     11344.4854       0.4674     4.7000e-14      18799.999
 0.174340    64380.0000    0.237873    5.3088e+00       2.5057    5.5330e+03    0.079307      194.3317         0.1304       194.3317     11344.4854       0.4631     4.7000e-14      18799.999
 0.175080    65120.0000    0.240083    2.4520e+00       2.5051    4.5619e+03    0.053899      198.2153         0.1323       198.2153     11344.4854       0.4588     4.7000e-14      18799.999
 0.175820    65860.0000    0.241762    2.3111e+00       2.5046    4.4954e+03    0.052327      220.3042         0.1347       220.3042     11344.4854       0.4545     4.7000e-14      18799.999
 0.176560    66600.0000    0.243442    2.3759e+00       2.5041    4.5270e+03    0.053056      242.3936         0.1372       242.3936     11344.4854       0.4501     4.7000e-14      18799.999
 0.177300    67340.0000    0.245121    7.9851e+00       2.5037    6.1300e+03    0.097264      264.4824         0.1397       264.4824     11344.4854       0.4458     4.7000e-14      18799.999
 0.178040    68080.0000    0.246716    7.6374e+00       2.5033    6.0626e+03    0.095123      279.6860         0.1419       279.6860     11344.4854       0.4418     4.7000e-14      18799.999
 0.178780    68820.0000    0.248279    2.7420e+00       2.5029    4.6932e+03    0.056996      292.3403         0.1441       292.3403     11344.4854       0.4379     4.7000e-14      18799.999
 0.179520    69560.0000    0.249843    3.7790e+00       2.5027    5.0854e+03    0.066912      304.9944         0.1462       304.9944     11344.4854       0.4340     4.7000e-14      18799.999
 0.180260    70300.0000    0.251550    1.2392e+01       2.5024    6.8436e+03    0.121167      305.2769         0.1479       305.2769     11344.4854       0.4304     4.7000e-14      18799.999
 0.181000    71040.0000    0.253522    7.9348e+00       2.5021    6.1221e+03    0.096957      282.7183         0.1487       282.7183     11344.4854       0.4274     4.7000e-14      18799.999
 0.181740    71780.0000    0.255494    8.3143e+00       2.5019    6.1944e+03    0.099249      260.1592         0.1496       260.1592     11344.4854       0.4244     4.7000e-14      18799.999
 0.182100    72140.0000    0.256453    3.7776e+01       2.5018    9.0438e+03    0.211555      249.1846         0.1500       249.1846     11344.4854       0.4229     4.7000e-14      18799.999
 0.182120    72159.9922    0.256506    2.8381e+01       2.5018    8.4199e+03    0.183370      248.5747         0.1500       248.5747     11344.4854       0.4228     4.7000e-14      18799.999
 0.182140    72179.9922    0.256560    3.4553e+01       2.5018    8.8444e+03    0.202328      247.9653         0.1500       247.9653     11344.4854       0.4227     4.7000e-14      18799.999
 0.182480    72520.0000    0.257466    1.1427e+01       2.5017    6.7071e+03    0.116353      237.5996         0.1504       237.5996     11344.4854       0.4213     4.7000e-14      18799.999
 0.183220    73260.0000    0.258821    5.5046e+00       2.5016    5.5879e+03    0.080756      226.8149         0.1530       226.8149     11344.4854       0.4172     4.7000e-14      18799.999
 0.183960    74000.0000    0.260159    6.8461e+00       2.5014    5.9012e+03    0.090061      216.3572         0.1556       216.3572     11344.4854       0.4131     4.7000e-14      18799.999
 0.184700    74740.0000    0.261497    8.9201e+00       2.5013    6.3050e+03    0.102801      205.8997         0.1583       205.8997     11344.4854       0.4089     4.7000e-14      18799.999
 0.185440    75480.0000    0.264594    2.4907e+01       2.5012    8.1505e+03    0.171781      209.1204         0.1585       209.1204     11344.4854       0.4053     4.7000e-14      18799.999
 0.185460    75500.0000    0.264710    4.4807e+01       2.5012    9.4393e+03    0.230401      209.4595         0.1585       209.4595     11344.4854       0.4052     4.7000e-14      18799.999
 0.185520    75559.9922    0.265058    6.1511e+01       2.5012    1.0217e+04    0.269953      210.4766         0.1583       210.4766     11344.4854       0.4049     4.7000e-14      18799.999
 0.185540    75580.0078    0.265174    7.0116e+01       2.5011    1.0558e+04    0.288219      210.8159         0.1583       210.8159     11344.4854       0.4048     4.7000e-14      18799.999
 0.185560    75600.0000    0.265290    5.4616e+01       2.5011    9.9183e+03    0.254375      211.1550         0.1583       211.1550     11344.4854       0.4048     4.7000e-14      18799.999
 0.185580    75620.0000    0.265406    4.4108e+01       2.5011    9.4023e+03    0.228597      211.4941         0.1582       211.4941     11344.4854       0.4047     4.7000e-14      18799.999
 0.185720    75760.0000    0.266219    3.7358e+01       2.5011    9.0200e+03    0.210381      213.8677         0.1580       213.8677     11344.4854       0.4040     4.7000e-14      18799.999
 0.185740    75779.9922    0.266335    3.6360e+01       2.5011    8.9591e+03    0.207551      214.2068         0.1579       214.2068     11344.4854       0.4039     4.7000e-14      18799.999
 0.186180    76220.0000    0.268890    8.1163e+00       2.5011    6.1582e+03    0.098060      221.6672         0.1571       221.6672     11344.4854       0.4020     4.7000e-14      18799.999
 0.186920    76960.0000    0.273186    6.5258e+00       2.5010    5.8315e+03    0.087928      234.2146         0.1556       234.2146     11344.4854       0.3987     4.7000e-14      18799.999
 0.187280    77320.0000    0.275276    4.6789e+01       2.5009    9.5425e+03    0.235443      240.3186         0.1549       240.3186     11344.4854       0.3970     4.7000e-14      18799.999
 0.187300    77340.0000    0.275392    9.2245e+01       2.5009    1.1307e+04    0.330586      240.6577         0.1548       240.6577     11344.4854       0.3970     4.7000e-14      18799.999
 0.187320    77359.9922    0.275508    1.6380e+01       2.5009    7.3402e+03    0.139307      240.9968         0.1548       240.9968     11344.4854       0.3969     4.7000e-14      18799.999
 0.187360    77400.0078    0.275740    3.9089e+01       2.5009    9.1231e+03    0.215199      241.6750         0.1547       241.6750     11344.4854       0.3967     4.7000e-14      18799.999
 0.187380    77420.0000    0.275856    4.1009e+01       2.5009    9.2331e+03    0.220421      242.0142         0.1547       242.0142     11344.4854       0.3966     4.7000e-14      18799.999
 0.187660    77700.0000    0.276824    1.2402e+01       2.5009    6.8470e+03    0.121216      240.9629         0.1547       240.9629     11344.4854       0.3955     4.7000e-14      18799.999
 0.188400    78440.0000    0.278075    4.2619e+00       2.5008    5.2425e+03    0.071058      226.6890         0.1559       226.6890     11344.4854       0.3929     4.7000e-14      18799.999
 0.189140    79180.0000    0.279327    5.7136e+00       2.5007    5.6412e+03    0.082275      212.4150         0.1571       212.4150     11344.4854       0.3903     4.7000e-14      18799.999
 0.189880    79920.0000    0.280578    4.2502e+00       2.5007    5.2390e+03    0.070960      198.1416         0.1583       198.1416     11344.4854       0.3877     4.7000e-14      18799.999
 0.190620    80660.0000    0.281638    6.2867e+00       2.5006    5.7778e+03    0.086303      194.4223         0.1610       194.4223     11344.4854       0.3838     4.7000e-14      18799.999
 0.191360    81400.0000    0.282662    7.5682e+00       2.5006    6.0521e+03    0.094691      192.7458         0.1641       192.7458     11344.4854       0.3796     4.7000e-14      18799.999
 0.192100    82140.0000    0.283685    3.7015e+00       2.5005    5.0613e+03    0.066222      191.0692         0.1671       191.0692     11344.4854       0.3754     4.7000e-14      18799.999
 0.192840    82880.0000    0.284819    3.5198e+00       2.5005    4.9980e+03    0.064576      193.3848         0.1691       193.3848     11344.4854       0.3722     4.7000e-14      18799.999
 0.193580    83620.0000    0.286084    7.4728e+00       2.5004    6.0331e+03    0.094092      200.3971         0.1699       200.3971     11344.4854       0.3700     4.7000e-14      18799.999
 0.194320    84360.0000    0.287348    6.0743e+00       2.5004    5.7286e+03    0.084833      207.4093         0.1707       207.4093     11344.4854       0.3679     4.7000e-14      18799.999
 0.195060    85100.0000    0.288653    6.0356e+00       2.5004    5.7195e+03    0.084561      215.9136         0.1715       215.9136     11344.4854       0.3656     4.7000e-14      18799.999
 0.195800    85840.0000    0.290412    1.5266e+01       2.5003    7.2129e+03    0.134486      241.3286         0.1729       241.3286     11344.4854       0.3622     4.7000e-14      18799.999
 0.196540    86580.0000    0.292171    1.0082e+01       2.5003    6.5024e+03    0.109293      266.7427         0.1744       266.7427     11344.4854       0.3588     4.7000e-14      18799.999
 0.197280    87320.0000    0.293930    7.6048e+00       2.5003    6.0598e+03    0.094920      292.1572         0.1758       292.1572     11344.4854       0.3554     4.7000e-14      18799.999
 0.198020    88060.0000    0.296036    5.9780e+00       2.5002    5.7059e+03    0.084157      288.8853         0.1771       288.8853     11344.4854       0.3517     4.7000e-14      18799.999
 0.198760    88800.0000    0.298288    3.5080e+00       2.5002    4.9940e+03    0.064468      273.4766         0.1784       273.4766     11344.4854       0.3480     4.7000e-14      18799.999
 0.199500    89540.0000    0.300541    2.6509e+01       2.5002    8.2801e+03    0.177218      258.0684         0.1796       258.0684     11344.4854       0.3443     4.7000e-14      18799.999
 0.199520    89560.0078    0.300602    3.4742e+01       2.5002    8.8594e+03    0.202881      257.6514         0.1796       257.6514     11344.4854       0.3442     4.7000e-14      18799.999
 0.199540    89580.0078    0.300663    3.3130e+01       2.5002    8.7548e+03    0.198119      257.2354         0.1796       257.2354     11344.4854       0.3441     4.7000e-14      18799.999
 0.199780    89820.0000    0.301393    3.3208e+01       2.5002    8.7599e+03    0.198351      252.2378         0.1800       252.2378     11344.4854       0.3429     4.7000e-14      18799.999
 0.199800    89840.0000    0.301454    3.1330e+01       2.5002    8.6334e+03    0.192661      251.8213         0.1801       251.8213     11344.4854       0.3428     4.7000e-14      18799.999
 0.199840    89879.9922    0.301576    3.7532e+01       2.5002    9.0321e+03    0.210869      250.9888         0.1801       250.9888     11344.4854       0.3426     4.7000e-14      18799.999
 0.199900    89940.0000    0.301759    3.8241e+01       2.5002    9.0745e+03    0.212853      249.7393         0.1802       249.7393     11344.4854       0.3423     4.7000e-14      18799.999
 0.199920    89960.0000    0.301819    3.4109e+01       2.5002    8.8187e+03    0.201022      249.3228         0.1803       249.3228     11344.4854       0.3422     4.7000e-14      18799.999
 0.200240    90280.0000    0.302871    1.0779e+01       2.5002    6.6121e+03    0.113009      253.9497         0.1800       253.9497     11344.4854       0.3413     4.7000e-14      18799.999
 0.200980    91020.0000    0.305363    5.2595e+00       2.5002    5.5262e+03    0.078938      273.3511         0.1788       273.3511     11344.4854       0.3398     4.7000e-14      18799.999
 0.201380    91420.0000    0.306710    3.3444e+01       2.5002    8.7755e+03    0.199054      283.8389         0.1781       283.8389     11344.4854       0.3389     4.7000e-14      18799.999
 0.201420    91459.9922    0.306845    3.8636e+01       2.5002    9.0979e+03    0.213948      284.8872         0.1780       284.8872     11344.4854       0.3388     4.7000e-14      18799.999
 0.201440    91480.0078    0.306912    3.0026e+01       2.5002    8.5421e+03    0.188608      285.4121         0.1780       285.4121     11344.4854       0.3388     4.7000e-14      18799.999
 0.201460    91500.0078    0.306980    3.2317e+01       2.5002    8.7006e+03    0.195671      285.9360         0.1779       285.9360     11344.4854       0.3388     4.7000e-14      18799.999
 0.201480    91520.0000    0.307047    3.4343e+01       2.5002    8.8339e+03    0.201712      286.4604         0.1779       286.4604     11344.4854       0.3387     4.7000e-14      18799.999
 0.201720    91760.0000    0.307855    1.6740e+01       2.5002    7.3813e+03    0.140829      292.7529         0.1775       292.7529     11344.4854       0.3382     4.7000e-14      18799.999
 0.202460    92500.0000    0.310347    1.1023e+01       2.5002    6.6492e+03    0.114278      312.1548         0.1762       312.1548     11344.4854       0.3367     4.7000e-14      18799.999
 0.203200    93240.0000    0.311243    4.8302e+00       2.5001    5.4099e+03    0.075647      295.8755         0.1786       295.8755     11344.4854       0.3333     4.7000e-14      18799.999
 0.203940    93980.0000    0.312048    5.0301e+00       2.5001    5.4650e+03    0.077197      277.5571         0.1812       277.5571     11344.4854       0.3299     4.7000e-14      18799.999
 0.204680    94720.0000    0.312852    5.3041e+00       2.5001    5.5379e+03    0.079271      259.2393         0.1838       259.2393     11344.4854       0.3264     4.7000e-14      18799.999
 0.205420    95460.0000    0.314407    4.9288e+00       2.5001    5.4373e+03    0.076416      255.8861         0.1846       255.8861     11344.4854       0.3239     4.7000e-14      18799.999
 0.205500    95540.0078    0.314637    3.1117e+01       2.5001    8.6188e+03    0.192005      256.7562         0.1845       256.7562     11344.4854       0.3237     4.7000e-14      18799.999
 0.205700    95739.9922    0.315211    3.2651e+01       2.5001    8.7231e+03    0.196680      258.9313         0.1844       258.9313     11344.4854       0.3232     4.7000e-14      18799.999
 0.205760    95800.0000    0.315384    3.0559e+01       2.5001    8.5799e+03    0.190276      259.5839         0.1843       259.5839     11344.4854       0.3230     4.7000e-14      18799.999
 0.205880    95920.0000    0.315728    4.2528e+01       2.5001    9.3190e+03    0.224467      260.8890         0.1842       260.8890     11344.4854       0.3227     4.7000e-14      18799.999
 0.205900    95940.0000    0.315786    3.4531e+01       2.5001    8.8460e+03    0.202263      261.1066         0.1842       261.1066     11344.4854       0.3227     4.7000e-14      18799.999
 0.205960    96000.0078    0.315958    3.0082e+01       2.5001    8.5463e+03    0.188786      261.7592         0.1842       261.7592     11344.4854       0.3225     4.7000e-14      18799.999
 0.206160    96200.0000    0.316533    1.5075e+01       2.5001    7.1905e+03    0.133641      263.9342         0.1840       263.9342     11344.4854       0.3221     4.7000e-14      18799.999
 0.206900    96940.0000    0.318659    4.1632e+00       2.5001    5.2126e+03    0.070231      271.9825         0.1835       271.9825     11344.4854       0.3203     4.7000e-14      18799.999
 0.207640    97680.0000    0.320640    2.9947e+00       2.5001    4.8005e+03    0.059565      280.9734         0.1834       280.9734     11344.4854       0.3182     4.7000e-14      18799.999
 0.208380    98420.0000    0.321995    3.5211e+00       2.5001    4.9988e+03    0.064588      294.0044         0.1852       294.0044     11344.4854       0.3148     4.7000e-14      18799.999
 0.208880    98920.0078    0.322911    3.0213e+01       2.5001    8.5556e+03    0.189195      302.8093         0.1865       302.8093     11344.4854       0.3125     4.7000e-14      18799.999
 0.209120    99160.0000    0.323351    1.1015e+01       2.5001    6.6480e+03    0.114234      307.0356         0.1871       307.0356     11344.4854       0.3114     4.7000e-14      18799.999
 0.209860    99900.0000    0.324707    5.3651e+00       2.5001    5.5539e+03    0.079726      320.0667         0.1890       320.0667     11344.4854       0.3080     4.7000e-14      18799.999
 0.210600   100640.0000    0.326382    1.3854e+01       2.5001    7.0403e+03    0.128113      302.8428         0.1885       302.8428     11344.4854       0.3067     4.7000e-14      18799.999
 0.211340   101380.0000    0.328133    7.9099e+00       2.5001    6.1199e+03    0.096805      278.5596         0.1874       278.5596     11344.4854       0.3058     4.7000e-14      18799.999
 0.212080   102120.0000    0.329883    3.9956e+00       2.5001    5.1594e+03    0.068802      254.2759         0.1864       254.2759     11344.4854       0.3049     4.7000e-14      18799.999
 0.212820   102860.0000    0.331289    4.1762e+00       2.5000    5.2167e+03    0.070340      250.3926         0.1864       250.3926     11344.4854       0.3033     4.7000e-14      18799.999
 0.213560   103600.0000    0.332241    4.5343e+00       2.5000    5.3251e+03    0.073294      273.2856         0.1879       273.2856     11344.4854       0.3007     4.7000e-14      18799.999
 0.214300   104340.0000    0.333193    3.4395e+00       2.5000    4.9697e+03    0.063835      296.1787         0.1894       296.1787     11344.4854       0.2982     4.7000e-14      18799.999
 0.215040   105080.0000    0.334139    5.9476e+00       2.5000    5.6989e+03    0.083943      317.1401         0.1909       317.1401     11344.4854       0.2956     4.7000e-14      18799.999
 0.215780   105820.0000    0.334970    3.3802e+00       2.5000    4.9481e+03    0.063283      304.2986         0.1926       304.2986     11344.4854       0.2930     4.7000e-14      18799.999
 0.216520   106560.0000    0.335802    5.8958e+00       2.5000    5.6864e+03    0.083576      291.4573         0.1943       291.4573     11344.4854       0.2904     4.7000e-14      18799.999
 0.217260   107300.0000    0.336633    3.7220e+00       2.5000    5.0687e+03    0.066405      278.6157         0.1960       278.6157     11344.4854       0.2877     4.7000e-14      18799.999
 0.218000   108040.0000    0.339121    9.9150e+00       2.5000    6.4756e+03    0.108383      279.5034         0.1942       279.5034     11344.4854       0.2868     4.7000e-14      18799.999
 0.218080   108120.0000    0.339475    4.5844e+01       2.5000    9.4957e+03    0.233053      280.3118         0.1938       280.3118     11344.4854       0.2868     4.7000e-14      18799.999
 0.218100   108140.0000    0.339564    1.1393e+02       2.5000    1.1923e+04    0.367400      280.5139         0.1937       280.5139     11344.4854       0.2868     4.7000e-14      18799.999
 0.218120   108159.9922    0.339653    5.8910e+01       2.5000    1.0110e+04    0.264184      280.7161         0.1936       280.7161     11344.4854       0.2868     4.7000e-14      18799.999
 0.218320   108360.0000    0.340540    1.9136e+01       2.5000    7.6325e+03    0.150569      282.7371         0.1927       282.7371     11344.4854       0.2867     4.7000e-14      18799.999
 0.218340   108379.9922    0.340629    3.1367e+01       2.5000    8.6362e+03    0.192775      282.9390         0.1926       282.9390     11344.4854       0.2867     4.7000e-14      18799.999
 0.218360   108400.0078    0.340717    4.5781e+01       2.5000    9.4924e+03    0.232893      283.1414         0.1925       283.1414     11344.4854       0.2867     4.7000e-14      18799.999
 0.218380   108420.0000    0.340806    3.7936e+01       2.5000    9.0566e+03    0.212001      283.3433         0.1924       283.3433     11344.4854       0.2867     4.7000e-14      18799.999
 0.218740   108780.0000    0.342403    1.7193e+01       2.5000    7.4309e+03    0.142721      286.9810         0.1907       286.9810     11344.4854       0.2867     4.7000e-14      18799.999
 0.219480   109520.0000    0.345685    4.0736e+00       2.5000    5.1844e+03    0.069470      294.4585         0.1872       294.4585     11344.4854       0.2865     4.7000e-14      18799.999
 0.220220   110260.0000    0.348495    7.1738e+00       2.5000    5.9723e+03    0.092191      301.7211         0.1852       301.7211     11344.4854       0.2854     4.7000e-14      18799.999
 0.220960   111000.0000    0.350189    3.7383e+00       2.5000    5.0743e+03    0.066550      308.4756         0.1867       308.4756     11344.4854       0.2819     4.7000e-14      18799.999
 0.221700   111740.0000    0.351884    9.9002e+00       2.5000    6.4732e+03    0.108301      315.2300         0.1883       315.2300     11344.4854       0.2785     4.7000e-14      18799.999
 0.222060   112099.9922    0.352708    2.8874e+01       2.5000    8.4593e+03    0.184956      318.5159         0.1891       318.5159     11344.4854       0.2768     4.7000e-14      18799.999
 0.222080   112120.0078    0.352754    2.8905e+01       2.5000    8.4615e+03    0.185055      318.6985         0.1891       318.6985     11344.4854       0.2767     4.7000e-14      18799.999
 0.222440   112480.0000    0.353579    3.9881e+01       2.5000    9.1706e+03    0.217368      321.9844         0.1899       321.9844     11344.4854       0.2750     4.7000e-14      18799.999
 0.222440   112480.0000    0.353579    3.9881e+01       2.5000    9.1706e+03    0.217368      321.9844         0.1899       321.9844     11344.4854       0.2750     4.7000e-14      18799.999
 0.222480   112520.0000    0.353670    9.8848e+01       2.5000    1.1507e+04    0.342213      322.3495         0.1900       322.3495     11344.4854       0.2748     4.7000e-14      18799.999
 0.222580   112620.0000    0.354094    1.4325e+02       2.5000    1.2625e+04    0.411965      321.3887         0.1900       321.3887     11344.4854       0.2744     4.7000e-14      18799.999
 0.222600   112640.0000    0.354189    6.7852e+02       2.5000    1.8625e+04    0.896588      321.1028         0.1899       321.1028     11344.4854       0.2743     4.7000e-14      18799.999
 0.222620   112660.0000    0.354283    2.7504e+02       2.5000    1.4861e+04    0.570833      320.8169         0.1899       320.8169     11344.4854       0.2742     4.7000e-14      18799.999
 0.222660   112700.0078    0.354472    8.2646e+01       2.5000    1.1003e+04    0.312914      320.2451         0.1899       320.2451     11344.4854       0.2741     4.7000e-14      18799.999
 0.222680   112720.0000    0.354567    3.8016e+01       2.5000    9.0615e+03    0.212226      319.9595         0.1899       319.9595     11344.4854       0.2740     4.7000e-14      18799.999
 0.223180   113220.0000    0.356929    1.0225e+01       2.5000    6.5256e+03    0.110063      312.8140         0.1893       312.8140     11344.4854       0.2719     4.7000e-14      18799.999
 0.223920   113960.0000    0.360425    5.0180e+00       2.5000    5.4618e+03    0.077104      302.2383         0.1886       302.2383     11344.4854       0.2688     4.7000e-14      18799.999
 0.224660   114700.0000    0.363922    4.8755e+00       2.5000    5.4226e+03    0.076002      291.6628         0.1878       291.6628     11344.4854       0.2657     4.7000e-14      18799.999
 0.225400   115440.0000    0.365944    4.4298e+00       2.5000    5.2942e+03    0.072445      303.3682         0.1888       303.3682     11344.4854       0.2623     4.7000e-14      18799.999
 0.226140   116180.0000    0.366715    4.4753e+00       2.5000    5.3077e+03    0.072815      334.0107         0.1915       334.0107     11344.4854       0.2588     4.7000e-14      18799.999
 0.226880   116920.0000    0.367485    7.5660e+00       2.5000    6.0523e+03    0.094677      364.6533         0.1941       364.6533     11344.4854       0.2553     4.7000e-14      18799.999
 0.227620   117660.0000    0.368191    3.3964e+00       2.5000    4.9541e+03    0.063434      388.0088         0.1965       388.0088     11344.4854       0.2522     4.7000e-14      18799.999
 0.228360   118400.0000    0.368561    4.5098e+00       2.5000    5.3180e+03    0.073096      373.7139         0.1975       373.7139     11344.4854       0.2508     4.7000e-14      18799.999
 0.229100   119140.0000    0.368931    4.4083e+00       2.5000    5.2878e+03    0.072268      359.4185         0.1985       359.4185     11344.4854       0.2494     4.7000e-14      18799.999
 0.229840   119880.0000    0.369301    3.8585e+00       2.5000    5.1146e+03    0.067611      345.1230         0.1995       345.1230     11344.4854       0.2480     4.7000e-14      18799.999
 0.230580   120620.0000    0.369770    3.8811e+00       2.5000    5.1220e+03    0.067809      351.9172         0.2007       351.9172     11344.4854       0.2462     4.7000e-14      18799.999
 0.231320   121360.0000    0.370266    3.9912e+00       2.5000    5.1580e+03    0.068764      364.5293         0.2021       364.5293     11344.4854       0.2443     4.7000e-14      18799.999
 0.232060   122100.0000    0.370763    4.3942e+00       2.5000    5.2836e+03    0.072153      377.1418         0.2035       377.1418     11344.4854       0.2424     4.7000e-14      18799.999
 0.232800   122840.0000    0.371827    1.4086e+01       2.5000    7.0698e+03    0.129186      383.3058         0.2028       383.3058     11344.4854       0.2419     4.7000e-14      18799.999
 0.233540   123580.0000    0.373722    7.4608e+00       2.5000    6.0312e+03    0.094017      380.0126         0.1991       380.0126     11344.4854       0.2435     4.7000e-14      18799.999
 0.233980   124020.0000    0.374850    2.9319e+01       2.5000    8.4916e+03    0.186373      378.0543         0.1969       378.0543     11344.4854       0.2444     4.7000e-14      18799.999
 0.234020   124059.9922    0.374952    1.6866e+01       2.5000    7.3954e+03    0.141358      377.8763         0.1967       377.8763     11344.4854       0.2445     4.7000e-14      18799.999
 0.234080   124120.0000    0.375106    2.9911e+01       2.5000    8.5342e+03    0.188248      377.6094         0.1964       377.6094     11344.4854       0.2446     4.7000e-14      18799.999
 0.234120   124160.0000    0.375208    3.0204e+01       2.5000    8.5551e+03    0.189168      377.4313         0.1962       377.4313     11344.4854       0.2447     4.7000e-14      18799.999
 0.234160   124200.0078    0.375311    2.7950e+01       2.5000    8.3908e+03    0.181972      377.2533         0.1960       377.2533     11344.4854       0.2448     4.7000e-14      18799.999
 0.234280   124320.0000    0.375618    1.8117e+01       2.5000    7.5288e+03    0.146505      376.7192         0.1954       376.7192     11344.4854       0.2450     4.7000e-14      18799.999
 0.234300   124340.0000    0.375670    2.5755e+01       2.5000    8.2210e+03    0.174681      376.6302         0.1953       376.6302     11344.4854       0.2451     4.7000e-14      18799.999
 0.234320   124360.0000    0.375721    2.5648e+01       2.5000    8.2124e+03    0.174316      376.5413         0.1952       376.5413     11344.4854       0.2451     4.7000e-14      18799.999
 0.234340   124380.0000    0.375772    2.6355e+01       2.5000    8.2684e+03    0.176704      376.4523         0.1951       376.4523     11344.4854       0.2452     4.7000e-14      18799.999
 0.234360   124399.9922    0.375823    2.5432e+01       2.5000    8.1950e+03    0.173580      376.3633         0.1950       376.3633     11344.4854       0.2452     4.7000e-14      18799.999
 0.235020   125060.0000    0.377525    7.8903e+00       2.5000    6.1162e+03    0.096685      373.2632         0.1917       373.2632     11344.4854       0.2466     4.7000e-14      18799.999
 0.235640   125680.0000    0.379460    7.2858e+01       2.5000    1.0662e+04    0.293800      365.4551         0.1900       365.4551     11344.4854       0.2462     4.7000e-14      18799.999
 0.235700   125740.0000    0.379647    2.3038e+02       2.5000    1.4217e+04    0.522443      364.6997         0.1898       364.6997     11344.4854       0.2462     4.7000e-14      18799.999
 0.235740   125780.0078    0.379772    3.9505e+01       2.5000    9.1489e+03    0.216341      364.1958         0.1897       364.1958     11344.4854       0.2461     4.7000e-14      18799.999
 0.235760   125800.0000    0.379834    5.9344e+01       2.5000    1.0129e+04    0.265156      363.9441         0.1896       363.9441     11344.4854       0.2461     4.7000e-14      18799.999
 0.235860   125900.0078    0.380146    3.1679e+01       2.5000    8.6576e+03    0.193731      362.6846         0.1894       362.6846     11344.4854       0.2461     4.7000e-14      18799.999
 0.235960   126000.0078    0.380458    2.6746e+01       2.5000    8.2989e+03    0.178009      361.4253         0.1891       361.4253     11344.4854       0.2460     4.7000e-14      18799.999
 0.236040   126080.0000    0.380708    3.1814e+01       2.5000    8.6668e+03    0.194143      360.4180         0.1888       360.4180     11344.4854       0.2459     4.7000e-14      18799.999
 0.236500   126540.0000    0.382143    5.8450e+00       2.5000    5.6742e+03    0.083216      354.6252         0.1875       354.6252     11344.4854       0.2457     4.7000e-14      18799.999
 0.237240   127280.0000    0.384452    6.4187e+00       2.5000    5.8086e+03    0.087204      345.3062         0.1854       345.3062     11344.4854       0.2452     4.7000e-14      18799.999
 0.237980   128020.0000    0.385597    8.7776e+00       2.5000    6.2813e+03    0.101977      330.6265         0.1838       330.6265     11344.4854       0.2455     4.7000e-14      18799.999
 0.238720   128760.0000    0.386112    4.6301e+00       2.5000    5.3531e+03    0.074064      313.0420         0.1825       313.0420     11344.4854       0.2462     4.7000e-14      18799.999
 0.239460   129500.0000    0.386627    3.7442e+00       2.5000    5.0763e+03    0.066603      295.4580         0.1812       295.4580     11344.4854       0.2470     4.7000e-14      18799.999
 0.240200   130240.0000    0.387397    1.2059e+01       2.5000    6.8004e+03    0.119528      295.1318         0.1804       295.1318     11344.4854       0.2470     4.7000e-14      18799.999
 0.240280   130320.0000    0.387555    2.8394e+01       2.5000    8.4239e+03    0.183412      300.1348         0.1804       300.1348     11344.4854       0.2467     4.7000e-14      18799.999
 0.240300   130340.0000    0.387595    2.9534e+01       2.5000    8.5072e+03    0.187057      301.3848         0.1804       301.3848     11344.4854       0.2467     4.7000e-14      18799.999
 0.240320   130360.0000    0.387634    2.9533e+01       2.5000    8.5072e+03    0.187055      302.6357         0.1805       302.6357     11344.4854       0.2466     4.7000e-14      18799.999
 0.240340   130379.9922    0.387674    2.6012e+01       2.5000    8.2414e+03    0.175549      303.8857         0.1805       303.8857     11344.4854       0.2466     4.7000e-14      18799.999
 0.240940   130980.0000    0.388857    1.1015e+01       2.5000    6.6481e+03    0.114235      341.4043         0.1807       341.4043     11344.4854       0.2450     4.7000e-14      18799.999
 0.241680   131720.0000    0.390317    4.7345e+00       2.5000    5.3830e+03    0.074895      387.6758         0.1811       387.6758     11344.4854       0.2430     4.7000e-14      18799.999
 0.242420   132460.0000    0.391776    6.3151e+00       2.5000    5.7850e+03    0.086497      433.9492         0.1815       433.9492     11344.4854       0.2410     4.7000e-14      18799.999
 0.243160   133200.0000    0.392227    3.9925e+00       2.5000    5.1584e+03    0.068776      406.9775         0.1820       406.9775     11344.4854       0.2400     4.7000e-14      18799.999
 0.243900   133940.0000    0.392556    2.8977e+00       2.5000    4.7612e+03    0.058592      371.1270         0.1826       371.1270     11344.4854       0.2391     4.7000e-14      18799.999
 0.244640   134680.0000    0.392884    4.7393e+00       2.5000    5.3844e+03    0.074932      335.2764         0.1831       335.2764     11344.4854       0.2381     4.7000e-14      18799.999
 0.245380   135420.0000    0.393218    3.9873e+00       2.5000    5.1567e+03    0.068731      324.6553         0.1864       324.6553     11344.4854       0.2345     4.7000e-14      18799.999
 0.246120   136160.0000    0.393556    3.6074e+00       2.5000    5.0293e+03    0.065375      337.9395         0.1923       337.9395     11344.4854       0.2282     4.7000e-14      18799.999
 0.246860   136900.0000    0.393894    4.4622e+00       2.5000    5.3039e+03    0.072709      351.2231         0.1981       351.2231     11344.4854       0.2220     4.7000e-14      18799.999
 0.247600   137640.0000    0.394230    3.7390e+00       2.5000    5.0745e+03    0.066556      362.9265         0.2032       362.9265     11344.4854       0.2166     4.7000e-14      18799.999
 0.248340   138380.0000    0.394547    3.5234e+00       2.5000    4.9997e+03    0.064609      364.5136         0.2030       364.5136     11344.4854       0.2164     4.7000e-14      18799.999
 0.249080   139120.0000    0.394864    4.0170e+00       2.5000    5.1663e+03    0.068986      366.1008         0.2028       366.1008     11344.4854       0.2162     4.7000e-14      18799.999
 0.249820   139860.0000    0.395182    3.6903e+00       2.5000    5.0579e+03    0.066121      367.6880         0.2026       367.6880     11344.4854       0.2161     4.7000e-14      18799.999
 0.250560   140600.0000    0.395785    1.8123e+01       2.5000    7.5295e+03    0.146532      371.7849         0.2045       371.7849     11344.4854       0.2135     4.7000e-14      18799.999
 0.251300   141340.0000    0.396480    4.7764e+00       2.5000    5.3949e+03    0.075225      376.6888         0.2071       376.6888     11344.4854       0.2102     4.7000e-14      18799.999
 0.252040   142080.0000    0.397175    3.6941e+00       2.5000    5.0592e+03    0.066156      381.5927         0.2096       381.5927     11344.4854       0.2069     4.7000e-14      18799.999
 0.252780   142820.0000    0.397725    3.0214e+00       2.5000    4.8113e+03    0.059830      381.5933         0.2116       381.5933     11344.4854       0.2043     4.7000e-14      18799.999
 0.253520   143560.0000    0.398037    5.3690e+00       2.5000    5.5549e+03    0.079755      373.5378         0.2126       373.5378     11344.4854       0.2029     4.7000e-14      18799.999
 0.254260   144300.0000    0.398349    3.0474e+00       2.5000    4.8216e+03    0.060087      365.4824         0.2136       365.4824     11344.4854       0.2016     4.7000e-14      18799.999
 0.255000   145040.0000    0.398661    4.0196e+00       2.5000    5.1672e+03    0.069009      357.4270         0.2146       357.4270     11344.4854       0.2002     4.7000e-14      18799.999
 0.255740   145780.0000    0.399027    3.8486e+00       2.5000    5.1113e+03    0.067525      372.3657         0.2154       372.3657     11344.4854       0.1990     4.7000e-14      18799.999
 0.256480   146520.0000    0.399394    4.1956e+00       2.5000    5.2228e+03    0.070504      387.3052         0.2163       387.3052     11344.4854       0.1978     4.7000e-14      18799.999
 0.257220   147260.0000    0.399760    4.5012e+00       2.5000    5.3154e+03    0.073026      402.2437         0.2171       402.2437     11344.4854       0.1965     4.7000e-14      18799.999
 0.257960   148000.0000    0.400139    3.3782e+00       2.5004    4.9471e+03    0.063264      402.5859         0.2191       402.5859     11344.4854       0.1941     4.7000e-14      18799.999
 0.258700   148740.0000    0.400525    4.3986e+00       2.5023    5.2825e+03    0.072189      394.0432         0.2219       394.0432     11344.4854       0.1909     4.7000e-14      18799.999
 0.259440   149480.0000    0.400911    3.6925e+00       2.5044    5.0543e+03    0.066141      385.5012         0.2246       385.5012     11344.4854       0.1877     4.7000e-14      18799.999
 0.260180   150220.0000    0.401338    5.2702e+00       2.5055    5.5231e+03    0.079018      376.3728         0.2263       376.3728     11344.4854       0.1856     4.7000e-14      18799.999
 0.260920   150960.0000    0.401894    5.5529e+00       2.5074    5.5936e+03    0.081109      365.4194         0.2247       365.4194     11344.4854       0.1866     4.7000e-14      18799.999
 0.261660   151700.0000    0.402451    5.7681e+00       2.5103    5.6438e+03    0.082667      354.4656         0.2230       354.4656     11344.4854       0.1876     4.7000e-14      18799.999
 0.262400   152440.0000    0.403007    4.3636e+00       2.5126    5.2611e+03    0.071901      343.5122         0.2213       343.5122     11344.4854       0.1887     4.7000e-14      18799.999
 0.263140   153180.0000    0.403708    4.6394e+00       2.5153    5.3395e+03    0.074139      370.1914         0.2219       370.1914     11344.4854       0.1874     4.7000e-14      18799.999
 0.263880   153920.0000    0.404433    6.7457e+00       2.5187    5.8593e+03    0.089398      402.7510         0.2227       402.7510     11344.4854       0.1857     4.7000e-14      18799.999
 0.264620   154660.0000    0.405157    7.3523e+00       2.5215    5.9835e+03    0.093331      435.3096         0.2236       435.3096     11344.4854       0.1840     4.7000e-14      18799.999
 0.265360   155400.0000    0.405851    7.0876e+00       2.5249    5.9249e+03    0.091635      455.9626         0.2246       455.9626     11344.4854       0.1823     4.7000e-14      18799.999
 0.266100   156140.0000    0.406512    4.5987e+00       2.5278    5.3146e+03    0.073812      464.0518         0.2256       464.0518     11344.4854       0.1805     4.7000e-14      18799.999
 0.266840   156880.0000    0.407174    4.6155e+00       2.5307    5.3163e+03    0.073947      472.1414         0.2267       472.1414     11344.4854       0.1787     4.7000e-14      18799.999
 0.267580   157620.0000    0.407826    3.5487e+00       2.5325    4.9765e+03    0.064840      474.9629         0.2274       474.9629     11344.4854       0.1773     4.7000e-14      18799.999
 0.268320   158360.0000    0.408398    4.9298e+00       2.5351    5.4000e+03    0.076424      434.3154         0.2252       434.3154     11344.4854       0.1788     4.7000e-14      18799.999
 0.269060   159100.0000    0.408970    4.5992e+00       2.5375    5.3045e+03    0.073816      393.6680         0.2231       393.6680     11344.4854       0.1803     4.7000e-14      18799.999
 0.269800   159840.0000    0.409541    4.9537e+00       2.5398    5.4014e+03    0.076608      353.0186         0.2209       353.0186     11344.4854       0.1818     4.7000e-14      18799.999
 0.270540   160580.0000    0.410051    5.1309e+00       2.5419    5.4469e+03    0.077967      345.3572         0.2234       345.3572     11344.4854       0.1788     4.7000e-14      18799.999
 0.271280   161320.0000    0.410538    4.9583e+00       2.5441    5.3982e+03    0.076644      349.9141         0.2275       349.9141     11344.4854       0.1741     4.7000e-14      18799.999
 0.272020   162060.0000    0.411024    4.9359e+00       2.5461    5.3899e+03    0.076471      354.4711         0.2317       354.4711     11344.4854       0.1694     4.7000e-14      18799.999
 0.272760   162800.0000    0.411497    4.7654e+00       2.5478    5.3409e+03    0.075138      362.0581         0.2348       362.0581     11344.4854       0.1657     4.7000e-14      18799.999
 0.273500   163540.0000    0.411944    4.1104e+00       2.5494    5.1455e+03    0.069784      375.2378         0.2361       375.2378     11344.4854       0.1640     4.7000e-14      18799.999
 0.274240   164280.0000    0.412390    4.5274e+00       2.5524    5.2682e+03    0.073238      388.4175         0.2374       388.4175     11344.4854       0.1622     4.7000e-14      18799.999
 0.274980   165020.0000    0.412837    3.8075e+00       2.5535    5.0439e+03    0.067163      401.5981         0.2386       401.5981     11344.4854       0.1604     4.7000e-14      18799.999
 0.275720   165760.0000    0.413134    3.8536e+00       2.5545    5.0582e+03    0.067569      393.7639         0.2377       393.7639     11344.4854       0.1610     4.7000e-14      18799.999
 0.276460   166500.0000    0.413426    3.8713e+00       2.5557    5.0627e+03    0.067724      385.3459         0.2368       385.3459     11344.4854       0.1616     4.7000e-14      18799.999
 0.277200   167240.0000    0.413718    4.3441e+00       2.5566    5.2097e+03    0.071740      376.9277         0.2359       376.9277     11344.4854       0.1623     4.7000e-14      18799.999
 0.277940   167980.0000    0.414377    4.0327e+00       2.5596    5.1109e+03    0.069122      376.4739         0.2344       376.4739     11344.4854       0.1631     4.7000e-14      18799.999
 0.278680   168720.0000    0.415285    1.1465e+01       2.5623    6.6329e+03    0.116548      381.4502         0.2324       381.4502     11344.4854       0.1640     4.7000e-14      18799.999
 0.279420   169460.0000    0.416193    5.6767e+00       2.5660    5.5600e+03    0.082009      386.4265         0.2305       386.4265     11344.4854       0.1649     4.7000e-14      18799.999
 0.279840   169879.9844    0.416709    2.0703e+01       2.5677    7.6809e+03    0.156612      389.2510         0.2295       389.2510     11344.4854       0.1654     4.7000e-14      18799.999
 0.279980   170020.0000    0.416880    1.0897e+01       2.5704    6.5388e+03    0.113623      390.1925         0.2291       390.1925     11344.4854       0.1656     4.7000e-14      18799.999
 0.280040   170080.0000    0.416953    2.1584e+01       2.5709    7.7565e+03    0.159911      390.3270         0.2290       390.3270     11344.4854       0.1655     4.7000e-14      18799.999
 0.280080   170119.9844    0.417001    3.0088e+01       2.5721    8.4261e+03    0.188804      390.3270         0.2291       390.3270     11344.4854       0.1655     4.7000e-14      18799.999
 0.280140   170180.0156    0.417074    1.8462e+01       2.5735    7.4556e+03    0.147894      390.3270         0.2291       390.3270     11344.4854       0.1654     4.7000e-14      18799.999
 0.280160   170200.0000    0.417098    1.1794e+01       2.5738    6.6651e+03    0.118206      390.3270         0.2291       390.3270     11344.4854       0.1654     4.7000e-14      18799.999
 0.280240   170280.0000    0.417194    1.6270e+01       2.5753    7.2212e+03    0.138837      390.3270         0.2291       390.3270     11344.4854       0.1652     4.7000e-14      18799.999
 0.280900   170940.0000    0.417989    6.5243e+00       2.5790    5.7423e+03    0.087918      390.3270         0.2292       390.3270     11344.4854       0.1642     4.7000e-14      18799.999
 0.281640   171680.0000    0.418881    4.3958e+00       2.5806    5.2008e+03    0.072166      390.3270         0.2294       390.3270     11344.4854       0.1630     4.7000e-14      18799.999
 0.282380   172420.0000    0.419772    4.9853e+00       2.5824    5.3652e+03    0.076852      390.3270         0.2295       390.3270     11344.4854       0.1619     4.7000e-14      18799.999
 0.283120   173160.0000    0.420248    3.9514e+00       2.5841    5.0607e+03    0.068421      391.7582         0.2305       391.7582     11344.4854       0.1604     4.7000e-14      18799.999
 0.283860   173900.0000    0.420642    7.1428e+00       2.5861    5.8657e+03    0.091991      393.4664         0.2317       393.4664     11344.4854       0.1587     4.7000e-14      18799.999
 0.284600   174640.0000    0.421037    3.9593e+00       2.5877    5.0597e+03    0.068489      395.1747         0.2328       395.1747     11344.4854       0.1571     4.7000e-14      18799.999
 0.285340   175380.0000    0.421515    5.1122e+00       2.5894    5.3918e+03    0.077825      401.0569         0.2338       401.0569     11344.4854       0.1557     4.7000e-14      18799.999
 0.286080   176120.0000    0.422091    5.4712e+00       2.5926    5.4806e+03    0.080511      411.8484         0.2345       411.8484     11344.4854       0.1543     4.7000e-14      18799.999
 0.286820   176860.0000    0.422667    4.0621e+00       2.5943    5.0857e+03    0.069372      422.6404         0.2351       422.6404     11344.4854       0.1530     4.7000e-14      18799.999
 0.287560   177600.0000    0.423253    4.8392e+00       2.5968    5.3107e+03    0.075718      431.6821         0.2356       431.6821     11344.4854       0.1519     4.7000e-14      18799.999
 0.287940   177980.0000    0.423617    1.4745e+01       2.5978    7.0151e+03    0.132171      426.1401         0.2348       426.1401     11344.4854       0.1524     4.7000e-14      18799.999
 0.287960   177999.9844    0.423636    3.7379e+01       2.5981    8.8514e+03    0.210439      425.8486         0.2347       425.8486     11344.4854       0.1524     4.7000e-14      18799.999
 0.287980   178019.9844    0.423655    1.7517e+01       2.5988    7.3224e+03    0.144062      425.5566         0.2347       425.5566     11344.4854       0.1524     4.7000e-14      18799.999
 0.288000   178039.9844    0.423674    1.3863e+01       2.5992    6.9059e+03    0.128155      425.2651         0.2346       425.2651     11344.4854       0.1524     4.7000e-14      18799.999
 0.288020   178060.0156    0.423693    1.7150e+01       2.5993    7.2830e+03    0.142543      424.9731         0.2346       424.9731     11344.4854       0.1525     4.7000e-14      18799.999
 0.288300   178340.0000    0.423961    3.6269e+00       2.6009    4.9374e+03    0.065551      420.8896         0.2339       420.8896     11344.4854       0.1528     4.7000e-14      18799.999
 0.289040   179080.0000    0.424668    6.1674e+00       2.6028    5.6361e+03    0.085480      410.0981         0.2322       410.0981     11344.4854       0.1537     4.7000e-14      18799.999
 0.289780   179820.0000    0.425376    5.2888e+00       2.6058    5.4206e+03    0.079157      399.3062         0.2305       399.3062     11344.4854       0.1546     4.7000e-14      18799.999
 0.290520   180560.0000    0.425792    3.8117e+00       2.6085    4.9919e+03    0.067200      390.2686         0.2304       390.2686     11344.4854       0.1543     4.7000e-14      18799.999
 0.291260   181300.0000    0.426085    3.8123e+00       2.6090    4.9915e+03    0.067205      381.9736         0.2308       381.9736     11344.4854       0.1536     4.7000e-14      18799.999
 0.292000   182040.0000    0.426378    3.7479e+00       2.6100    4.9694e+03    0.066635      373.6785         0.2313       373.6785     11344.4854       0.1528     4.7000e-14      18799.999
 0.292740   182780.0000    0.426675    4.2465e+00       2.6111    5.1259e+03    0.070930      370.7642         0.2319       370.7642     11344.4854       0.1518     4.7000e-14      18799.999
 0.293480   183520.0000    0.426980    4.3575e+00       2.6124    5.1578e+03    0.071851      379.0596         0.2329       379.0596     11344.4854       0.1504     4.7000e-14      18799.999
 0.294220   184260.0000    0.427285    4.4920e+00       2.6137    5.1959e+03    0.072951      387.3545         0.2339       387.3545     11344.4854       0.1491     4.7000e-14      18799.999
 0.294960   185000.0000    0.427590    4.4139e+00       2.6149    5.1719e+03    0.072315      395.6497         0.2350       395.6497     11344.4854       0.1477     4.7000e-14      18799.999
 0.295700   185740.0000    0.428016    4.7583e+00       2.6170    5.2679e+03    0.075082      399.4015         0.2386       399.4015     11344.4854       0.1436     4.7000e-14      18799.999
 0.296440   186480.0000    0.428447    4.2457e+00       2.6187    5.1183e+03    0.070923      402.8937         0.2425       402.8937     11344.4854       0.1393     4.7000e-14      18799.999
 0.297180   187220.0000    0.428879    4.6396e+00       2.6204    5.2313e+03    0.074140      406.3859         0.2463       406.3859     11344.4854       0.1350     4.7000e-14      18799.999
 0.297920   187960.0000    0.429907    4.0036e+00       2.6221    5.0404e+03    0.068871      404.9446         0.2475       404.9446     11344.4854       0.1326     4.7000e-14      18799.999
 0.298280   188320.0000    0.430628    1.4656e+01       2.6227    6.9712e+03    0.131771      402.4146         0.2471       402.4146     11344.4854       0.1322     4.7000e-14      18799.999
 0.298320   188360.0000    0.430708    2.4557e+01       2.6236    7.9300e+03    0.170569      402.1335         0.2471       402.1335     11344.4854       0.1322     4.7000e-14      18799.999
 0.298360   188399.9844    0.430788    4.3683e+01       2.6247    9.1562e+03    0.227494      401.8523         0.2470       401.8523     11344.4854       0.1321     4.7000e-14      18799.999
 0.298480   188520.0000    0.431028    2.3257e+01       2.6294    7.8141e+03    0.165992      401.0090         0.2469       401.0090     11344.4854       0.1320     4.7000e-14      18799.999
 0.298540   188580.0000    0.431148    1.8892e+01       2.6304    7.4171e+03    0.149608      400.5874         0.2468       400.5874     11344.4854       0.1319     4.7000e-14      18799.999
 0.298660   188700.0000    0.431389    1.3040e+01       2.6327    6.7576e+03    0.124294      399.7439         0.2467       399.7439     11344.4854       0.1318     4.7000e-14      18799.999
 0.298860   188900.0156    0.431789    1.6132e+01       2.6351    7.1236e+03    0.138247      398.3384         0.2465       398.3384     11344.4854       0.1315     4.7000e-14      18799.999
 0.299000   189039.9844    0.432070    1.3540e+01       2.6361    6.8172e+03    0.126654      397.3547         0.2463       397.3547     11344.4854       0.1314     4.7000e-14      18799.999
 0.299040   189079.9844    0.432150    1.0815e+01       2.6364    6.4442e+03    0.113193      397.0737         0.2463       397.0737     11344.4854       0.1313     4.7000e-14      18799.999
 0.299060   189099.9844    0.432190    8.4103e+00       2.6366    6.0514e+03    0.099820      396.9331         0.2463       396.9331     11344.4854       0.1313     4.7000e-14      18799.999
 0.299080   189120.0156    0.432230    1.2034e+01       2.6369    6.6181e+03    0.119405      396.7922         0.2462       396.7922     11344.4854       0.1313     4.7000e-14      18799.999
 0.299100   189140.0156    0.432270    1.3560e+01       2.6373    6.8182e+03    0.126751      396.6519         0.2462       396.6519     11344.4854       0.1313     4.7000e-14      18799.999
 0.299400   189440.0000    0.432871    9.1861e+00       2.6390    6.1836e+03    0.104323      394.5437         0.2459       394.5437     11344.4854       0.1309     4.7000e-14      18799.999
 0.300140   190180.0000    0.434169    7.1242e+00       2.6428    5.7987e+03    0.091871      390.9780         0.2453       390.9780     11344.4854       0.1301     4.7000e-14      18799.999
 0.300880   190920.0000    0.434681    5.7264e+00       2.6459    5.4874e+03    0.082367      394.4198         0.2454       394.4198     11344.4854       0.1294     4.7000e-14      18799.999
 0.301620   191660.0000    0.435193    5.2664e+00       2.6473    5.3723e+03    0.078990      397.8613         0.2456       397.8613     11344.4854       0.1287     4.7000e-14      18799.999
 0.302360   192400.0000    0.435705    4.4317e+00       2.6489    5.1438e+03    0.072460      401.3029         0.2457       401.3029     11344.4854       0.1279     4.7000e-14      18799.999
 0.303100   193140.0000    0.436055    4.3793e+00       2.6503    5.1272e+03    0.072030      388.7866         0.2451       388.7866     11344.4854       0.1282     4.7000e-14      18799.999
 0.303840   193880.0000    0.436366    4.3631e+00       2.6517    5.1211e+03    0.071897      372.5459         0.2442       372.5459     11344.4854       0.1287     4.7000e-14      18799.999
 0.304580   194620.0000    0.436678    3.5025e+00       2.6532    4.8461e+03    0.064417      356.3062         0.2433       356.3062     11344.4854       0.1292     4.7000e-14      18799.999
 0.305320   195360.0000    0.436997    4.0453e+00       2.6540    5.0230e+03    0.069229      348.4122         0.2416       348.4122     11344.4854       0.1306     4.7000e-14      18799.999
 0.306060   196100.0000    0.437327    4.4846e+00       2.6559    5.1523e+03    0.072891      351.4722         0.2388       351.4722     11344.4854       0.1331     4.7000e-14      18799.999
 0.306800   196840.0000    0.437656    3.7844e+00       2.6572    4.9370e+03    0.066960      354.5323         0.2360       354.5323     11344.4854       0.1355     4.7000e-14      18799.999
 0.307540   197580.0000    0.438308    4.2207e+00       2.6583    5.0725e+03    0.070714      359.8418         0.2330       359.8418     11344.4854       0.1377     4.7000e-14      18799.999
 0.308280   198320.0000    0.444606    5.3049e+00       2.6603    5.3689e+03    0.079278      404.5117         0.2275       404.5117     11344.4854       0.1363     4.7000e-14      18799.999
 0.309020   199060.0000    0.450903    4.3483e+00       2.6622    5.1067e+03    0.071775      449.1816         0.2220       449.1816     11344.4854       0.1349     4.7000e-14      18799.999
 0.309520   199560.0156    0.455158    1.4715e+01       2.6635    6.9246e+03    0.132036      479.3633         0.2183       479.3633     11344.4854       0.1339     4.7000e-14      18799.999
 0.309640   199679.9844    0.456179    9.1283e+01       2.6661    1.0923e+04    0.328857      486.6074         0.2174       486.6074     11344.4854       0.1337     4.7000e-14      18799.999
 0.309740   199780.0156    0.457031    6.2604e+02       2.6930    1.7588e+04    0.861223      492.6445         0.2166       492.6445     11344.4854       0.1335     4.7000e-14      18799.999
 0.309760   199800.0000    0.457201    3.3053e+02       2.7025    1.4966e+04    0.625775      493.8516         0.2165       493.8516     11344.4854       0.1334     4.7000e-14      18799.999
 0.309760   199800.0000    0.457201    3.3053e+02       2.7025    1.4966e+04    0.625775      493.8516         0.2165       493.8516     11344.4854       0.1334     4.7000e-14      18799.999
 0.309880   199919.9844    0.458222    8.2551e+01       2.7414    1.0504e+04    0.312733      501.0938         0.2156       501.0938     11344.4854       0.1332     4.7000e-14      18799.999
 0.309900   199939.9844    0.458392    5.6723e+01       2.7439    9.5594e+03    0.259235      502.3008         0.2155       502.3008     11344.4854       0.1332     4.7000e-14      18799.999
 0.309940   199980.0156    0.458733    2.6758e+01       2.7460    7.9193e+03    0.178050      504.7168         0.2152       504.7168     11344.4854       0.1331     4.7000e-14      18799.999
 0.310220   200260.0000    0.459621    1.2723e+01       2.7477    6.5741e+03    0.122776      498.4600         0.2127       498.4600     11344.4854       0.1346     4.7000e-14      18799.999
 0.310500   200540.0000    0.460102    4.6999e+00       2.7489    5.1241e+03    0.074620      485.8896         0.2101       485.8896     11344.4854       0.1366     4.7000e-14      18799.999
 0.310640   200680.0156    0.460343    1.2676e+01       2.7493    6.5662e+03    0.122546      479.6035         0.2089       479.6035     11344.4854       0.1376     4.7000e-14      18799.999
 0.310660   200700.0000    0.460377    1.2494e+01       2.7495    6.5422e+03    0.121663      478.7061         0.2087       478.7061     11344.4854       0.1377     4.7000e-14      18799.999
 0.310800   200839.9844    0.460617    2.3513e+01       2.7502    7.6616e+03    0.166903      472.4209         0.2074       472.4209     11344.4854       0.1387     4.7000e-14      18799.999
 0.310820   200860.0156    0.460652    4.0722e+01       2.7509    8.7881e+03    0.219647      471.5225         0.2072       471.5225     11344.4854       0.1389     4.7000e-14      18799.999
 0.310860   200900.0156    0.460720    3.3149e+01       2.7526    8.3450e+03    0.198176      469.7266         0.2068       469.7266     11344.4854       0.1391     4.7000e-14      18799.999
 0.311060   201100.0156    0.461064    1.5157e+01       2.7576    6.8559e+03    0.134006      460.7471         0.2050       460.7471     11344.4854       0.1406     4.7000e-14      18799.999
 0.311240   201280.0000    0.461373    8.4628e+00       2.7598    5.9241e+03    0.100131      452.6670         0.2034       452.6670     11344.4854       0.1419     4.7000e-14      18799.999
 0.311400   201440.0000    0.461648    1.4447e+01       2.7618    6.7690e+03    0.130829      445.4834         0.2019       445.4834     11344.4854       0.1430     4.7000e-14      18799.999
 0.311980   202020.0000    0.462645    3.7888e+00       2.7642    4.8419e+03    0.066998      419.4434         0.1966       419.4434     11344.4854       0.1472     4.7000e-14      18799.999
 0.312720   202760.0000    0.463629    4.1709e+00       2.7648    4.9591e+03    0.070296      393.1602         0.1926       393.1602     11344.4854       0.1501     4.7000e-14      18799.999
 0.313460   203500.0000    0.463934    4.8593e+00       2.7660    5.1510e+03    0.075875      383.2783         0.1950       383.2783     11344.4854       0.1473     4.7000e-14      18799.999
 0.314200   204240.0000    0.464238    4.4714e+00       2.7677    5.0435e+03    0.072784      373.3955         0.1974       373.3955     11344.4854       0.1446     4.7000e-14      18799.999
 0.314940   204980.0000    0.464543    3.6751e+00       2.7690    4.8011e+03    0.065985      363.5137         0.1998       363.5137     11344.4854       0.1418     4.7000e-14      18799.999
 0.315680   205720.0000    0.464903    4.3369e+00       2.7696    5.0034e+03    0.071681      383.4492         0.2041       383.4492     11344.4854       0.1372     4.7000e-14      18799.999
 0.316420   206460.0000    0.465268    4.7176e+00       2.7707    5.1087e+03    0.074760      406.0156         0.2085       406.0156     11344.4854       0.1323     4.7000e-14      18799.999
 0.317160   207200.0000    0.465632    5.3740e+00       2.7726    5.2760e+03    0.079792      428.5840         0.2130       428.5840     11344.4854       0.1274     4.7000e-14      18799.999
 0.317900   207940.0000    0.468234    3.1800e+00       2.7752    4.6253e+03    0.061380      438.9520         0.2131       438.9520     11344.4854       0.1245     4.7000e-14      18799.999
 0.318480   208520.0156    0.471763    1.3920e+01       2.7757    6.6897e+03    0.128421      438.9520         0.2102       438.9520     11344.4854       0.1234     4.7000e-14      18799.999
 0.318640   208680.0000    0.472736    2.2939e+01       2.7768    7.5778e+03    0.164854      438.9520         0.2094       438.9520     11344.4854       0.1231     4.7000e-14      18799.999
 0.318720   208760.0156    0.473223    2.9455e+01       2.7786    8.0641e+03    0.186807      438.9520         0.2091       438.9520     11344.4854       0.1230     4.7000e-14      18799.999
 0.318900   208939.9844    0.474318    1.4989e+02       2.7812    1.2106e+04    0.421408      438.9520         0.2082       438.9520     11344.4854       0.1226     4.7000e-14      18799.999
 0.318940   208980.0156    0.474562    4.2118e+02       2.7932    1.5640e+04    0.706389      438.9520         0.2080       438.9520     11344.4854       0.1226     4.7000e-14      18799.999
 0.318980   209020.0156    0.474805    1.9817e+02       2.8041    1.2928e+04    0.484539      438.9520         0.2078       438.9520     11344.4854       0.1225     4.7000e-14      18799.999
 0.319080   209120.0000    0.475413    4.9842e+01       2.8245    9.1223e+03    0.243002      438.9520         0.2073       438.9520     11344.4854       0.1223     4.7000e-14      18799.999
 0.319140   209179.9844    0.475778    2.0548e+01       2.8264    7.3072e+03    0.156024      438.9520         0.2070       438.9520     11344.4854       0.1222     4.7000e-14      18799.999
 0.319180   209220.0156    0.476022    1.4563e+01       2.8268    6.7042e+03    0.131354      438.9520         0.2068       438.9520     11344.4854       0.1221     4.7000e-14      18799.999
 0.319380   209420.0000    0.477239    1.4360e+01       2.8296    6.6774e+03    0.130434      438.9520         0.2058       438.9520     11344.4854       0.1218     4.7000e-14      18799.999
 0.320120   210160.0000    0.481126    1.2003e+01       2.8388    6.3742e+03    0.119250      438.0442         0.2025       438.0442     11344.4854       0.1207     4.7000e-14      18799.999
 0.320220   210259.9844    0.481221    1.3284e+01       2.8398    6.5368e+03    0.125453      437.2881         0.2023       437.2881     11344.4854       0.1208     4.7000e-14      18799.999
 0.320860   210900.0000    0.481832    5.1329e+00       2.8428    5.1510e+03    0.077982      432.4480         0.2011       432.4480     11344.4854       0.1214     4.7000e-14      18799.999
 0.321600   211640.0000    0.482538    4.3846e+00       2.8443    4.9508e+03    0.072074      426.8521         0.1997       426.8521     11344.4854       0.1220     4.7000e-14      18799.999
 0.321920   211960.0156    0.482843    1.1203e+01       2.8452    6.2583e+03    0.115205      424.4319         0.1991       424.4319     11344.4854       0.1222     4.7000e-14      18799.999
 0.322340   212380.0000    0.483244    6.1306e+00       2.8469    5.3811e+03    0.085225      421.2556         0.1983       421.2556     11344.4854       0.1226     4.7000e-14      18799.999
 0.323080   213120.0000    0.483807    4.9709e+00       2.8486    5.1047e+03    0.076742      430.5894         0.2007       430.5894     11344.4854       0.1196     4.7000e-14      18799.999
 0.323820   213860.0000    0.484329    5.7319e+00       2.8501    5.2884e+03    0.082407      444.0410         0.2041       444.0410     11344.4854       0.1155     4.7000e-14      18799.999
 0.324560   214600.0000    0.484852    8.4341e+00       2.8529    5.8216e+03    0.099961      457.4927         0.2076       457.4927     11344.4854       0.1115     4.7000e-14      18799.999
 0.325300   215340.0000    0.485332    5.4726e+00       2.8562    5.2219e+03    0.080521      466.3169         0.2100       466.3169     11344.4854       0.1085     4.7000e-14      18799.999
 0.326040   216080.0000    0.485750    4.7497e+00       2.8577    5.0389e+03    0.075015      468.3539         0.2110       468.3539     11344.4854       0.1070     4.7000e-14      18799.999
 0.326780   216820.0000    0.486168    4.5089e+00       2.8591    4.9726e+03    0.073088      470.3910         0.2120       470.3910     11344.4854       0.1056     4.7000e-14      18799.999
 0.327520   217560.0000    0.486586    5.2808e+00       2.8608    5.1714e+03    0.079097      472.2635         0.2129       472.2635     11344.4854       0.1042     4.7000e-14      18799.999
 0.328260   218300.0000    0.487004    5.9520e+00       2.8628    5.3266e+03    0.083974      468.2191         0.2122       468.2191     11344.4854       0.1044     4.7000e-14      18799.999
 0.329000   219040.0000    0.487422    4.9037e+00       2.8645    5.0732e+03    0.076221      464.1747         0.2115       464.1747     11344.4854       0.1047     4.7000e-14      18799.999
 0.329740   219780.0000    0.487839    5.2444e+00       2.8659    5.1578e+03    0.078824      460.1302         0.2108       460.1302     11344.4854       0.1049     4.7000e-14      18799.999
 0.330480   220520.0000    0.488155    6.3380e+00       2.8680    5.4060e+03    0.086654      458.7090         0.2107       458.7090     11344.4854       0.1047     4.7000e-14      18799.999
 0.330620   220659.9844    0.488204    1.5703e+01       2.8685    6.7818e+03    0.136398      458.7090         0.2108       458.7090     11344.4854       0.1046     4.7000e-14      18799.999
 0.330640   220679.9844    0.488211    1.2670e+01       2.8688    6.4273e+03    0.122521      458.7090         0.2108       458.7090     11344.4854       0.1046     4.7000e-14      18799.999
 0.331220   221260.0000    0.488415    3.8217e+00       2.8696    4.7624e+03    0.067288      458.7090         0.2109       458.7090     11344.4854       0.1042     4.7000e-14      18799.999
 0.331960   222000.0000    0.488675    3.6131e+00       2.8700    4.6958e+03    0.065426      458.7090         0.2112       458.7090     11344.4854       0.1037     4.7000e-14      18799.999
 0.332700   222740.0000    0.488908    3.7954e+00       2.8704    4.7535e+03    0.067056      455.1265         0.2113       455.1265     11344.4854       0.1032     4.7000e-14      18799.999
 0.333440   223480.0000    0.489067    3.7794e+00       2.8708    4.7482e+03    0.066915      441.8706         0.2114       441.8706     11344.4854       0.1030     4.7000e-14      18799.999
 0.334180   224220.0000    0.489227    3.8514e+00       2.8715    4.7701e+03    0.067550      428.6152         0.2115       428.6152     11344.4854       0.1027     4.7000e-14      18799.999
 0.334920   224960.0000    0.489386    4.5094e+00       2.8724    4.9612e+03    0.073092      415.3594         0.2116       415.3594     11344.4854       0.1025     4.7000e-14      18799.999
 0.335660   225700.0000    0.489615    4.2889e+00       2.8734    4.8986e+03    0.071283      427.5391         0.2125       427.5391     11344.4854       0.1012     4.7000e-14      18799.999
 0.336400   226440.0000    0.489853    4.3131e+00       2.8744    4.9046e+03    0.071484      442.8022         0.2136       442.8022     11344.4854       0.0999     4.7000e-14      18799.999
 0.337140   227180.0000    0.490090    4.4668e+00       2.8753    4.9469e+03    0.072746      458.0654         0.2147       458.0654     11344.4854       0.0986     4.7000e-14      18799.999
 0.337880   227920.0000    0.490324    4.8964e+00       2.8766    5.0607e+03    0.076165      465.4910         0.2145       465.4910     11344.4854       0.0985     4.7000e-14      18799.999
 0.341500   231540.0156    0.491509    1.1222e+01       2.8816    6.2213e+03    0.115307      478.0623         0.2104       478.0623     11344.4854       0.1012     4.7000e-14      18799.999
 0.342980   233020.0000    0.491938    3.6512e+00       2.8831    4.6974e+03    0.065771      473.6953         0.2094       473.6953     11344.4854       0.1018     4.7000e-14      18799.999
