Time (Myr)  Time-t0 (yr) Mstar (Msun)  Lstar (Lsun)  Rstar (Rsun)  Tstar (K)  Rdisk_in (AU)  Rdisk_out (AU)  Mdisk (Msun)  Renv_in (AU)  Renv_out (AU)  Menv (Msun)  Omega_0 (1/s)   c_s (cm/s)
 0.179300        0.0000        -NaN    0.0000e+00    1078.0000    0.0000e+00    0.000000        0.0000         0.0000         4.8722     18563.7031         -NaN     2.9000e-14      18799.999
 0.181800     2500.0000    0.026341    5.9045e-03    1078.0000    4.8715e+01    0.002645        0.0000         0.0000         4.8722     18563.7031       1.3597     2.9000e-14      18799.999
 0.184300     5000.0000    0.046884    9.3849e-03    1078.0000    5.4698e+01    0.003334        0.0000         0.0000         4.8722     18563.7031       1.3373     2.9000e-14      18799.999
 0.186800     7500.0000    0.065475    1.2245e-02    1077.9600    5.8461e+01    0.003809        0.0000         0.0000         4.8722     18563.7031       1.3201     2.9000e-14      18799.999
 0.189300    10000.0000    0.082974    1.4796e-02    1077.3300    6.1311e+01    0.004187        0.0000         0.0000         4.8722     18563.7031       1.3011     2.9000e-14      18799.999
 0.191800    12500.0000    0.099687    1.7236e-02    1071.7800    6.3861e+01    0.004519        0.0000         0.0000         4.8722     18563.7031       1.2857     2.9000e-14      18799.999
 0.194300    15000.0000    0.110713    6.5850e-03    1039.5000    5.0980e+01    0.002793       12.6095         0.0052        12.6095     18563.7031       1.2680     2.9000e-14      18799.999
 0.196800    17500.0000    0.117061    1.4978e-02     901.9130    6.7213e+01    0.004212       28.4729         0.0143        28.4729     18563.7031       1.2513     2.9000e-14      18799.999
 0.199300    20000.0000    0.122443    1.9138e-02     540.3300    9.2325e+01    0.004762       39.9127         0.0237        39.9127     18563.7031       1.2359     2.9000e-14      18799.999
 0.201800    22500.0000    0.128777    7.2643e-02     207.0760    2.0817e+02    0.009277       49.0503         0.0317        49.0503     18563.7031       1.2208     2.9000e-14      18799.999
 0.204300    25000.0000    0.135078    2.6374e-01      75.7502    4.7509e+02    0.017677       56.4614         0.0395        56.4614     18563.7031       1.2061     2.9000e-14      18799.999
 0.206800    27500.0000    0.141541    5.6839e-01      30.8329    9.0226e+02    0.025950       67.8598         0.0468        67.8598     18563.7031       1.1915     2.9000e-14      18799.999
 0.209300    30000.0000    0.148965    2.3924e+00      14.3741    1.8928e+03    0.053239       77.5036         0.0528        77.5036     18563.7031       1.1773     2.9000e-14      18799.999
 0.211800    32500.0000    0.157273    4.8819e+00       7.8335    3.0644e+03    0.076051       87.4796         0.0576        87.4796     18563.7031       1.1633     2.9000e-14      18799.999
 0.214300    35000.0000    0.164731    4.9438e+00       5.0420    3.8317e+03    0.076532      114.3723         0.0634       114.3723     18563.7031       1.1492     2.9000e-14      18799.999
 0.216800    37500.0000    0.170353    3.3730e+00       3.7751    4.0246e+03    0.063215       99.7581         0.0706        99.7581     18563.7031       1.1358     2.9000e-14      18799.999
 0.219300    40000.0000    0.176330    9.1547e+00       3.1687    5.6383e+03    0.104144      103.9011         0.0774       103.9011     18563.7031       1.1223     2.9000e-14      18799.999
 0.221800    42500.0000    0.183926    8.1183e+00       2.8647    5.7544e+03    0.098072      156.1621         0.0831       156.1621     18563.7031       1.1081     2.9000e-14      18799.999
 0.222720    43419.9961    0.187207    4.0011e+01       2.7944    8.6812e+03    0.217723      173.5222         0.0847       173.5222     18563.7031       1.1030     2.9000e-14      18799.999
 0.224300    45000.0000    0.194500    1.2254e+01       2.7059    6.5628e+03    0.120490      166.8375         0.0848       166.8375     18563.7031       1.0947     2.9000e-14      18799.999
 0.226800    47500.0000    0.201097    4.0497e+00       2.6199    5.0569e+03    0.069267      143.6880         0.0901       143.6880     18563.7031       1.0821     2.9000e-14      18799.999
 0.229300    50000.0000    0.205474    6.6529e+00       2.5718    5.7784e+03    0.088781      154.1941         0.0986       154.1941     18563.7031       1.0687     2.9000e-14      18799.999
 0.231800    52500.0000    0.211996    5.8968e+00       2.5441    5.6372e+03    0.083584      137.0459         0.1045       137.0459     18563.7031       1.0556     2.9000e-14      18799.999
 0.232580    53280.0078    0.214411    7.7108e+01       2.5380    1.0733e+04    0.302247      130.4668         0.1057       130.4668     18563.7031       1.0517     2.9000e-14      18799.999
 0.232600    53300.0039    0.214496    5.7447e+01       2.5379    9.9714e+03    0.260882      131.1826         0.1057       131.1826     18563.7031       1.0516     2.9000e-14      18799.999
 0.232640    53339.9961    0.214667    4.2260e+01       2.5376    9.2352e+03    0.223758      132.6152         0.1057       132.6152     18563.7031       1.0515     2.9000e-14      18799.999
 0.232780    53479.9961    0.215265    4.9808e+01       2.5366    9.6244e+03    0.242919      137.6299         0.1056       137.6299     18563.7031       1.0509     2.9000e-14      18799.999
 0.234300    55000.0000    0.221756    4.5882e+00       2.5277    5.3116e+03    0.073729      192.0752         0.1048       192.0752     18563.7031       1.0444     2.9000e-14      18799.999
 0.236800    57500.0000    0.228458    5.1332e+00       2.5177    5.4735e+03    0.077984      198.7637         0.1116       198.7637     18563.7031       1.0302     2.9000e-14      18799.999
 0.239300    60000.0000    0.232844    4.6814e+00       2.5116    5.3554e+03    0.074473      164.4880         0.1170       164.4880     18563.7031       1.0199     2.9000e-14      18799.999
 0.241800    62500.0000    0.238653    4.7664e+00       2.5077    5.3838e+03    0.075146      166.7606         0.1254       166.7606     18563.7031       1.0051     2.9000e-14      18799.999
 0.244300    65000.0000    0.245512    1.4520e+01       2.5052    7.1161e+03    0.131156      183.9105         0.1324       183.9105     18563.7031       0.9904     2.9000e-14      18799.999
 0.246800    67500.0000    0.252557    2.8646e+00       2.5036    4.7442e+03    0.058256      195.1642         0.1384       195.1642     18563.7031       0.9766     2.9000e-14      18799.999
 0.249300    70000.0000    0.262913    2.5133e+00       2.5025    4.5926e+03    0.054568      193.3183         0.1401       193.3183     18563.7031       0.9634     2.9000e-14      18799.999
 0.249600    70299.9922    0.264310    4.7993e+01       2.5024    9.6005e+03    0.238452      192.5879         0.1402       192.5879     18563.7031       0.9618     2.9000e-14      18799.999
 0.249620    70320.0078    0.264403    4.9221e+01       2.5024    9.6614e+03    0.241484      192.5392         0.1402       192.5392     18563.7031       0.9617     2.9000e-14      18799.999
 0.249640    70340.0000    0.264496    4.5590e+01       2.5024    9.4780e+03    0.232405      192.4905         0.1402       192.4905     18563.7031       0.9616     2.9000e-14      18799.999
 0.249860    70560.0078    0.265520    5.0382e+01       2.5023    9.7180e+03    0.244316      191.9548         0.1402       191.9548     18563.7031       0.9605     2.9000e-14      18799.999
 0.249880    70580.0000    0.265613    5.2269e+01       2.5023    9.8078e+03    0.248849      191.9061         0.1402       191.9061     18563.7031       0.9604     2.9000e-14      18799.999
 0.249920    70619.9922    0.265800    3.1164e+01       2.5023    8.6184e+03    0.192151      191.8088         0.1402       191.8088     18563.7031       0.9602     2.9000e-14      18799.999
 0.249960    70660.0078    0.265986    4.8575e+01       2.5023    9.6297e+03    0.239893      191.7113         0.1402       191.7113     18563.7031       0.9600     2.9000e-14      18799.999
 0.249980    70680.0000    0.266079    4.9743e+01       2.5023    9.6871e+03    0.242760      191.6627         0.1402       191.6627     18563.7031       0.9599     2.9000e-14      18799.999
 0.251800    72500.0000    0.272244    9.5006e+00       2.5017    6.4046e+03    0.106093      209.9993         0.1373       209.9993     18563.7031       0.9559     2.9000e-14      18799.999
 0.254300    75000.0000    0.277833    8.9103e+00       2.5013    6.3034e+03    0.102745      232.5282         0.1469       232.5282     18563.7031       0.9400     2.9000e-14      18799.999
 0.256800    77500.0000    0.281505    4.1927e+00       2.5009    5.2210e+03    0.070479      249.5934         0.1555       249.5934     18563.7031       0.9274     2.9000e-14      18799.999
 0.259300    80000.0000    0.286086    7.4920e+00       2.5006    6.0367e+03    0.094213      271.8867         0.1664       271.8867     18563.7031       0.9113     2.9000e-14      18799.999
 0.260040    80739.9844    0.287643    1.2051e+02       2.5006    1.2090e+04    0.377856      278.4175         0.1701       278.4175     18563.7031       0.9060     2.9000e-14      18799.999
 0.260060    80760.0156    0.287713    4.7439e+01       2.5006    9.5761e+03    0.237071      278.1860         0.1701       278.1860     18563.7031       0.9059     2.9000e-14      18799.999
 0.260120    80820.0078    0.287924    1.0492e+02       2.5006    1.1678e+04    0.352567      277.4919         0.1702       277.4919     18563.7031       0.9056     2.9000e-14      18799.999
 0.260180    80879.9922    0.288135    2.4408e+01       2.5006    8.1104e+03    0.170052      276.7981         0.1702       276.7981     18563.7031       0.9053     2.9000e-14      18799.999
 0.260220    80919.9922    0.288276    4.4220e+01       2.5006    9.4094e+03    0.228889      276.3354         0.1703       276.3354     18563.7031       0.9051     2.9000e-14      18799.999
 0.261800    82500.0000    0.293832    3.1069e+00       2.5005    4.8445e+03    0.060670      258.0605         0.1720       258.0605     18563.7031       0.8971     2.9000e-14      18799.999
 0.263000    83700.0078    0.298771    5.4865e+01       2.5004    9.9310e+03    0.254953      252.3652         0.1719       252.3652     18563.7031       0.8918     2.9000e-14      18799.999
 0.263020    83720.0078    0.298870    1.7631e+02       2.5004    1.3297e+04    0.457042      252.4613         0.1719       252.4613     18563.7031       0.8917     2.9000e-14      18799.999
 0.263040    83740.0078    0.298969    2.4158e+01       2.5004    8.0898e+03    0.169179      252.5574         0.1718       252.5574     18563.7031       0.8916     2.9000e-14      18799.999
 0.263100    83800.0000    0.299266    1.1262e+02       2.5004    1.1887e+04    0.365274      252.8455         0.1717       252.8455     18563.7031       0.8914     2.9000e-14      18799.999
 0.263180    83879.9844    0.299663    5.1832e+01       2.5004    9.7908e+03    0.247805      253.2296         0.1716       253.2296     18563.7031       0.8911     2.9000e-14      18799.999
 0.263300    84000.0000    0.300258    5.2684e+01       2.5004    9.8309e+03    0.249835      253.8059         0.1714       253.8059     18563.7031       0.8906     2.9000e-14      18799.999
 0.264300    85000.0000    0.305213    6.4315e+00       2.5004    5.8110e+03    0.087291      258.6083         0.1696       258.6083     18563.7031       0.8869     2.9000e-14      18799.999
 0.266800    87500.0000    0.311265    5.3234e+00       2.5003    5.5428e+03    0.079416      242.4133         0.1805       242.4133     18563.7031       0.8693     2.9000e-14      18799.999
 0.269300    90000.0000    0.316228    4.9282e+00       2.5002    5.4370e+03    0.076411      251.4387         0.1888       251.4387     18563.7031       0.8555     2.9000e-14      18799.999
 0.270340    91039.9922    0.319071    6.4875e+01       2.5002    1.0356e+04    0.277237      275.5010         0.1913       275.5010     18563.7031       0.8498     2.9000e-14      18799.999
 0.270360    91059.9922    0.319147    1.8004e+02       2.5002    1.3367e+04    0.461848      276.5361         0.1914       276.5361     18563.7031       0.8497     2.9000e-14      18799.999
 0.270380    91079.9922    0.319224    4.1457e+01       2.5002    9.2596e+03    0.221621      277.5703         0.1914       277.5703     18563.7031       0.8495     2.9000e-14      18799.999
 0.270480    91180.0078    0.319607    5.6221e+01       2.5002    9.9923e+03    0.258084      282.7471         0.1917       282.7471     18563.7031       0.8488     2.9000e-14      18799.999
 0.271800    92500.0000    0.324664    9.1363e+00       2.5002    6.3443e+03    0.104039      351.0605         0.1960       351.0605     18563.7031       0.8389     2.9000e-14      18799.999
 0.273280    93979.9922    0.329879    4.3209e+01       2.5001    9.3560e+03    0.226256      348.1885         0.1999       348.1885     18563.7031       0.8292     2.9000e-14      18799.999
 0.273300    93999.9922    0.329944    4.3906e+01       2.5001    9.3935e+03    0.228072      347.1865         0.1999       347.1865     18563.7031       0.8291     2.9000e-14      18799.999
 0.274300    95000.0000    0.333191    5.6207e+00       2.5001    5.6188e+03    0.081603      297.0586         0.2020       297.0586     18563.7031       0.8234     2.9000e-14      18799.999
 0.276800    97500.0000    0.341553    1.9448e+01       2.5001    7.6633e+03    0.151793      267.9626         0.2050       267.9626     18563.7031       0.8111     2.9000e-14      18799.999
 0.279100    99800.0000    0.359388    4.5604e+01       2.5001    9.4832e+03    0.232443      319.4697         0.1963       319.4697     18563.7031       0.7998     2.9000e-14      18799.999
 0.279200    99899.9844    0.360355    7.1974e+01       2.5001    1.0629e+04    0.292011      322.5430         0.1957       322.5430     18563.7031       0.7993     2.9000e-14      18799.999
 0.279300   100000.0000    0.361322    9.2492e+01       2.5001    1.1317e+04    0.331029      325.6172         0.1951       325.6172     18563.7031       0.7987     2.9000e-14      18799.999
 0.279480   100180.0078    0.363062    9.5855e+01       2.5001    1.1418e+04    0.336993      331.1504         0.1940       331.1504     18563.7031       0.7978     2.9000e-14      18799.999
 0.279620   100319.9922    0.364415    6.6712e+01       2.5001    1.0429e+04    0.281136      335.4521         0.1932       335.4521     18563.7031       0.7971     2.9000e-14      18799.999
 0.279720   100420.0078    0.365382    4.5523e+01       2.5001    9.4789e+03    0.232236      338.5264         0.1926       338.5264     18563.7031       0.7966     2.9000e-14      18799.999
 0.279920   100620.0078    0.367316    4.9953e+01       2.5001    9.7016e+03    0.243274      344.6738         0.1915       344.6738     18563.7031       0.7956     2.9000e-14      18799.999
 0.279940   100640.0078    0.367509    1.1648e+02       2.5001    1.1988e+04    0.371478      345.2881         0.1914       345.2881     18563.7031       0.7955     2.9000e-14      18799.999
 0.280020   100720.0000    0.368289    2.0235e+02       2.5001    1.3764e+04    0.489632      347.7051         0.1909       347.7051     18563.7031       0.7951     2.9000e-14      18799.999
 0.280100   100799.9922    0.369087    1.6863e+02       2.5001    1.3150e+04    0.446971      349.9976         0.1905       349.9976     18563.7031       0.7946     2.9000e-14      18799.999
 0.280220   100920.0000    0.370284    9.8576e+01       2.5001    1.1499e+04    0.341741      353.4375         0.1898       353.4375     18563.7031       0.7940     2.9000e-14      18799.999
 0.280580   101280.0078    0.373876    5.8913e+01       2.5001    1.0110e+04    0.264192      363.7559         0.1879       363.7559     18563.7031       0.7920     2.9000e-14      18799.999
 0.280600   101300.0078    0.374076    5.7292e+01       2.5001    1.0040e+04    0.260531      364.3286         0.1878       364.3286     18563.7031       0.7919     2.9000e-14      18799.999
 0.280620   101320.0078    0.374275    5.3298e+01       2.5001    9.8600e+03    0.251285      364.9019         0.1877       364.9019     18563.7031       0.7917     2.9000e-14      18799.999
 0.280700   101400.0000    0.375073    5.2325e+01       2.5001    9.8147e+03    0.248982      367.1943         0.1873       367.1943     18563.7031       0.7913     2.9000e-14      18799.999
 0.280720   101420.0000    0.375273    4.7948e+01       2.5001    9.6027e+03    0.238339      367.7676         0.1872       367.7676     18563.7031       0.7912     2.9000e-14      18799.999
 0.281100   101800.0000    0.379064    4.8576e+01       2.5001    9.6340e+03    0.239895      378.6592         0.1851       378.6592     18563.7031       0.7891     2.9000e-14      18799.999
 0.281120   101820.0000    0.379264    5.9429e+01       2.5001    1.0132e+04    0.265346      379.2324         0.1850       379.2324     18563.7031       0.7890     2.9000e-14      18799.999
 0.281140   101840.0000    0.379463    6.6454e+01       2.5001    1.0419e+04    0.280592      379.8052         0.1849       379.8052     18563.7031       0.7889     2.9000e-14      18799.999
 0.281160   101860.0000    0.379663    4.6899e+01       2.5001    9.5498e+03    0.235719      380.3784         0.1848       380.3784     18563.7031       0.7887     2.9000e-14      18799.999
 0.281800   102500.0000    0.386049    1.6773e+01       2.5000    7.3851e+03    0.140968      398.7217         0.1814       398.7217     18563.7031       0.7852     2.9000e-14      18799.999
 0.284300   105000.0000    0.396441    3.7025e+00       2.5000    5.0620e+03    0.066230      344.8115         0.1891       344.8115     18563.7031       0.7661     2.9000e-14      18799.999
 0.284560   105259.9922    0.396933    6.9889e+01       2.5000    1.0551e+04    0.287750      334.1270         0.1908       334.1270     18563.7031       0.7639     2.9000e-14      18799.999
 0.284580   105279.9922    0.396971    6.2599e+01       2.5000    1.0265e+04    0.272330      333.3047         0.1909       333.3047     18563.7031       0.7637     2.9000e-14      18799.999
 0.286800   107500.0000    0.402076    5.9861e+00       2.5000    5.7081e+03    0.084214      302.2466         0.1909       302.2466     18563.7031       0.7580     2.9000e-14      18799.999
 0.287240   107940.0000    0.403129    4.7330e+01       2.5000    9.5717e+03    0.236800      298.8740         0.1902       298.8740     18563.7031       0.7575     2.9000e-14      18799.999
 0.287280   107979.9922    0.403225    5.8705e+01       2.5012    1.0099e+04    0.263725      298.5674         0.1902       298.5674     18563.7031       0.7575     2.9000e-14      18799.999
 0.287380   108080.0078    0.403465    6.4198e+01       2.5080    1.0313e+04    0.275786      297.8008         0.1900       297.8008     18563.7031       0.7573     2.9000e-14      18799.999
 0.287460   108160.0000    0.403656    5.6294e+01       2.5135    9.9690e+03    0.258251      297.1875         0.1899       297.1875     18563.7031       0.7572     2.9000e-14      18799.999
 0.287600   108300.0078    0.404380    5.1172e+01       2.5213    9.7189e+03    0.246223      304.9023         0.1896       304.9023     18563.7031       0.7567     2.9000e-14      18799.999
 0.288320   109020.0000    0.408905    5.5220e+01       2.5284    9.8919e+03    0.255778      362.6484         0.1879       362.6484     18563.7031       0.7534     2.9000e-14      18799.999
 0.288400   109099.9922    0.409407    6.3876e+01       2.5337    1.0248e+04    0.275095      369.0625         0.1877       369.0625     18563.7031       0.7531     2.9000e-14      18799.999
 0.288480   109180.0078    0.409910    9.9874e+01       2.5387    1.1448e+04    0.343985      375.4805         0.1875       375.4805     18563.7031       0.7527     2.9000e-14      18799.999
 0.288540   109240.0078    0.410287    7.6959e+01       2.5448    1.0713e+04    0.301956      380.2930         0.1873       380.2930     18563.7031       0.7524     2.9000e-14      18799.999
 0.288560   109260.0000    0.410413    5.1925e+01       2.5462    9.7067e+03    0.248027      381.8965         0.1873       381.8965     18563.7031       0.7523     2.9000e-14      18799.999
 0.289300   110000.0000    0.415063    2.4152e+01       2.5670    7.9837e+03    0.169158      441.2461         0.1855       441.2461     18563.7031       0.7490     2.9000e-14      18799.999
 0.289340   110039.9922    0.415314    5.6586e+01       2.5677    9.8759e+03    0.258920      444.4531         0.1854       444.4531     18563.7031       0.7488     2.9000e-14      18799.999
 0.289680   110380.0000    0.417451    5.0828e+01       2.5724    9.6059e+03    0.245394      471.7227         0.1846       471.7227     18563.7031       0.7472     2.9000e-14      18799.999
 0.291800   112500.0000    0.425707    2.8069e+01       2.6077    8.2245e+03    0.182358      606.4414         0.1930       606.4414     18563.7031       0.7296     2.9000e-14      18799.999
 0.294300   115000.0000    0.429523    5.9411e+00       2.6238    5.5614e+03    0.083897      478.5234         0.1969       478.5234     18563.7031       0.7215     2.9000e-14      18799.999
 0.296800   117500.0000    0.433110    4.7209e+00       2.6293    5.2452e+03    0.074787      398.6816         0.2023       398.6816     18563.7031       0.7121     2.9000e-14      18799.999
 0.297160   117860.0000    0.433719    4.3407e+01       2.6332    9.1269e+03    0.226775      395.9607         0.2033       395.9607     18563.7031       0.7103     2.9000e-14      18799.999
 0.297180   117880.0000    0.433753    4.8348e+01       2.6342    9.3745e+03    0.239333      395.8096         0.2034       395.8096     18563.7031       0.7102     2.9000e-14      18799.999
 0.297200   117899.9922    0.433787    4.9671e+01       2.6352    9.4361e+03    0.242584      395.6584         0.2034       395.6584     18563.7031       0.7102     2.9000e-14      18799.999
 0.297240   117939.9922    0.433855    4.6885e+01       2.6372    9.2974e+03    0.235684      395.3560         0.2036       395.3560     18563.7031       0.7100     2.9000e-14      18799.999
 0.297260   117959.9922    0.433889    4.4059e+01       2.6382    9.1524e+03    0.228470      395.2048         0.2036       395.2048     18563.7031       0.7099     2.9000e-14      18799.999
 0.299300   120000.0000    0.439866    2.4311e+01       2.6575    7.8595e+03    0.169713      411.6736         0.1949       411.6736     18563.7031       0.7117     2.9000e-14      18799.999
 0.299940   120639.9922    0.441846    4.6188e+01       2.6693    9.2069e+03    0.233924      418.1741         0.1916       418.1741     18563.7031       0.7128     2.9000e-14      18799.999
 0.299960   120659.9922    0.441908    8.4657e+01       2.6704    1.0710e+04    0.316698      418.3772         0.1915       418.3772     18563.7031       0.7128     2.9000e-14      18799.999
 0.300040   120740.0078    0.442187    1.5139e+02       2.6814    1.2360e+04    0.423509      416.7607         0.1909       416.7607     18563.7031       0.7131     2.9000e-14      18799.999
 0.300120   120820.0000    0.442496    7.7469e+01       2.6924    1.0433e+04    0.302954      412.7129         0.1902       412.7129     18563.7031       0.7135     2.9000e-14      18799.999
 0.300200   120899.9922    0.442805    4.5623e+01       2.6963    9.1326e+03    0.232491      408.6650         0.1894       408.6650     18563.7031       0.7139     2.9000e-14      18799.999
 0.301800   122500.0000    0.448989    3.6946e+00       2.7095    4.8598e+03    0.066160      327.6973         0.1740       327.6973     18563.7031       0.7227     2.9000e-14      18799.999
 0.304300   125000.0000    0.453062    9.9702e+00       2.7207    6.2161e+03    0.108684      347.9043         0.1775       347.9043     18563.7031       0.7147     2.9000e-14      18799.999
 0.306800   127500.0000    0.457975    7.3413e+00       2.7373    5.7406e+03    0.093261      382.3173         0.1929       382.3173     18563.7031       0.6939     2.9000e-14      18799.999
 0.306880   127580.0000    0.458170    1.0094e+02       2.7381    1.1053e+04    0.345820      382.8854         0.1934       382.8854     18563.7031       0.6931     2.9000e-14      18799.999
 0.306900   127599.9922    0.458219    6.3156e+01       2.7400    9.8267e+03    0.273540      383.0272         0.1935       383.0272     18563.7031       0.6930     2.9000e-14      18799.999
 0.306920   127619.9922    0.458267    8.0645e+01       2.7413    1.0443e+04    0.309102      383.1693         0.1936       383.1693     18563.7031       0.6928     2.9000e-14      18799.999
 0.306940   127639.9922    0.458316    6.1712e+01       2.7429    9.7648e+03    0.270394      383.3112         0.1938       383.3112     18563.7031       0.6926     2.9000e-14      18799.999
 0.306980   127680.0078    0.458413    5.1661e+01       2.7451    9.3366e+03    0.247397      383.5953         0.1940       383.5953     18563.7031       0.6922     2.9000e-14      18799.999
 0.309300   130000.0000    0.461919    9.5439e+00       2.7562    6.1088e+03    0.106335      391.6819         0.2045       391.6819     18563.7031       0.6778     2.9000e-14      18799.999
 0.310080   130779.9922    0.463208    9.1877e+01       2.7628    1.0747e+04    0.329925      395.2930         0.2073       395.2930     18563.7031       0.6736     2.9000e-14      18799.999
 0.310100   130799.9922    0.463312    6.1751e+01       2.7647    9.7279e+03    0.270480      395.7686         0.2073       395.7686     18563.7031       0.6735     2.9000e-14      18799.999
 0.310120   130819.9922    0.463416    4.3217e+01       2.7662    8.8950e+03    0.226276      396.2441         0.2073       396.2441     18563.7031       0.6734     2.9000e-14      18799.999
 0.310260   130960.0000    0.464147    4.6984e+01       2.7694    9.0776e+03    0.235934      399.5737         0.2073       399.5737     18563.7031       0.6726     2.9000e-14      18799.999
 0.310280   130980.0000    0.464252    5.0337e+01       2.7702    9.2341e+03    0.244206      400.0493         0.2073       400.0493     18563.7031       0.6725     2.9000e-14      18799.999
 0.310300   130999.9922    0.464356    7.2669e+01       2.7711    1.0120e+04    0.293419      400.5249         0.2073       400.5249     18563.7031       0.6724     2.9000e-14      18799.999
 0.310660   131360.0000    0.466236    3.9355e+01       2.7757    8.6744e+03    0.215930      409.0859         0.2072       409.0859     18563.7031       0.6704     2.9000e-14      18799.999
 0.310940   131640.0000    0.467698    4.0465e+01       2.7802    8.7278e+03    0.218955      415.7441         0.2071       415.7441     18563.7031       0.6689     2.9000e-14      18799.999
 0.311360   132060.0000    0.469891    1.6024e+02       2.7850    1.2301e+04    0.435712      425.7319         0.2070       425.7319     18563.7031       0.6665     2.9000e-14      18799.999
 0.311380   132080.0000    0.469995    3.6862e+01       2.7869    8.5165e+03    0.208978      426.2075         0.2070       426.2075     18563.7031       0.6664     2.9000e-14      18799.999
 0.311400   132100.0000    0.470100    4.6218e+00       2.7873    5.0674e+03    0.073998      426.6831         0.2070       426.6831     18563.7031       0.6663     2.9000e-14      18799.999
 0.311420   132119.9844    0.470204    6.4970e+00       2.7873    5.5178e+03    0.087734      427.1587         0.2070       427.1587     18563.7031       0.6662     2.9000e-14      18799.999
 0.311440   132139.9844    0.470308    4.8769e+01       2.7876    9.1327e+03    0.240372      427.6338         0.2070       427.6338     18563.7031       0.6661     2.9000e-14      18799.999
 0.311660   132359.9844    0.471457    4.9151e+01       2.7893    9.1476e+03    0.241312      432.8657         0.2069       432.8657     18563.7031       0.6649     2.9000e-14      18799.999
 0.311680   132379.9844    0.471562    1.6679e+02       2.7910    1.2412e+04    0.444532      433.3413         0.2069       433.3413     18563.7031       0.6648     2.9000e-14      18799.999
 0.311700   132399.9844    0.471666    4.7312e+01       2.7933    9.0545e+03    0.236754      433.8169         0.2069       433.8169     18563.7031       0.6646     2.9000e-14      18799.999
 0.311740   132440.0156    0.471875    1.2987e+01       2.7949    6.5520e+03    0.124043      434.7686         0.2069       434.7686     18563.7031       0.6644     2.9000e-14      18799.999
 0.311760   132460.0156    0.471979    4.6818e+01       2.7952    9.0276e+03    0.235517      435.2441         0.2069       435.2441     18563.7031       0.6643     2.9000e-14      18799.999
 0.311800   132500.0000    0.472188    3.7969e+01       2.7968    8.5645e+03    0.212093      436.1953         0.2069       436.1953     18563.7031       0.6641     2.9000e-14      18799.999
 0.311940   132640.0156    0.472919    1.1011e+02       2.7987    1.1173e+04    0.361179      439.5244         0.2069       439.5244     18563.7031       0.6633     2.9000e-14      18799.999
 0.311960   132660.0156    0.473024    1.6212e+02       2.7990    1.2306e+04    0.438253      440.0000         0.2069       440.0000     18563.7031       0.6632     2.9000e-14      18799.999
 0.311980   132680.0156    0.473128    2.7734e+01       2.8025    7.9097e+03    0.181268      440.4756         0.2069       440.4756     18563.7031       0.6631     2.9000e-14      18799.999
 0.312040   132740.0000    0.473441    2.1503e+02       2.8039    1.3195e+04    0.504731      441.9023         0.2068       441.9023     18563.7031       0.6628     2.9000e-14      18799.999
 0.312060   132760.0000    0.473546    3.7183e+01       2.8068    8.5046e+03    0.209887      442.3779         0.2068       442.3779     18563.7031       0.6626     2.9000e-14      18799.999
 0.312320   133019.9844    0.474903    4.2843e+01       2.8143    8.7996e+03    0.225295      448.5605         0.2068       448.5605     18563.7031       0.6612     2.9000e-14      18799.999
 0.314300   135000.0000    0.478179    8.3914e+00       2.8274    5.8404e+03    0.099708      405.6416         0.1991       405.6416     18563.7031       0.6653     2.9000e-14      18799.999
 0.316800   137500.0000    0.481034    1.0575e+01       2.8372    6.1774e+03    0.111934      374.5076         0.2037       374.5076     18563.7031       0.6574     2.9000e-14      18799.999
 0.319300   140000.0000    0.483654    1.4106e+01       2.8482    6.6260e+03    0.129277      395.7109         0.2301       395.7109     18563.7031       0.6281     2.9000e-14      18799.999
 0.321800   142500.0000    0.485065    4.4171e+00       2.8548    4.9508e+03    0.072341      444.8330         0.2463       444.8330     18563.7031       0.6104     2.9000e-14      18799.999
 0.324020   144720.0000    0.490150    9.5783e+01       2.8674    1.0660e+04    0.336865      423.2622         0.2360       423.2622     18563.7031       0.6150     2.9000e-14      18799.999
 0.324080   144779.9844    0.490341    1.6674e+01       2.8724    6.8796e+03    0.140550      421.8135         0.2355       421.8135     18563.7031       0.6153     2.9000e-14      18799.999
 0.324120   144819.9844    0.490467    7.3240e+01       2.8738    9.9571e+03    0.294568      420.8472         0.2352       420.8472     18563.7031       0.6155     2.9000e-14      18799.999
 0.324160   144860.0156    0.490594    3.4587e+01       2.8759    8.2512e+03    0.202427      419.8804         0.2348       419.8804     18563.7031       0.6157     2.9000e-14      18799.999
 0.324260   144960.0000    0.490911    3.5581e+01       2.8788    8.3056e+03    0.205314      417.4653         0.2340       417.4653     18563.7031       0.6162     2.9000e-14      18799.999
 0.324300   145000.0000    0.491038    2.3692e+01       2.8800    7.5013e+03    0.167539      416.4990         0.2336       416.4990     18563.7031       0.6164     2.9000e-14      18799.999
 0.326800   147500.0000    0.494297    4.7967e+00       2.8942    5.0194e+03    0.075385      404.1255         0.2326       404.1255     18563.7031       0.6138     2.9000e-14      18799.999
 0.329300   150000.0000    0.496641    5.0717e+00       2.9030    5.0821e+03    0.077516      429.6550         0.2460       429.6550     18563.7031       0.5978     2.9000e-14      18799.999
 0.331800   152500.0000    0.498479    6.6794e+00       2.9098    5.4379e+03    0.088957      443.8782         0.2638       443.8782     18563.7031       0.5779     2.9000e-14      18799.999
 0.334300   155000.0000    0.499629    5.1542e+00       2.9151    5.0921e+03    0.078144      445.8150         0.2791       445.8150     18563.7031       0.5614     2.9000e-14      18799.999
 0.336800   157500.0000    0.501004    5.6260e+00       2.9198    5.2006e+03    0.081642      456.0123         0.2879       456.0123     18563.7031       0.5511     2.9000e-14      18799.999
 0.339300   160000.0000    0.502902    7.0920e+00       2.9284    5.5024e+03    0.091663      470.4995         0.2947       470.4995     18563.7031       0.5422     2.9000e-14      18799.999
 0.341040   161739.9844    0.506585    3.1210e+01       2.9370    7.9579e+03    0.192291      508.0078         0.2941       508.0078     18563.7031       0.5387     2.9000e-14      18799.999
 0.341060   161760.0156    0.506645    3.5867e+01       2.9378    8.2384e+03    0.206140      508.6514         0.2940       508.6514     18563.7031       0.5387     2.9000e-14      18799.999
 0.341080   161780.0156    0.506705    3.7031e+01       2.9383    8.3037e+03    0.209457      509.2939         0.2940       509.2939     18563.7031       0.5387     2.9000e-14      18799.999
 0.341100   161800.0156    0.506764    3.1535e+01       2.9388    7.9761e+03    0.193291      509.9365         0.2939       509.9365     18563.7031       0.5387     2.9000e-14      18799.999
 0.341220   161919.9844    0.507123    3.4366e+01       2.9418    8.1452e+03    0.201778      513.7920         0.2936       513.7920     18563.7031       0.5386     2.9000e-14      18799.999
 0.341240   161939.9844    0.507183    3.9079e+01       2.9424    8.4103e+03    0.215171      514.4346         0.2936       514.4346     18563.7031       0.5386     2.9000e-14      18799.999
 0.341320   162020.0156    0.507422    2.4029e+01       2.9443    7.4451e+03    0.168725      517.0059         0.2934       517.0059     18563.7031       0.5385     2.9000e-14      18799.999
 0.341360   162060.0000    0.507542    3.5002e+01       2.9459    8.1769e+03    0.203638      518.2910         0.2933       518.2910     18563.7031       0.5385     2.9000e-14      18799.999
 0.341380   162080.0000    0.507602    3.3511e+01       2.9465    8.0876e+03    0.199253      518.9336         0.2932       518.9336     18563.7031       0.5384     2.9000e-14      18799.999
 0.341800   162500.0000    0.508858    2.8610e+01       2.9526    7.7661e+03    0.184108      532.4297         0.2922       532.4297     18563.7031       0.5381     2.9000e-14      18799.999
 0.341860   162560.0000    0.509037    3.6684e+01       2.9540    8.2621e+03    0.208473      534.3574         0.2920       534.3574     18563.7031       0.5380     2.9000e-14      18799.999
 0.341880   162579.9844    0.509097    4.6264e+01       2.9546    8.7546e+03    0.234119      535.0000         0.2920       535.0000     18563.7031       0.5380     2.9000e-14      18799.999
 0.341900   162599.9844    0.509157    4.3960e+01       2.9554    8.6423e+03    0.228215      535.6426         0.2919       535.6426     18563.7031       0.5380     2.9000e-14      18799.999
 0.344300   165000.0000    0.512338    5.1018e+00       2.9695    5.0323e+03    0.077745      701.6270         0.2990       701.6270     18563.7031       0.5273     2.9000e-14      18799.999
 0.346800   167500.0000    0.513834    5.3334e+00       2.9736    5.0849e+03    0.079490      504.6680         0.2800       504.6680     18563.7031       0.5447     2.9000e-14      18799.999
 0.349300   170000.0000    0.516006    8.4069e+00       2.9825    5.6891e+03    0.099800      444.8330         0.2875       444.8330     18563.7031       0.5348     2.9000e-14      18799.999
 0.350800   171500.0156    0.518936    3.1583e+01       2.9935    7.9059e+03    0.193438      496.0020         0.2961       496.0020     18563.7031       0.5229     2.9000e-14      18799.999
 0.350880   171580.0000    0.519159    4.9637e+01       2.9961    8.8482e+03    0.242503      499.6045         0.2964       499.6045     18563.7031       0.5224     2.9000e-14      18799.999
 0.350920   171619.9844    0.519271    2.9601e+01       2.9974    7.7738e+03    0.187269      501.4053         0.2965       501.4053     18563.7031       0.5222     2.9000e-14      18799.999
 0.350980   171680.0156    0.519438    3.2970e+01       2.9990    7.9839e+03    0.197639      504.1074         0.2967       504.1074     18563.7031       0.5218     2.9000e-14      18799.999
 0.351000   171700.0156    0.519494    3.1837e+01       2.9997    7.9136e+03    0.194214      505.0078         0.2967       505.0078     18563.7031       0.5217     2.9000e-14      18799.999
 0.351300   172000.0000    0.520330    2.8756e+01       3.0043    7.7088e+03    0.184577      518.5166         0.2976       518.5166     18563.7031       0.5199     2.9000e-14      18799.999
 0.351800   172500.0000    0.521724    1.3477e+01       3.0102    6.3720e+03    0.126359      541.0312         0.2991       541.0312     18563.7031       0.5169     2.9000e-14      18799.999
 0.354300   175000.0000    0.526149    1.4461e+01       3.0242    6.4703e+03    0.130890      535.6323         0.3042       535.6323     18563.7031       0.5068     2.9000e-14      18799.999
 0.356800   177500.0000    0.529144    9.2906e+00       3.0384    5.7791e+03    0.104915      539.3018         0.3116       539.3018     18563.7031       0.4961     2.9000e-14      18799.999
 0.359040   179739.9844    0.532727    3.0338e+01       3.0476    7.7570e+03    0.189585      551.6157         0.3156       551.6157     18563.7031       0.4881     2.9000e-14      18799.999
 0.359080   179779.9844    0.532800    3.3937e+01       3.0482    7.9767e+03    0.200515      551.7534         0.3157       551.7534     18563.7031       0.4880     2.9000e-14      18799.999
 0.359120   179820.0156    0.532872    3.2278e+01       3.0493    7.8759e+03    0.195552      551.8912         0.3157       551.8912     18563.7031       0.4879     2.9000e-14      18799.999
 0.359140   179840.0156    0.532909    3.2099e+01       3.0501    7.8640e+03    0.195010      551.9602         0.3157       551.9602     18563.7031       0.4878     2.9000e-14      18799.999
 0.359160   179860.0156    0.532945    2.8662e+01       3.0507    7.6437e+03    0.184274      552.0291         0.3158       552.0291     18563.7031       0.4877     2.9000e-14      18799.999
 0.359300   180000.0000    0.533199    6.6693e+00       3.0529    5.3069e+03    0.088890      552.5111         0.3159       552.5111     18563.7031       0.4873     2.9000e-14      18799.999
 0.359920   180620.0000    0.534323    2.8737e+01       3.0586    7.6388e+03    0.184517      554.6464         0.3166       554.6464     18563.7031       0.4854     2.9000e-14      18799.999
 0.359940   180639.9844    0.534359    2.6696e+01       3.0589    7.4990e+03    0.177842      554.7152         0.3166       554.7152     18563.7031       0.4853     2.9000e-14      18799.999
 0.361800   182500.0000    0.536606    5.4124e+00       3.0709    5.0222e+03    0.080077      476.3662         0.3137       476.3662     18563.7031       0.4857     2.9000e-14      18799.999
 0.364300   185000.0000    0.538863    5.9956e+00       3.0792    5.1454e+03    0.084281      461.2314         0.3124       461.2314     18563.7031       0.4845     2.9000e-14      18799.999
 0.366800   187500.0000    0.541617    1.0658e+01       3.0897    5.9312e+03    0.112372      462.0078         0.3083       462.0078     18563.7031       0.4855     2.9000e-14      18799.999
 0.369300   190000.0000    0.543935    7.4261e+00       3.0992    5.4106e+03    0.093798      510.0273         0.3078       510.0273     18563.7031       0.4835     2.9000e-14      18799.999
 0.370660   191360.0156    0.545725    2.6294e+01       3.1065    7.4131e+03    0.176498      555.7275         0.3137       555.7275     18563.7031       0.4755     2.9000e-14      18799.999
 0.371800   192500.0000    0.547834    1.2193e+01       3.1156    6.1084e+03    0.120188      601.0449         0.3233       601.0449     18563.7031       0.4636     2.9000e-14      18799.999
 0.374300   195000.0000    0.551428    7.2139e+00       3.1324    5.3429e+03    0.092448      502.1289         0.3112       502.1289     18563.7031       0.4718     2.9000e-14      18799.999
 0.376800   197500.0000    0.554169    7.5328e+00       3.1432    5.3917e+03    0.094469      586.7207         0.3350       586.7207     18563.7031       0.4449     2.9000e-14      18799.999
 0.378620   199320.0000    0.559345    4.5581e+01       3.1504    8.4468e+03    0.232384      613.1533         0.3405       613.1533     18563.7031       0.4337     2.9000e-14      18799.999
 0.378660   199359.9844    0.559505    1.0833e+02       3.1517    1.0486e+04    0.358247      612.2383         0.3403       612.2383     18563.7031       0.4337     2.9000e-14      18799.999
 0.378760   199460.0156    0.559903    5.2961e+01       3.1599    8.7565e+03    0.250490      609.9502         0.3397       609.9502     18563.7031       0.4339     2.9000e-14      18799.999
 0.379040   199740.0000    0.561017    2.8553e+01       3.1713    7.4898e+03    0.183923      603.5430         0.3380       603.5430     18563.7031       0.4343     2.9000e-14      18799.999
 0.379300   200000.0000    0.562052    3.2396e+01       3.1768    7.7234e+03    0.195911      597.5928         0.3365       597.5928     18563.7031       0.4347     2.9000e-14      18799.999
 0.379600   200299.9844    0.563247    2.6287e+01       3.1823    7.3239e+03    0.176474      590.7285         0.3347       590.7285     18563.7031       0.4351     2.9000e-14      18799.999
 0.381800   202500.0000    0.567334    9.3677e+00       3.1979    5.6448e+03    0.105349      532.3359         0.3342       532.3359     18563.7031       0.4311     2.9000e-14      18799.999
 0.384300   205000.0000    0.570248    9.5244e+00       3.2103    5.6574e+03    0.106226      524.9260         0.3394       524.9260     18563.7031       0.4226     2.9000e-14      18799.999
 0.386800   207500.0000    0.571738    5.7658e+00       3.2159    4.9859e+03    0.082650      601.0459         0.3442       601.0459     18563.7031       0.4162     2.9000e-14      18799.999
 0.388880   209580.0156    0.573998    2.1925e+01       3.2215    6.9563e+03    0.161168      645.5454         0.3433       645.5454     18563.7031       0.4146     2.9000e-14      18799.999
 0.389300   210000.0000    0.574599    1.2606e+01       3.2260    6.0533e+03    0.122210      650.6196         0.3427       650.6196     18563.7031       0.4145     2.9000e-14      18799.999
 0.391320   212019.9844    0.600257    2.2360e+01       3.2388    6.9719e+03    0.162761      608.7021         0.3110       608.7021     18563.7031       0.4180     2.9000e-14      18799.999
 0.391340   212039.9844    0.600631    2.3605e+01       3.2393    7.0665e+03    0.167228      607.9385         0.3106       607.9385     18563.7031       0.4181     2.9000e-14      18799.999
 0.391380   212080.0156    0.601378    2.3070e+01       3.2402    7.0251e+03    0.165325      606.4111         0.3096       606.4111     18563.7031       0.4182     2.9000e-14      18799.999
 0.391400   212100.0156    0.601752    2.2905e+01       3.2406    7.0121e+03    0.164732      605.6475         0.3092       605.6475     18563.7031       0.4183     2.9000e-14      18799.999
 0.391420   212120.0156    0.602125    2.1953e+01       3.2409    6.9377e+03    0.161273      604.8848         0.3087       604.8848     18563.7031       0.4183     2.9000e-14      18799.999
 0.391580   212279.9844    0.605114    2.3174e+01       3.2428    7.0301e+03    0.165695      598.7793         0.3050       598.7793     18563.7031       0.4187     2.9000e-14      18799.999
 0.391600   212300.0156    0.605488    2.4382e+01       3.2433    7.1195e+03    0.169960      598.0156         0.3045       598.0156     18563.7031       0.4188     2.9000e-14      18799.999
 0.391720   212420.0000    0.607729    3.0152e+01       3.2451    7.5057e+03    0.189003      593.4365         0.3018       593.4365     18563.7031       0.4191     2.9000e-14      18799.999
 0.391740   212439.9844    0.608103    3.2333e+01       3.2458    7.6371e+03    0.195722      592.6729         0.3013       592.6729     18563.7031       0.4192     2.9000e-14      18799.999
 0.391760   212459.9844    0.608476    2.1980e+01       3.2464    6.9340e+03    0.161371      591.9102         0.3008       591.9102     18563.7031       0.4192     2.9000e-14      18799.999
 0.391800   212500.0000    0.609223    5.4361e+00       3.2470    4.8894e+03    0.080252      590.3838         0.2999       590.3838     18563.7031       0.4193     2.9000e-14      18799.999
 0.392060   212760.0156    0.614080    7.2784e+01       3.2475    9.3522e+03    0.293650      580.4600         0.2939       580.4600     18563.7031       0.4200     2.9000e-14      18799.999
 0.392080   212780.0156    0.614454    4.2248e+02       3.2479    1.4515e+04    0.707481      579.6973         0.2934       579.6973     18563.7031       0.4201     2.9000e-14      18799.999
 0.392100   212800.0156    0.614827    5.7910e+02       3.2590    1.5679e+04    0.828304      578.9336         0.2929       578.9336     18563.7031       0.4202     2.9000e-14      18799.999
 0.392120   212820.0000    0.615201    4.7576e+02       3.2698    1.4903e+04    0.750772      578.1709         0.2925       578.1709     18563.7031       0.4202     2.9000e-14      18799.999
 0.392180   212880.0000    0.616322    2.0730e+02       3.2965    1.2059e+04    0.495575      575.8809         0.2911       575.8809     18563.7031       0.4204     2.9000e-14      18799.999
 0.392220   212919.9844    0.617069    8.9527e+02       3.3208    1.7320e+04    1.029886      574.3545         0.2902       574.3545     18563.7031       0.4205     2.9000e-14      18799.999
 0.392240   212939.9844    0.617442    4.8380e+02       3.3352    1.4818e+04    0.757089      573.5918         0.2897       573.5918     18563.7031       0.4205     2.9000e-14      18799.999
 0.392320   213020.0156    0.618937    8.3886e+02       3.3693    1.6917e+04    0.996914      570.5381         0.2879       570.5381     18563.7031       0.4207     2.9000e-14      18799.999
 0.392340   213040.0000    0.619310    5.9985e+02       3.3848    1.5521e+04    0.843009      569.7744         0.2874       569.7744     18563.7031       0.4208     2.9000e-14      18799.999
 0.392380   213080.0000    0.620058    2.5775e+02       3.4003    1.2538e+04    0.552597      568.2480         0.2865       568.2480     18563.7031       0.4209     2.9000e-14      18799.999
 0.392420   213119.9844    0.620804    3.7866e+02       3.4107    1.3782e+04    0.669785      566.7217         0.2855       566.7217     18563.7031       0.4210     2.9000e-14      18799.999
 0.392440   213139.9844    0.621178    1.9985e+02       3.4157    1.1739e+04    0.486593      565.9590         0.2851       565.9590     18563.7031       0.4211     2.9000e-14      18799.999
 0.392480   213179.9844    0.621925    1.0593e+02       3.4243    1.0003e+04    0.354268      564.4326         0.2841       564.4326     18563.7031       0.4212     2.9000e-14      18799.999
 0.392500   213200.0156    0.622299    6.8523e+01       3.4263    8.9687e+03    0.284926      563.6680         0.2837       563.6680     18563.7031       0.4212     2.9000e-14      18799.999
 0.392520   213220.0156    0.622315    3.4020e+01       3.4275    7.5270e+03    0.200762      564.3496         0.2839       564.3496     18563.7031       0.4210     2.9000e-14      18799.999
 0.394300   215000.0000    0.623757    6.9510e+00       3.4325    5.0569e+03    0.090748      624.9990         0.3004       624.9990     18563.7031       0.4024     2.9000e-14      18799.999
 0.396800   217500.0000    0.626229    4.7859e+00       3.4405    4.6011e+03    0.075300      694.8047         0.3161       694.8047     18563.7031       0.3837     2.9000e-14      18799.999
 0.397120   217820.0000    0.626568    2.2269e+01       3.4427    6.7554e+03    0.162428      702.9736         0.3178       702.9736     18563.7031       0.3817     2.9000e-14      18799.999
 0.397140   217840.0000    0.626589    2.1936e+01       3.4431    6.7297e+03    0.161211      703.4844         0.3179       703.4844     18563.7031       0.3815     2.9000e-14      18799.999
 0.397520   218220.0156    0.627056    2.5034e+01       3.4459    6.9527e+03    0.172219      712.5874         0.3196       712.5874     18563.7031       0.3793     2.9000e-14      18799.999
 0.397580   218280.0000    0.627313    3.4220e+01       3.4474    7.5163e+03    0.201350      712.3220         0.3193       712.3220     18563.7031       0.3792     2.9000e-14      18799.999
 0.397620   218319.9844    0.627485    3.0080e+01       3.4485    7.2767e+03    0.188780      712.1451         0.3192       712.1451     18563.7031       0.3792     2.9000e-14      18799.999
 0.397820   218520.0000    0.628343    2.6536e+01       3.4537    7.0468e+03    0.177309      711.2605         0.3183       711.2605     18563.7031       0.3792     2.9000e-14      18799.999
 0.397860   218559.9844    0.628515    2.0367e+01       3.4544    6.5950e+03    0.155336      711.0836         0.3181       711.0836     18563.7031       0.3792     2.9000e-14      18799.999
 0.398500   219200.0000    0.631260    4.6117e+01       3.4581    8.0858e+03    0.233744      708.2527         0.3152       708.2527     18563.7031       0.3790     2.9000e-14      18799.999
 0.398540   219239.9844    0.631432    6.9404e+01       3.4602    8.9530e+03    0.286750      708.0758         0.3150       708.0758     18563.7031       0.3790     2.9000e-14      18799.999
 0.398660   219360.0000    0.631947    3.4816e+01       3.4659    7.5286e+03    0.203097      707.5449         0.3145       707.5449     18563.7031       0.3790     2.9000e-14      18799.999
 0.398700   219400.0000    0.632119    4.9810e+01       3.4674    8.2321e+03    0.242925      707.3680         0.3143       707.3680     18563.7031       0.3789     2.9000e-14      18799.999
 0.398760   219459.9844    0.632376    2.6014e+01       3.4693    6.9961e+03    0.175557      707.1027         0.3141       707.1027     18563.7031       0.3789     2.9000e-14      18799.999
 0.399100   219800.0156    0.633835    2.7839e+01       3.4705    7.1145e+03    0.181608      705.5988         0.3125       705.5988     18563.7031       0.3788     2.9000e-14      18799.999
 0.399280   219980.0156    0.634607    7.7426e+01       3.4734    9.1838e+03    0.302869      704.8025         0.3117       704.8025     18563.7031       0.3788     2.9000e-14      18799.999
 0.399300   220000.0000    0.634693    7.1958e+01       3.4747    9.0155e+03    0.291980      704.7141         0.3116       704.7141     18563.7031       0.3788     2.9000e-14      18799.999
 0.399340   220040.0000    0.634864    1.3503e+02       3.4770    1.0548e+04    0.399974      704.5372         0.3115       704.5372     18563.7031       0.3788     2.9000e-14      18799.999
 0.399380   220080.0000    0.635036    5.8465e+01       3.4830    8.5492e+03    0.263185      704.3602         0.3113       704.3602     18563.7031       0.3788     2.9000e-14      18799.999
 0.399400   220100.0000    0.635122    4.0533e+01       3.4845    7.7994e+03    0.219137      704.2719         0.3112       704.2719     18563.7031       0.3788     2.9000e-14      18799.999
 0.399580   220280.0000    0.635894    2.2890e+01       3.4865    6.7592e+03    0.164678      703.4756         0.3104       703.4756     18563.7031       0.3787     2.9000e-14      18799.999
 0.399600   220300.0000    0.635980    2.6762e+01       3.4870    7.0280e+03    0.178064      703.3872         0.3103       703.3872     18563.7031       0.3787     2.9000e-14      18799.999
 0.399620   220320.0000    0.636066    2.8482e+01       3.4877    7.1376e+03    0.183694      703.2987         0.3102       703.2987     18563.7031       0.3787     2.9000e-14      18799.999
 0.399640   220339.9844    0.636152    2.3463e+01       3.4880    6.7996e+03    0.166728      703.2102         0.3101       703.2102     18563.7031       0.3787     2.9000e-14      18799.999
 0.401800   222500.0000    0.639164    1.1715e+01       3.4951    5.7100e+03    0.117812      742.7012         0.3096       742.7012     18563.7031       0.3758     2.9000e-14      18799.999
 0.402780   223480.0000    0.641447    9.8786e+02       3.5072    1.7273e+04    1.081835      762.7583         0.3072       762.7583     18563.7031       0.3757     2.9000e-14      18799.999
 0.402800   223499.9844    0.641569    4.4919e+02       3.5239    1.4151e+04    0.729505      763.0498         0.3070       763.0498     18563.7031       0.3758     2.9000e-14      18799.999
 0.402820   223519.9844    0.641691    2.4144e+02       3.5303    1.2105e+04    0.534834      763.3413         0.3068       763.3413     18563.7031       0.3759     2.9000e-14      18799.999
 0.402840   223539.9844    0.641814    9.9194e+01       3.5334    9.6873e+03    0.342812      763.6328         0.3065       763.6328     18563.7031       0.3760     2.9000e-14      18799.999
 0.402900   223600.0156    0.642181    1.6197e+02       3.5430    1.0936e+04    0.438055      764.5073         0.3059       764.5073     18563.7031       0.3762     2.9000e-14      18799.999
 0.402920   223620.0156    0.642303    1.0980e+02       3.5450    9.9202e+03    0.360676      764.7988         0.3057       764.7988     18563.7031       0.3763     2.9000e-14      18799.999
 0.402960   223660.0000    0.642548    2.1188e+01       3.5486    6.5716e+03    0.158436      765.3818         0.3053       765.3818     18563.7031       0.3764     2.9000e-14      18799.999
 0.403040   223739.9844    0.643037    6.4807e+01       3.5514    8.6873e+03    0.277093      766.5479         0.3045       766.5479     18563.7031       0.3767     2.9000e-14      18799.999
 0.403080   223779.9844    0.643281    2.7828e+01       3.5530    7.0307e+03    0.181575      767.1309         0.3040       767.1309     18563.7031       0.3768     2.9000e-14      18799.999
 0.403380   224080.0156    0.645116    1.9489e+01       3.5586    6.4267e+03    0.151954      771.5039         0.3009       771.5039     18563.7031       0.3779     2.9000e-14      18799.999
 0.404300   225000.0000    0.650741    6.4501e+00       3.5612    4.8727e+03    0.087417      784.9141         0.2914       784.9141     18563.7031       0.3812     2.9000e-14      18799.999
 0.406800   227500.0000    0.656218    6.7205e+00       3.5656    4.9200e+03    0.089231      597.9531         0.2655       597.9531     18563.7031       0.4010     2.9000e-14      18799.999
 0.407620   228320.0156    0.657393    2.1221e+01       3.5706    6.5539e+03    0.158562      510.5000         0.2564       510.5000     18563.7031       0.4089     2.9000e-14      18799.999
 0.407760   228459.9844    0.658219    1.8950e+01       3.5722    6.3697e+03    0.149838      497.9375         0.2541       497.9375     18563.7031       0.4102     2.9000e-14      18799.999
 0.408160   228860.0000    0.660580    2.9496e+01       3.5796    7.1073e+03    0.186936      462.0352         0.2476       462.0352     18563.7031       0.4140     2.9000e-14      18799.999
 0.408760   229460.0156    0.664122    4.6864e+01       3.5988    7.9581e+03    0.235631      408.1797         0.2380       408.1797     18563.7031       0.4198     2.9000e-14      18799.999
 0.409300   230000.0000    0.667309    3.2697e+01       3.6180    7.2539e+03    0.196818      359.7109         0.2292       359.7109     18563.7031       0.4250     2.9000e-14      18799.999
 0.409420   230120.0156    0.668017    2.8515e+01       3.6210    7.0070e+03    0.183803      348.9375         0.2273       348.9375     18563.7031       0.4261     2.9000e-14      18799.999
 0.409740   230440.0000    0.669906    2.1451e+01       3.6272    6.5201e+03    0.159417      320.2148         0.2221       320.2148     18563.7031       0.4292     2.9000e-14      18799.999
 0.410020   230719.9844    0.671462    1.8788e+01       3.6313    6.3040e+03    0.149196      298.4219         0.2182       298.4219     18563.7031       0.4314     2.9000e-14      18799.999
 0.410160   230860.0156    0.671609    2.0024e+01       3.6327    6.4039e+03    0.154022      309.2188         0.2197       309.2188     18563.7031       0.4297     2.9000e-14      18799.999
 0.410180   230880.0000    0.671630    2.1370e+01       3.6330    6.5088e+03    0.159118      310.7617         0.2200       310.7617     18563.7031       0.4294     2.9000e-14      18799.999
 0.410200   230900.0000    0.671651    2.0727e+01       3.6333    6.4589e+03    0.156704      312.3027         0.2202       312.3027     18563.7031       0.4292     2.9000e-14      18799.999
 0.410220   230920.0000    0.671672    1.9707e+01       3.6336    6.3777e+03    0.152798      313.8457         0.2204       313.8457     18563.7031       0.4289     2.9000e-14      18799.999
 0.411800   232500.0000    0.673330    6.2422e+00       3.6409    4.7798e+03    0.085997      435.6875         0.2383       435.6875     18563.7031       0.4092     2.9000e-14      18799.999
 0.414260   234960.0000    0.677196    1.8529e+01       3.6445    6.2708e+03    0.148164      453.9258         0.2431       453.9258     18563.7031       0.4001     2.9000e-14      18799.999
 0.414300   235000.0000    0.677267    2.0096e+01       3.6450    6.3989e+03    0.154301      453.1143         0.2431       453.1143     18563.7031       0.4001     2.9000e-14      18799.999
 0.414500   235200.0000    0.677623    2.5076e+01       3.6485    6.7598e+03    0.172362      449.0518         0.2427       449.0518     18563.7031       0.4000     2.9000e-14      18799.999
 0.414780   235479.9844    0.678121    3.2073e+01       3.6549    7.1824e+03    0.194931      443.3662         0.2422       443.3662     18563.7031       0.4000     2.9000e-14      18799.999
 0.415240   235939.9844    0.679011    2.4973e+01       3.6657    6.7370e+03    0.172008      435.7290         0.2421       435.7290     18563.7031       0.3991     2.9000e-14      18799.999
 0.415480   236179.9844    0.679509    1.9850e+01       3.6697    6.3577e+03    0.153353      432.5605         0.2423       432.5605     18563.7031       0.3983     2.9000e-14      18799.999
 0.415720   236419.9844    0.680008    1.9050e+01       3.6718    6.2909e+03    0.150233      429.3916         0.2425       429.3916     18563.7031       0.3975     2.9000e-14      18799.999
 0.415740   236440.0156    0.680050    1.8490e+01       3.6720    6.2439e+03    0.148007      429.1270         0.2426       429.1270     18563.7031       0.3975     2.9000e-14      18799.999
 0.416800   237500.0000    0.682252    9.1744e+00       3.6783    5.2360e+03    0.104256      415.1313         0.2436       415.1313     18563.7031       0.3940     2.9000e-14      18799.999
 0.419300   240000.0000    0.686540    1.0737e+01       3.6955    5.4333e+03    0.112784      466.2100         0.2484       466.2100     18563.7031       0.3845     2.9000e-14      18799.999
 0.421800   242500.0000    0.688665    6.2856e+00       3.7011    4.7490e+03    0.086295      549.3438         0.2570       549.3438     18563.7031       0.3735     2.9000e-14      18799.999
 0.423100   243799.9844    0.690078    1.7053e+01       3.7106    6.0870e+03    0.142141      576.9170         0.2577       576.9170     18563.7031       0.3712     2.9000e-14      18799.999
 0.423140   243839.9844    0.690146    1.8323e+01       3.7111    6.1969e+03    0.147336      577.2080         0.2576       577.2080     18563.7031       0.3712     2.9000e-14      18799.999
 0.423160   243859.9844    0.690180    1.9413e+01       3.7114    6.2868e+03    0.151655      577.3535         0.2575       577.3535     18563.7031       0.3713     2.9000e-14      18799.999
 0.423220   243920.0156    0.690281    2.3055e+01       3.7123    6.5621e+03    0.165270      577.7903         0.2573       577.7903     18563.7031       0.3713     2.9000e-14      18799.999
 0.423260   243960.0000    0.690349    1.7506e+01       3.7130    6.1250e+03    0.144013      578.0813         0.2572       578.0813     18563.7031       0.3714     2.9000e-14      18799.999
 0.424300   245000.0000    0.692109    9.6893e+00       3.7192    5.2787e+03    0.107142      585.6477         0.2537       585.6477     18563.7031       0.3730     2.9000e-14      18799.999
 0.426800   247500.0000    0.694794    8.9598e+00       3.7276    5.1705e+03    0.103029      540.7256         0.2540       540.7256     18563.7031       0.3696     2.9000e-14      18799.999
 0.429300   250000.0000    0.695747    4.8156e+00       3.7328    4.4241e+03    0.075533      482.3604         0.2517       482.3604     18563.7031       0.3709     2.9000e-14      18799.999
 0.431800   252500.0000    0.697818    1.1544e+01       3.7403    5.4994e+03    0.116948      405.3428         0.2519       405.3428     18563.7031       0.3684     2.9000e-14      18799.999
 0.434300   255000.0000    0.700246    9.1528e+00       3.7521    5.1812e+03    0.104133      512.5977         0.2750       512.5977     18563.7031       0.3426     2.9000e-14      18799.999
 0.436800   257500.0000    0.701164    4.7985e+00       3.7551    4.4070e+03    0.075399      545.0688         0.2798       545.0688     18563.7031       0.3368     2.9000e-14      18799.999
 0.439300   260000.0000    0.701502    4.7720e+00       3.7555    4.4006e+03    0.075190      481.7783         0.2883       481.7783     18563.7031       0.3279     2.9000e-14      18799.999
 0.440360   261060.0156    0.702596    1.5169e+01       3.7591    5.8732e+03    0.134057      453.1104         0.2911       453.1104     18563.7031       0.3239     2.9000e-14      18799.999
 0.440480   261179.9844    0.702930    1.8753e+01       3.7605    6.1919e+03    0.149055      450.8213         0.2907       450.8213     18563.7031       0.3239     2.9000e-14      18799.999
 0.440780   261480.0156    0.703765    2.3001e+01       3.7653    6.5120e+03    0.165079      445.0977         0.2897       445.0977     18563.7031       0.3240     2.9000e-14      18799.999
 0.441400   262099.9844    0.705492    1.8703e+01       3.7753    6.1755e+03    0.148855      433.2705         0.2876       433.2705     18563.7031       0.3241     2.9000e-14      18799.999
 0.441800   262500.0000    0.706606    1.7046e+01       3.7806    6.0298e+03    0.142108      425.6396         0.2863       425.6396     18563.7031       0.3242     2.9000e-14      18799.999
 0.441940   262640.0000    0.706996    1.4678e+01       3.7821    5.8074e+03    0.131871      422.9688         0.2858       422.9688     18563.7031       0.3242     2.9000e-14      18799.999
 0.444300   265000.0000    0.708981    4.6196e+00       3.7879    4.3464e+03    0.073980      451.8438         0.2801       451.8438     18563.7031       0.3278     2.9000e-14      18799.999
 0.446800   267500.0000    0.709303    4.3795e+00       3.7890    4.2882e+03    0.072032      423.0625         0.2799       423.0625     18563.7031       0.3277     2.9000e-14      18799.999
 0.449300   270000.0000    0.709579    4.4663e+00       3.7899    4.3087e+03    0.072742      460.7402         0.2804       460.7402     18563.7031       0.3268     2.9000e-14      18799.999
 0.451800   272500.0000    0.710406    5.7382e+00       3.7935    4.5851e+03    0.082452      461.0249         0.2717       461.0249     18563.7031       0.3346     2.9000e-14      18799.999
 0.454300   275000.0000    0.711232    4.6437e+00       3.7973    4.3467e+03    0.074173      473.8862         0.2752       473.8862     18563.7031       0.3302     2.9000e-14      18799.999
 0.456800   277500.0000    0.711534    4.1175e+00       3.7982    4.2174e+03    0.069844      450.9858         0.2883       450.9858     18563.7031       0.3168     2.9000e-14      18799.999
 0.459300   280000.0000    0.711723    4.3269e+00       3.7989    4.2696e+03    0.071598      510.1348         0.3044       510.1348     18563.7031       0.3004     2.9000e-14      18799.999
 0.461800   282500.0000    0.712124    5.0835e+00       3.7998    4.4446e+03    0.077605      640.2051         0.3174       640.2051     18563.7031       0.2870     2.9000e-14      18799.999
 0.464300   285000.0000    0.713415    4.9188e+00       3.8074    4.4038e+03    0.076338      762.8887         0.3174       762.8887     18563.7031       0.2856     2.9000e-14      18799.999
 0.466800   287500.0000    0.714234    4.7575e+00       3.8088    4.3665e+03    0.075076      697.1699         0.3140       697.1699     18563.7031       0.2880     2.9000e-14      18799.999
 0.469300   290000.0000    0.714888    4.0828e+00       3.8125    4.2006e+03    0.069549      463.3906         0.3059       463.3906     18563.7031       0.2954     2.9000e-14      18799.999
 0.471720   292420.0000    0.716102    1.2140e+01       3.8161    5.5134e+03    0.119928      457.7266         0.2989       457.7266     18563.7031       0.3011     2.9000e-14      18799.999
 0.471740   292440.0000    0.716114    1.2450e+01       3.8163    5.5482e+03    0.121451      458.5449         0.2989       458.5449     18563.7031       0.3011     2.9000e-14      18799.999
 0.471780   292480.0000    0.716137    1.2877e+01       3.8166    5.5949e+03    0.123514      460.1836         0.2988       460.1836     18563.7031       0.3012     2.9000e-14      18799.999
 0.471800   292500.0000    0.716149    1.2658e+01       3.8168    5.5708e+03    0.122460      461.0020         0.2987       461.0020     18563.7031       0.3012     2.9000e-14      18799.999
 0.471800   292500.0000    0.716149    1.2658e+01       3.8168    5.5708e+03    0.122460      461.0020         0.2987       461.0020     18563.7031       0.3012     2.9000e-14      18799.999
 0.471820   292520.0000    0.716161    1.2117e+01       3.8169    5.5102e+03    0.119815      461.8223         0.2987       461.8223     18563.7031       0.3012     2.9000e-14      18799.999
 0.474300   295000.0000    0.716769    4.1102e+00       3.8197    4.2037e+03    0.069782      611.6426         0.3021       611.6426     18563.7031       0.2972     2.9000e-14      18799.999
 0.476800   297500.0000    0.717136    4.2289e+00       3.8214    4.2327e+03    0.070783      559.8594         0.2927       559.8594     18563.7031       0.3061     2.9000e-14      18799.999
 0.479300   300000.0000    0.718632    9.1816e+00       3.8244    5.1360e+03    0.104297      482.3613         0.3115       482.3613     18563.7031       0.2857     2.9000e-14      18799.999
 0.479560   300260.0000    0.718832    1.0762e+01       3.8258    5.3430e+03    0.112918      476.7402         0.3148       476.7402     18563.7031       0.2821     2.9000e-14      18799.999
 0.479940   300640.0000    0.719124    2.0305e+01       3.8291    6.2594e+03    0.155101      468.5244         0.3197       468.5244     18563.7031       0.2769     2.9000e-14      18799.999
 0.480080   300780.0000    0.719507    8.3122e+00       3.8303    5.0060e+03    0.099237      470.0332         0.3204       470.0332     18563.7031       0.2758     2.9000e-14      18799.999
 0.480180   300880.0000    0.719928    1.6889e+01       3.8311    5.9761e+03    0.141455      473.5410         0.3202       473.5410     18563.7031       0.2755     2.9000e-14      18799.999
 0.480260   300960.0000    0.720265    1.1769e+01       3.8319    5.4595e+03    0.118080      476.3477         0.3201       476.3477     18563.7031       0.2752     2.9000e-14      18799.999
 0.480400   301100.0000    0.720855    1.0806e+01       3.8327    5.3437e+03    0.113149      481.2578         0.3200       481.2578     18563.7031       0.2747     2.9000e-14      18799.999
 0.480420   301120.0000    0.720939    1.1037e+01       3.8329    5.3719e+03    0.114352      481.9590         0.3199       481.9590     18563.7031       0.2747     2.9000e-14      18799.999
 0.480440   301140.0000    0.721023    1.1195e+01       3.8330    5.3909e+03    0.115166      482.6602         0.3199       482.6602     18563.7031       0.2746     2.9000e-14      18799.999
 0.480460   301160.0000    0.721107    1.1111e+01       3.8331    5.3807e+03    0.114734      483.3613         0.3199       483.3613     18563.7031       0.2745     2.9000e-14      18799.999
 0.480480   301180.0000    0.721192    1.0727e+01       3.8333    5.3335e+03    0.112733      484.0625         0.3198       484.0625     18563.7031       0.2745     2.9000e-14      18799.999
 0.480640   301340.0000    0.721865    1.0728e+01       3.8342    5.3329e+03    0.112737      489.6758         0.3196       489.6758     18563.7031       0.2739     2.9000e-14      18799.999
 0.480680   301380.0000    0.722034    1.1437e+01       3.8345    5.4188e+03    0.116406      491.0781         0.3196       491.0781     18563.7031       0.2738     2.9000e-14      18799.999
 0.480720   301420.0000    0.722202    1.1573e+01       3.8348    5.4346e+03    0.117093      492.4824         0.3195       492.4824     18563.7031       0.2737     2.9000e-14      18799.999
 0.480740   301440.0000    0.722287    1.1307e+01       3.8349    5.4030e+03    0.115738      493.1836         0.3195       493.1836     18563.7031       0.2736     2.9000e-14      18799.999
 0.480760   301460.0000    0.722371    1.0966e+01       3.8350    5.3618e+03    0.113985      493.8867         0.3195       493.8867     18563.7031       0.2735     2.9000e-14      18799.999
 0.480900   301600.0000    0.722960    2.7275e+01       3.8356    6.7328e+03    0.179761      498.7969         0.3193       498.7969     18563.7031       0.2730     2.9000e-14      18799.999
 0.481080   301780.0000    0.723718    1.0700e+01       3.8389    5.3262e+03    0.112593      505.1113         0.3191       505.1113     18563.7031       0.2724     2.9000e-14      18799.999
 0.481200   301900.0000    0.724224    4.0749e+01       3.8405    7.4389e+03    0.219721      509.3203         0.3189       509.3203     18563.7031       0.2720     2.9000e-14      18799.999
 0.481660   302360.0000    0.726161    8.7875e+01       3.8573    8.9950e+03    0.322660      525.4570         0.3183       525.4570     18563.7031       0.2705     2.9000e-14      18799.999
 0.481680   302380.0000    0.726245    2.4388e+01       3.8592    6.5271e+03    0.169981      526.1582         0.3183       526.1582     18563.7031       0.2704     2.9000e-14      18799.999
 0.481800   302500.0000    0.726750    4.5806e+01       3.8610    7.6393e+03    0.232955      530.3672         0.3181       530.3672     18563.7031       0.2700     2.9000e-14      18799.999
 0.481820   302520.0000    0.726834    6.7255e+01       3.8619    8.4083e+03    0.282277      531.0684         0.3181       531.0684     18563.7031       0.2699     2.9000e-14      18799.999
 0.481940   302640.0000    0.727340    2.3030e+01       3.8667    6.4281e+03    0.165182      535.2773         0.3180       535.2773     18563.7031       0.2695     2.9000e-14      18799.999
 0.482360   303060.0000    0.729109    1.2699e+01       3.8732    5.5346e+03    0.122657      550.0117         0.3174       550.0117     18563.7031       0.2681     2.9000e-14      18799.999
 0.482840   303540.0000    0.729963    1.0579e+01       3.8753    5.2860e+03    0.111951      598.2266         0.3158       598.2266     18563.7031       0.2688     2.9000e-14      18799.999
 0.483040   303740.0000    0.730119    1.1952e+01       3.8766    5.4489e+03    0.118997      623.6992         0.3149       623.6992     18563.7031       0.2695     2.9000e-14      18799.999
 0.483120   303820.0000    0.730181    1.0964e+01       3.8772    5.3323e+03    0.113972      633.8867         0.3146       633.8867     18563.7031       0.2697     2.9000e-14      18799.999
 0.483200   303900.0000    0.730243    1.0593e+01       3.8777    5.2863e+03    0.112029      644.0781         0.3142       644.0781     18563.7031       0.2700     2.9000e-14      18799.999
 0.484300   305000.0000    0.731101    5.0077e+00       3.8812    4.3813e+03    0.077025      784.1719         0.3096       784.1719     18563.7031       0.2737     2.9000e-14      18799.999
 0.486800   307500.0000    0.732673    4.3110e+00       3.8825    4.2196e+03    0.071467      580.9375         0.2940       580.9375     18563.7031       0.2876     2.9000e-14      18799.999
 0.487360   308060.0000    0.732992    2.5264e+01       3.8828    6.5650e+03    0.173008      489.9688         0.2900       489.9688     18563.7031       0.2912     2.9000e-14      18799.999
 0.487700   308400.0000    0.733968    7.6704e+01       3.8978    8.6491e+03    0.301455      472.8740         0.2884       472.8740     18563.7031       0.2917     2.9000e-14      18799.999
 0.487780   308480.0000    0.734326    3.2993e+01       3.9029    6.9999e+03    0.197709      475.1348         0.2881       475.1348     18563.7031       0.2916     2.9000e-14      18799.999
 0.488000   308700.0000    0.735312    1.7040e+01       3.9064    5.9314e+03    0.142086      481.3477         0.2874       481.3477     18563.7031       0.2912     2.9000e-14      18799.999
 0.489100   309800.0000    0.740239    1.0283e+01       3.9236    5.2163e+03    0.110376      512.4160         0.2838       512.4160     18563.7031       0.2893     2.9000e-14      18799.999
 0.489260   309960.0000    0.740956    1.0716e+01       3.9244    5.2698e+03    0.112674      516.9346         0.2833       516.9346     18563.7031       0.2890     2.9000e-14      18799.999
 0.489300   310000.0000    0.741135    1.2134e+01       3.9247    5.4359e+03    0.119898      518.0654         0.2832       518.0654     18563.7031       0.2890     2.9000e-14      18799.999
 0.489700   310400.0000    0.742927    1.6346e+01       3.9285    5.8535e+03    0.139161      529.3613         0.2819       529.3613     18563.7031       0.2883     2.9000e-14      18799.999
 0.489940   310640.0000    0.744002    2.8825e+01       3.9331    6.7414e+03    0.184797      536.1406         0.2811       536.1406     18563.7031       0.2879     2.9000e-14      18799.999
 0.490600   311300.0000    0.745606    1.9405e+01       3.9460    6.0964e+03    0.151626      535.8334         0.2759       535.8334     18563.7031       0.2913     2.9000e-14      18799.999
 0.491260   311960.0000    0.747074    1.0074e+01       3.9524    5.1707e+03    0.109247      533.6302         0.2703       533.6302     18563.7031       0.2953     2.9000e-14      18799.999
 0.491800   312500.0000    0.748275    8.2432e+00       3.9550    4.9162e+03    0.098824      531.8276         0.2657       531.8276     18563.7031       0.2985     2.9000e-14      18799.999
 0.494300   315000.0000    0.750899    6.3122e+00       3.9619    4.5948e+03    0.086478      573.5908         0.2713       573.5908     18563.7031       0.2900     2.9000e-14      18799.999
 0.496800   317500.0000    0.752454    4.3710e+00       3.9680    4.1882e+03    0.071962      471.6836         0.2771       471.6836     18563.7031       0.2824     2.9000e-14      18799.999
 0.497280   317980.0000    0.752758    9.9412e+00       3.9687    5.1429e+03    0.108525      439.9375         0.2775       439.9375     18563.7031       0.2817     2.9000e-14      18799.999
 0.497980   318680.0000    0.754197    1.5474e+01       3.9754    5.7397e+03    0.135400      434.8311         0.2782       434.8311     18563.7031       0.2794     2.9000e-14      18799.999
 0.499300   320000.0000    0.757771    1.3459e+01       3.9936    5.5303e+03    0.126277      460.8125         0.2796       460.8125     18563.7031       0.2741     2.9000e-14      18799.999
 0.499660   320360.0000    0.758745    1.1137e+01       3.9966    5.2725e+03    0.114865      467.8984         0.2800       467.8984     18563.7031       0.2726     2.9000e-14      18799.999
 0.501800   322500.0000    0.770916    1.2005e+01       4.0103    5.3633e+03    0.119261      520.1270         0.2712       520.1270     18563.7031       0.2685     2.9000e-14      18799.999
 0.502280   322980.0000    0.773916    6.1333e+02       4.0167    1.4327e+04    0.852430      532.2705         0.2688       532.2705     18563.7031       0.2678     2.9000e-14      18799.999
 0.502300   323000.0312    0.774041    2.1033e+02       4.0246    1.0953e+04    0.499185      532.7773         0.2687       532.7773     18563.7031       0.2677     2.9000e-14      18799.999
 0.502320   323020.0000    0.774166    1.6227e+01       4.0293    5.7693e+03    0.138655      533.2822         0.2686       533.2822     18563.7031       0.2677     2.9000e-14      18799.999
 0.502360   323060.0000    0.774416    1.9364e+02       4.0294    1.0723e+04    0.478973      534.2939         0.2684       534.2939     18563.7031       0.2676     2.9000e-14      18799.999
 0.502400   323099.9688    0.774666    6.2075e+02       4.0363    1.4336e+04    0.857575      535.3057         0.2682       535.3057     18563.7031       0.2676     2.9000e-14      18799.999
 0.502420   323120.0000    0.774791    3.4647e+02       4.0497    1.2370e+04    0.640684      535.8125         0.2681       535.8125     18563.7031       0.2675     2.9000e-14      18799.999
 0.502440   323139.9688    0.774916    9.1518e+01       4.0558    8.8616e+03    0.329280      536.3174         0.2680       536.3174     18563.7031       0.2675     2.9000e-14      18799.999
 0.502500   323200.0000    0.775291    2.4673e+02       4.0637    1.1344e+04    0.540658      537.8360         0.2677       537.8360     18563.7031       0.2674     2.9000e-14      18799.999
 0.502520   323220.0312    0.775378    1.6487e+02       4.0679    1.0251e+04    0.441957      540.4141         0.2676       540.4141     18563.7031       0.2674     2.9000e-14      18799.999
 0.502600   323300.0000    0.775726    4.3800e+01       4.0751    7.3532e+03    0.227797      550.7148         0.2670       550.7148     18563.7031       0.2675     2.9000e-14      18799.999
 0.502620   323319.9688    0.775813    8.3013e+01       4.0762    8.6265e+03    0.313606      553.2852         0.2669       553.2852     18563.7031       0.2675     2.9000e-14      18799.999
 0.502640   323340.0000    0.775900    1.3813e+02       4.0778    9.7957e+03    0.404541      555.8633         0.2668       555.8633     18563.7031       0.2676     2.9000e-14      18799.999
 0.502680   323380.0000    0.776074    7.7266e+01       4.0820    8.4672e+03    0.302557      561.0156         0.2665       561.0156     18563.7031       0.2676     2.9000e-14      18799.999
 0.502700   323399.9688    0.776161    5.7374e+01       4.0833    7.8587e+03    0.260718      563.5859         0.2664       563.5859     18563.7031       0.2676     2.9000e-14      18799.999
 0.502780   323480.0312    0.776509    2.4687e+01       4.0861    6.3626e+03    0.171019      573.8945         0.2659       573.8945     18563.7031       0.2677     2.9000e-14      18799.999
 0.503220   323920.0312    0.778423    1.5453e+01       4.0944    5.6537e+03    0.135306      630.5586         0.2631       630.5586     18563.7031       0.2682     2.9000e-14      18799.999
 0.504160   324860.0000    0.782513    1.2154e+01       4.1040    5.3180e+03    0.119995      751.6055         0.2572       751.6055     18563.7031       0.2692     2.9000e-14      18799.999
 0.504300   325000.0000    0.783122    1.2695e+01       4.1050    5.3756e+03    0.122640      769.6328         0.2563       769.6328     18563.7031       0.2694     2.9000e-14      18799.999
 0.504620   325320.0312    0.784514    9.7628e+00       4.1075    5.0325e+03    0.107547      810.8477         0.2543       810.8477     18563.7031       0.2698     2.9000e-14      18799.999
 0.505060   325760.0312    0.786285    9.6096e+00       4.1093    5.0115e+03    0.106700      852.2578         0.2485       852.2578     18563.7031       0.2735     2.9000e-14      18799.999
 0.505280   325980.0312    0.786718    1.5513e+01       4.1108    5.6479e+03    0.135569      824.6719         0.2357       824.6719     18563.7031       0.2858     2.9000e-14      18799.999
 0.505600   326299.9688    0.787347    6.3294e+01       4.1185    8.0195e+03    0.273838      784.5547         0.2172       784.5547     18563.7031       0.3036     2.9000e-14      18799.999
 0.505620   326320.0000    0.787386    4.0715e+01       4.1195    7.1811e+03    0.219628      782.0430         0.2160       782.0430     18563.7031       0.3048     2.9000e-14      18799.999
 0.505760   326460.0000    0.787662    1.1578e+01       4.1215    5.2427e+03    0.117119      764.4844         0.2079       764.4844     18563.7031       0.3126     2.9000e-14      18799.999
 0.505880   326580.0000    0.787898    9.8430e+00       4.1221    5.0338e+03    0.107988      749.4414         0.2009       749.4414     18563.7031       0.3193     2.9000e-14      18799.999
 0.506240   326940.0000    0.788606    9.5914e+00       4.1234    5.0006e+03    0.106599      704.3008         0.1801       704.3008     18563.7031       0.3394     2.9000e-14      18799.999
 0.506420   327120.0312    0.788960    1.2090e+01       4.1246    5.2978e+03    0.119683      681.7305         0.1696       681.7305     18563.7031       0.3494     2.9000e-14      18799.999
 0.506800   327500.0000    0.789707    9.6231e+00       4.1271    5.0025e+03    0.106775      634.0859         0.1476       634.0859     18563.7031       0.3706     2.9000e-14      18799.999
 0.506880   327580.0000    0.789865    9.3006e+00       4.1275    4.9598e+03    0.104971      624.0547         0.1430       624.0547     18563.7031       0.3751     2.9000e-14      18799.999
 0.509300   330000.0000    0.791582    5.1395e+00       4.1316    4.2741e+03    0.078032      500.0576         0.1062       500.0576     18563.7031       0.4099     2.9000e-14      18799.999
 0.511800   332500.0000    0.792065    4.4572e+00       4.1338    4.1235e+03    0.072668      450.9873         0.1086       450.9873     18563.7031       0.4069     2.9000e-14      18799.999
 0.514300   335000.0000    0.792352    4.5080e+00       4.1345    4.1349e+03    0.073081      433.9949         0.1129       433.9949     18563.7031       0.4023     2.9000e-14      18799.999
 0.516800   337500.0000    0.793272    6.5612e+00       4.1382    4.5396e+03    0.088167      514.3301         0.1186       514.3301     18563.7031       0.3956     2.9000e-14      18799.999
 0.519300   340000.0000    0.794564    5.9996e+00       4.1443    4.4359e+03    0.084309      445.2070         0.1220       445.2070     18563.7031       0.3908     2.9000e-14      18799.999
 0.521800   342500.0000    0.795691    5.6728e+00       4.1488    4.3719e+03    0.081981      424.7524         0.1259       424.7524     18563.7031       0.3857     2.9000e-14      18799.999
 0.524300   345000.0000    0.796746    5.8131e+00       4.1531    4.3964e+03    0.082989      468.0762         0.1311       468.0762     18563.7031       0.3793     2.9000e-14      18799.999
 0.526800   347500.0000    0.797942    6.1638e+00       4.1579    4.4586e+03    0.085455      528.3242         0.1370       528.3242     18563.7031       0.3720     2.9000e-14      18799.999
 0.529300   350000.0000    0.799317    6.2991e+00       4.1639    4.4797e+03    0.086388      598.7295         0.1426       598.7295     18563.7031       0.3649     2.9000e-14      18799.999
 0.531800   352500.0000    0.800727    6.2994e+00       4.1697    4.4766e+03    0.086390      633.2756         0.1470       633.2756     18563.7031       0.3590     2.9000e-14      18799.999
 0.534300   355000.0000    0.802104    6.2386e+00       4.1754    4.4627e+03    0.085972      610.8955         0.1884       610.8955     18563.7031       0.3160     2.9000e-14      18799.999
 0.536800   357500.0000    0.803676    7.3827e+00       4.1815    4.6512e+03    0.093523      613.7764         0.2379       613.7764     18563.7031       0.2648     2.9000e-14      18799.999
 0.537320   358020.0312    0.804020    7.6985e+00       4.1833    4.6992e+03    0.095503      617.7412         0.2477       617.7412     18563.7031       0.2546     2.9000e-14      18799.999
 0.539300   360000.0000    0.806089    1.0109e+01       4.1914    5.0254e+03    0.109437      548.6699         0.2164       548.6699     18563.7031       0.2835     2.9000e-14      18799.999
 0.539320   360020.0000    0.806111    1.0207e+01       4.1915    5.0375e+03    0.109968      547.8887         0.2161       547.8887     18563.7031       0.2839     2.9000e-14      18799.999
 0.541500   362199.9688    0.808162    7.4852e+00       4.2011    4.6563e+03    0.094170      663.7109         0.2323       663.7109     18563.7031       0.2654     2.9000e-14      18799.999
 0.541800   362500.0000    0.808425    7.1354e+00       4.2021    4.6004e+03    0.091944      692.2031         0.2381       692.2031     18563.7031       0.2593     2.9000e-14      18799.999
 0.544300   365000.0000    0.810029    5.9676e+00       4.2088    4.3959e+03    0.084084      593.6641         0.1474       593.6641     18563.7031       0.3482     2.9000e-14      18799.999
 0.546800   367500.0000    0.810838    4.6628e+00       4.2119    4.1314e+03    0.074325      738.9336         0.2193       738.9336     18563.7031       0.2754     2.9000e-14      18799.999
 0.549300   370000.0000    0.811179    3.9578e+00       4.2133    3.9649e+03    0.068476      616.9492         0.1558       616.9492     18563.7031       0.3386     2.9000e-14      18799.999
 0.551800   372500.0000    0.811557    4.8888e+00       4.2147    4.1792e+03    0.076105      663.7227         0.2208       663.7227     18563.7031       0.2731     2.9000e-14      18799.999
 0.554300   375000.0000    0.811745    3.6552e+00       4.2157    3.8857e+03    0.065807      599.0938         0.2391       599.0938     18563.7031       0.2546     2.9000e-14      18799.999
 0.555960   376660.0000    0.812461    6.8617e+00       4.2169    4.5477e+03    0.090163      429.2266         0.1785       429.2266     18563.7031       0.3144     2.9000e-14      18799.999
 0.556140   376840.0000    0.812591    8.7827e+00       4.2175    4.8368e+03    0.102006      405.6562         0.1688       405.6562     18563.7031       0.3239     2.9000e-14      18799.999
 0.556800   377500.0000    0.813066    7.9566e+00       4.2206    4.7171e+03    0.097090      319.2344         0.1333       319.2344     18563.7031       0.3589     2.9000e-14      18799.999
 0.558800   379499.9688    0.815168    1.0767e+01       4.2296    5.0822e+03    0.112942      542.5469         0.1852       542.5469     18563.7031       0.3047     2.9000e-14      18799.999
 0.559300   380000.0000    0.815783    1.0128e+01       4.2327    5.0032e+03    0.109538      663.7031         0.2196       663.7031     18563.7031       0.2696     2.9000e-14      18799.999
 0.559620   380320.0312    0.816177    8.5703e+00       4.2343    4.7977e+03    0.100765      741.2344         0.2416       741.2344     18563.7031       0.2472     2.9000e-14      18799.999
 0.560260   380960.0000    0.816743    6.7339e+00       4.2368    4.5157e+03    0.089319      818.4766         0.2543       818.4766     18563.7031       0.2338     2.9000e-14      18799.999
 0.561800   382500.0000    0.817326    4.5643e+00       4.2393    4.0962e+03    0.073536      730.6504         0.1745       730.6504     18563.7031       0.3130     2.9000e-14      18799.999
 0.564300   385000.0000    0.817754    3.6197e+00       4.2409    3.8647e+03    0.065486      748.2617         0.2271       748.2617     18563.7031       0.2599     2.9000e-14      18799.999
 0.566800   387500.0000    0.818105    5.9225e+00       4.2415    4.3706e+03    0.083766      713.1055         0.2662       713.1055     18563.7031       0.2204     2.9000e-14      18799.999
 0.569300   390000.0000    0.818895    5.2901e+00       4.2447    4.2474e+03    0.079167      580.6484         0.2643       580.6484     18563.7031       0.2215     2.9000e-14      18799.999
 0.569560   390260.0000    0.818993    6.4087e+00       4.2453    4.4557e+03    0.087136      564.7461         0.2638       564.7461     18563.7031       0.2219     2.9000e-14      18799.999
 0.570040   390740.0000    0.819187    6.7373e+00       4.2466    4.5110e+03    0.089342      538.8311         0.2628       538.8311     18563.7031       0.2227     2.9000e-14      18799.999
 0.570280   390980.0312    0.819356    7.2489e+00       4.2474    4.5939e+03    0.092672      544.8047         0.2622       544.8047     18563.7031       0.2231     2.9000e-14      18799.999
 0.571560   392260.0312    0.820259    6.7351e+00       4.2514    4.5082e+03    0.089327      576.6592         0.2591       576.6592     18563.7031       0.2251     2.9000e-14      18799.999
 0.571800   392500.0000    0.820428    6.5254e+00       4.2520    4.4723e+03    0.087926      582.6309         0.2586       582.6309     18563.7031       0.2255     2.9000e-14      18799.999
 0.572240   392940.0000    0.820739    6.2880e+00       4.2532    4.4304e+03    0.086312      593.5801         0.2575       593.5801     18563.7031       0.2262     2.9000e-14      18799.999
 0.574300   395000.0000    0.821674    5.4261e+00       4.2571    4.2682e+03    0.080178      731.6172         0.2587       731.6172     18563.7031       0.2239     2.9000e-14      18799.999
 0.576800   397500.0000    0.822581    4.9332e+00       4.2609    4.1659e+03    0.076450      618.7227         0.1751       618.7227     18563.7031       0.3066     2.9000e-14      18799.999
 0.579300   400000.0000    0.823120    4.1743e+00       4.2631    3.9945e+03    0.070324      814.3750         0.2339       814.3750     18563.7031       0.2472     2.9000e-14      18799.999
 0.581800   402500.0000    0.823316    3.5656e+00       4.2639    3.8398e+03    0.064995      681.6094         0.2084       681.6094     18563.7031       0.2724     2.9000e-14      18799.999
 0.584300   405000.0000    0.823453    4.1630e+00       4.2641    3.9913e+03    0.070229      711.6562         0.2547       711.6562     18563.7031       0.2260     2.9000e-14      18799.999
 0.585500   406200.0000    0.823612    6.1457e+00       4.2650    4.3991e+03    0.085330      756.3228         0.2839       756.3228     18563.7031       0.1966     2.9000e-14      18799.999
 0.585580   406280.0000    0.823630    9.9734e+00       4.2653    4.9649e+03    0.108701      755.9460         0.2842       755.9460     18563.7031       0.1963     2.9000e-14      18799.999
 0.585640   406340.0000    0.823645    1.5405e+01       4.2658    5.5347e+03    0.135098      755.6633         0.2844       755.6633     18563.7031       0.1961     2.9000e-14      18799.999
 0.585700   406399.9688    0.823658    5.1153e+00       4.2661    4.2013e+03    0.077848      755.3811         0.2847       755.3811     18563.7031       0.1958     2.9000e-14      18799.999
 0.585760   406460.0000    0.823673    6.8345e+00       4.2663    4.5168e+03    0.089984      755.0984         0.2849       755.0984     18563.7031       0.1956     2.9000e-14      18799.999
 0.586800   407500.0000    0.823915    3.8437e+00       4.2668    3.9112e+03    0.067482      750.2019         0.2890       750.2019     18563.7031       0.1912     2.9000e-14      18799.999
 0.589300   410000.0000    0.824121    3.5009e+00       4.2672    3.8208e+03    0.064403      614.9727         0.2808       614.9727     18563.7031       0.1992     2.9000e-14      18799.999
 0.591800   412500.0000    0.824182    3.5364e+00       4.2674    3.8303e+03    0.064728      617.7500         0.2908       617.7500     18563.7031       0.1891     2.9000e-14      18799.999
 0.594300   415000.0000    0.824736    5.2938e+00       4.2687    4.2361e+03    0.079195      817.5625         0.3004       817.5625     18563.7031       0.1788     2.9000e-14      18799.999
 0.594420   415120.0312    0.824772    5.6033e+00       4.2689    4.2966e+03    0.081477      829.4844         0.3007       829.4844     18563.7031       0.1785     2.9000e-14      18799.999
 0.594580   415280.0000    0.824820    6.2720e+00       4.2693    4.4193e+03    0.086201      845.3750         0.3011       845.3750     18563.7031       0.1781     2.9000e-14      18799.999
 0.594920   415619.9688    0.824921    7.0602e+00       4.2703    4.5515e+03    0.091458      879.1406         0.3018       879.1406     18563.7031       0.1772     2.9000e-14      18799.999
 0.595220   415920.0312    0.824999    6.4248e+00       4.2713    4.4449e+03    0.087245      888.3245         0.2978       888.3245     18563.7031       0.1812     2.9000e-14      18799.999
 0.595480   416180.0312    0.825062    5.5347e+00       4.2719    4.2819e+03    0.080977      889.7783         0.2928       889.7783     18563.7031       0.1861     2.9000e-14      18799.999
 0.596800   417500.0000    0.825385    3.5173e+00       4.2730    3.8226e+03    0.064553      897.1604         0.2676       897.1604     18563.7031       0.2110     2.9000e-14      18799.999
 0.599300   420000.0000    0.825671    3.7870e+00       4.2735    3.8936e+03    0.066982      901.0750         0.2550       901.0750     18563.7031       0.2233     2.9000e-14      18799.999
 0.601800   422500.0000    0.825815    3.6029e+00       4.2741    3.8452e+03    0.065334     1022.8477         0.2602      1022.8477     18563.7031       0.2179     2.9000e-14      18799.999
 0.604300   425000.0000    0.826063    3.8415e+00       4.2754    3.9068e+03    0.067463     1145.9941         0.2651      1145.9941     18563.7031       0.2127     2.9000e-14      18799.999
 0.606800   427500.0000    0.826388    4.1019e+00       4.2766    3.9708e+03    0.069711      603.6406         0.2409       603.6406     18563.7031       0.2366     2.9000e-14      18799.999
 0.609300   430000.0000    0.826663    3.7772e+00       4.2777    3.8892e+03    0.066895      443.1602         0.2347       443.1602     18563.7031       0.2424     2.9000e-14      18799.999
 0.611180   431880.0000    0.828175    5.4417e+00       4.2786    4.2605e+03    0.080293      453.8560         0.2366       453.8560     18563.7031       0.2388     2.9000e-14      18799.999
 0.611380   432079.9688    0.828419    2.2305e+01       4.2811    6.0604e+03    0.162561      451.5898         0.2367       451.5898     18563.7031       0.2384     2.9000e-14      18799.999
 0.611540   432240.0312    0.828615    3.7971e+01       4.2844    6.9199e+03    0.212100      449.7764         0.2368       449.7764     18563.7031       0.2382     2.9000e-14      18799.999
 0.611620   432320.0000    0.828713    2.1495e+01       4.2864    6.0009e+03    0.159582      448.8701         0.2368       448.8701     18563.7031       0.2380     2.9000e-14      18799.999
 0.611800   432500.0000    0.828933    1.0698e+01       4.2886    5.0391e+03    0.112583      446.8301         0.2369       446.8301     18563.7031       0.2377     2.9000e-14      18799.999
 0.611820   432519.9688    0.828957    7.7241e+00       4.2887    4.6449e+03    0.095662      446.6040         0.2369       446.6040     18563.7031       0.2377     2.9000e-14      18799.999
 0.612040   432739.9688    0.829226    5.6762e+00       4.2895    4.3002e+03    0.082005      444.1108         0.2370       444.1108     18563.7031       0.2373     2.9000e-14      18799.999
 0.612620   433320.0000    0.829806    5.3073e+00       4.2911    4.2278e+03    0.079296      438.5712         0.2366       438.5712     18563.7031       0.2370     2.9000e-14      18799.999
 0.614300   435000.0000    0.830057    3.5032e+00       4.2923    3.8102e+03    0.064424      433.9949         0.2289       433.9949     18563.7031       0.2444     2.9000e-14      18799.999
 0.616260   436960.0000    0.830664    5.0166e+00       4.2931    4.1677e+03    0.077093      453.5088         0.2263       453.5088     18563.7031       0.2462     2.9000e-14      18799.999
 0.616620   437320.0000    0.830807    5.6981e+00       4.2938    4.3022e+03    0.082164      459.6299         0.2264       459.6299     18563.7031       0.2458     2.9000e-14      18799.999
 0.616800   437500.0000    0.830878    6.1419e+00       4.2942    4.3834e+03    0.085303      462.6904         0.2265       462.6904     18563.7031       0.2457     2.9000e-14      18799.999
 0.617620   438320.0000    0.831223    7.4871e+00       4.2969    4.6044e+03    0.094182      476.8311         0.2276       476.8311     18563.7031       0.2442     2.9000e-14      18799.999
 0.618660   439359.9688    0.831800    5.6245e+00       4.3002    4.2850e+03    0.081631      496.2520         0.2338       496.2520     18563.7031       0.2372     2.9000e-14      18799.999
 0.619260   439960.0000    0.832132    4.9526e+00       4.3013    4.1503e+03    0.076600      507.4561         0.2374       507.4561     18563.7031       0.2331     2.9000e-14      18799.999
 0.619300   440000.0000    0.832154    4.8802e+00       4.3014    4.1351e+03    0.076038      508.2031         0.2376       508.2031     18563.7031       0.2329     2.9000e-14      18799.999
 0.621800   442500.0000    0.832683    3.2957e+00       4.3029    3.7479e+03    0.062486      533.1987         0.2432       533.1987     18563.7031       0.2263     2.9000e-14      18799.999
 0.622760   443460.0000    0.832890    4.9250e+00       4.3034    4.1436e+03    0.076387      538.7173         0.2448       538.7173     18563.7031       0.2243     2.9000e-14      18799.999
 0.623360   444059.9688    0.833240    5.8225e+00       4.3045    4.3201e+03    0.083055      540.7515         0.2473       540.7515     18563.7031       0.2213     2.9000e-14      18799.999
 0.624300   445000.0000    0.833788    6.4413e+00       4.3069    4.4293e+03    0.087357      543.9387         0.2512       543.9387     18563.7031       0.2166     2.9000e-14      18799.999
 0.625040   445740.0000    0.834223    6.8239e+00       4.3093    4.4924e+03    0.089915      545.1641         0.2541       545.1641     18563.7031       0.2131     2.9000e-14      18799.999
 0.626800   447500.0000    0.835419    6.5728e+00       4.3144    4.4479e+03    0.088245      494.6738         0.2551       494.6738     18563.7031       0.2104     2.9000e-14      18799.999
 0.627360   448060.0000    0.835800    5.7789e+00       4.3159    4.3063e+03    0.082744      478.6074         0.2555       478.6074     18563.7031       0.2095     2.9000e-14      18799.999
 0.627980   448680.0000    0.835984    4.7880e+00       4.3171    4.1079e+03    0.075316      508.0469         0.2573       508.0469     18563.7031       0.2073     2.9000e-14      18799.999
 0.629300   450000.0000    0.836228    3.5390e+00       4.3181    3.8085e+03    0.064752      600.0586         0.2623       600.0586     18563.7031       0.2018     2.9000e-14      18799.999
 0.631800   452500.0000    0.836663    4.6473e+00       4.3191    4.0764e+03    0.074201      671.2891         0.2733       671.2891     18563.7031       0.1898     2.9000e-14      18799.999
 0.638480   459180.0000    0.837693    3.4478e+00       4.3239    3.7812e+03    0.063912      690.8066         0.2943       690.8066     18563.7031       0.1662     2.9000e-14      18799.999
