Time (Myr)  Time-t0 (yr) Mstar (Msun)  Lstar (Lsun)  Rstar (Rsun)  Tstar (K)  Rdisk_in (AU)  Rdisk_out (AU)  Mdisk (Msun)  Renv_in (AU)  Renv_out (AU)  Menv (Msun)  Omega_0 (1/s)   c_s (cm/s)
 0.020860        0.0000    0.001838    0.0000e+00    1078.0000    0.0000e+00    0.000000        0.0000         0.0000         4.8620      2062.6335       0.1515     3.9000e-13      18799.999
 0.021060      199.9000    0.003369    8.2190e-04    1078.0000    2.9756e+01    0.000987        0.0000         0.0000         4.8620      2062.6335       0.1504     3.9000e-13      18799.999
 0.021260      399.9000    0.004901    1.0911e-03    1078.0000    3.1940e+01    0.001137        0.0000         0.0000         4.8620      2062.6335       0.1493     3.9000e-13      18799.999
 0.021460      599.8000    0.006433    1.3366e-03    1078.0000    3.3602e+01    0.001258        0.0000         0.0000         4.8620      2062.6335       0.1483     3.9000e-13      18799.999
 0.021660      799.7000    0.007964    1.5691e-03    1078.0000    3.4977e+01    0.001363        0.0000         0.0000         4.8620      2062.6335       0.1472     3.9000e-13      18799.999
 0.021860      999.7000    0.009497    1.7926e-03    1078.0000    3.6161e+01    0.001457        0.0000         0.0000         4.8620      2062.6335       0.1461     3.9000e-13      18799.999
 0.022060     1199.7000    0.011029    2.0091e-03    1078.0000    3.7207e+01    0.001543        0.0000         0.0000         4.8620      2062.6335       0.1450     3.9000e-13      18799.999
 0.022260     1399.7000    0.012561    2.2203e-03    1078.0000    3.8148e+01    0.001622        0.0000         0.0000         4.8620      2062.6335       0.1439     3.9000e-13      18799.999
 0.022460     1599.8000    0.014094    2.4272e-03    1078.0000    3.9007e+01    0.001696        0.0000         0.0000         4.8620      2062.6335       0.1428     3.9000e-13      18799.999
 0.022660     1799.8000    0.014999    2.5247e-03    1078.0000    3.9393e+01    0.001729        0.0000         0.0000         4.8620      2062.6335       0.1418     3.9000e-13      18799.999
 0.022860     1999.7000    0.015746    2.5977e-03    1078.0000    3.9675e+01    0.001754        0.0000         0.0000         4.8620      2062.6335       0.1408     3.9000e-13      18799.999
 0.023060     2199.8000    0.016494    2.6728e-03    1078.0000    3.9959e+01    0.001780        0.0000         0.0000         4.8620      2062.6335       0.1397     3.9000e-13      18799.999
 0.023260     2399.8000    0.017242    2.7495e-03    1078.0000    4.0242e+01    0.001805        0.0000         0.0000         4.8620      2062.6335       0.1387     3.9000e-13      18799.999
 0.023460     2599.7000    0.017990    2.8276e-03    1078.0000    4.0525e+01    0.001830        0.0000         0.0000         4.8620      2062.6335       0.1377     3.9000e-13      18799.999
 0.023660     2799.8000    0.018738    2.9071e-03    1078.0000    4.0807e+01    0.001856        0.0000         0.0000         4.8620      2062.6335       0.1367     3.9000e-13      18799.999
 0.023860     2999.7000    0.019485    2.9877e-03    1078.0000    4.1087e+01    0.001881        0.0000         0.0000         4.8620      2062.6335       0.1357     3.9000e-13      18799.999
 0.024060     3199.8000    0.020234    3.0695e-03    1078.0000    4.1365e+01    0.001907        0.0000         0.0000         4.8620      2062.6335       0.1347     3.9000e-13      18799.999
 0.024260     3399.7000    0.020981    3.1523e-03    1078.0000    4.1641e+01    0.001933        0.0000         0.0000         4.8620      2062.6335       0.1337     3.9000e-13      18799.999
 0.024460     3599.7000    0.021729    3.2362e-03    1078.0000    4.1916e+01    0.001958        0.0000         0.0000         4.8620      2062.6335       0.1327     3.9000e-13      18799.999
 0.024660     3799.7000    0.022477    3.3213e-03    1078.0000    4.2188e+01    0.001984        0.0000         0.0000         4.8620      2062.6335       0.1316     3.9000e-13      18799.999
 0.024860     3999.7000    0.023225    3.4074e-03    1078.0000    4.2459e+01    0.002009        0.0000         0.0000         4.8620      2062.6335       0.1306     3.9000e-13      18799.999
 0.025060     4199.7002    0.024213    3.5298e-03    1078.0000    4.2836e+01    0.002045        0.0000         0.0000         4.8620      2062.6335       0.1295     3.9000e-13      18799.999
 0.025260     4399.7002    0.025762    3.7343e-03    1078.0000    4.3443e+01    0.002103        0.0000         0.0000         4.8620      2062.6335       0.1282     3.9000e-13      18799.999
 0.025460     4599.7998    0.027312    3.9391e-03    1078.0000    4.4027e+01    0.002160        0.0000         0.0000         4.8620      2062.6335       0.1269     3.9000e-13      18799.999
 0.025660     4799.7998    0.028861    4.1442e-03    1078.0000    4.4589e+01    0.002216        0.0000         0.0000         4.8620      2062.6335       0.1255     3.9000e-13      18799.999
 0.025860     4999.7002    0.030409    4.3500e-03    1078.0000    4.5133e+01    0.002270        0.0000         0.0000         4.8620      2062.6335       0.1242     3.9000e-13      18799.999
 0.026060     5199.7002    0.031958    4.5571e-03    1078.0000    4.5660e+01    0.002324        0.0000         0.0000         4.8620      2062.6335       0.1229     3.9000e-13      18799.999
 0.026260     5399.7998    0.033508    4.7658e-03    1078.0000    4.6174e+01    0.002376        0.0000         0.0000         4.8620      2062.6335       0.1215     3.9000e-13      18799.999
 0.026460     5599.7002    0.035057    4.9762e-03    1078.0000    4.6676e+01    0.002428        0.0000         0.0000         4.8620      2062.6335       0.1202     3.9000e-13      18799.999
 0.026660     5799.7002    0.036606    5.1891e-03    1078.0000    4.7167e+01    0.002479        0.0000         0.0000         4.8620      2062.6335       0.1189     3.9000e-13      18799.999
 0.026860     5999.7998    0.038156    5.4050e-03    1078.0000    4.7650e+01    0.002531        0.0000         0.0000         4.8620      2062.6335       0.1175     3.9000e-13      18799.999
 0.027060     6199.7998    0.039705    5.6244e-03    1077.9900    4.8127e+01    0.002581        0.0000         0.0000         4.8620      2062.6335       0.1162     3.9000e-13      18799.999
 0.027260     6399.7998    0.041254    5.8484e-03    1077.9900    4.8599e+01    0.002632        0.0000         0.0000         4.8620      2062.6335       0.1149     3.9000e-13      18799.999
 0.027460     6599.7002    0.042802    6.0782e-03    1077.9900    4.9070e+01    0.002683        0.0000         0.0000         4.8620      2062.6335       0.1135     3.9000e-13      18799.999
 0.027660     6799.7002    0.043488    6.1929e-03    1077.9900    4.9300e+01    0.002709        0.0000         0.0000         4.8620      2062.6335       0.1122     3.9000e-13      18799.999
 0.027860     6999.7998    0.043958    6.2863e-03    1077.9800    4.9485e+01    0.002729        0.0000         0.0000         4.8620      2062.6335       0.1108     3.9000e-13      18799.999
 0.028060     7199.7002    0.044427    6.3909e-03    1077.9800    4.9689e+01    0.002752        0.0000         0.0000         4.8620      2062.6335       0.1095     3.9000e-13      18799.999
 0.028260     7399.7002    0.044897    6.5104e-03    1077.9700    4.9920e+01    0.002777        0.0000         0.0000         4.8620      2062.6335       0.1081     3.9000e-13      18799.999
 0.028460     7599.7002    0.045366    6.6588e-03    1077.9600    5.0202e+01    0.002809        0.0000         0.0000         4.8620      2062.6335       0.1067     3.9000e-13      18799.999
 0.028660     7799.7002    0.045836    8.9217e-18    1077.9500    9.6048e-03    0.000000        0.0000         0.0000         4.8620      2062.6335       0.1054     3.9000e-13      18799.999
 0.028860     7999.7998    0.046306    1.7906e-11    1077.9300    3.6152e-01    0.000000        0.0000         0.0000         4.8620      2062.6335       0.1040     3.9000e-13      18799.999
 0.029060     8199.7002    0.046776    3.3285e-03    1077.9100    4.2213e+01    0.001986       11.1904         0.0052        11.1904      2062.6335       0.1027     3.9000e-13      18799.999
 0.029260     8399.7002    0.047245    5.4689e-03    1077.8900    4.7793e+01    0.002545       12.6251         0.0059        12.6251      2062.6335       0.1013     3.9000e-13      18799.999
 0.029460     8599.7002    0.047715    1.1555e-03    1077.8600    3.2403e+01    0.001170       14.0598         0.0066        14.0598      2062.6335       0.0999     3.9000e-13      18799.999
 0.029660     8799.7002    0.048185    3.2172e-03    1077.8200    4.1857e+01    0.001952       15.4944         0.0073        15.4944      2062.6335       0.0986     3.9000e-13      18799.999
 0.029860     8999.7998    0.048654    7.9363e-03    1077.7800    5.2459e+01    0.003066       16.9298         0.0079        16.9298      2062.6335       0.0972     3.9000e-13      18799.999
 0.030060     9199.7002    0.049143    1.4918e-03    1077.7200    3.4542e+01    0.001329       18.6450         0.0086        18.6450      2062.6335       0.0959     3.9000e-13      18799.999
 0.030260     9399.7002    0.049674    6.7690e-03    1077.6500    5.0416e+01    0.002832       21.0167         0.0092        21.0167      2062.6335       0.0947     3.9000e-13      18799.999
 0.030460     9599.7998    0.050206    6.4660e-03    1077.5700    4.9844e+01    0.002768       23.3896         0.0098        23.3896      2062.6335       0.0936     3.9000e-13      18799.999
 0.030660     9799.7002    0.050738    5.3629e-03    1077.4700    4.7569e+01    0.002521       25.7602         0.0104        25.7602      2062.6335       0.0924     3.9000e-13      18799.999
 0.030860     9999.7002    0.051270    6.1764e-03    1077.3500    4.9281e+01    0.002705       28.1319         0.0109        28.1319      2062.6335       0.0912     3.9000e-13      18799.999
 0.031060    10199.7002    0.051801    5.8541e-03    1077.2100    4.8629e+01    0.002634       30.5037         0.0115        30.5037      2062.6335       0.0900     3.9000e-13      18799.999
 0.031260    10399.7002    0.052333    5.4650e-03    1077.0400    4.7803e+01    0.002545       32.8754         0.0121        32.8754      2062.6335       0.0888     3.9000e-13      18799.999
 0.031460    10599.7998    0.052865    6.3431e-03    1076.8400    4.9622e+01    0.002741       35.2484         0.0127        35.2484      2062.6335       0.0877     3.9000e-13      18799.999
 0.031660    10799.7002    0.053397    6.2825e-03    1076.6000    4.9509e+01    0.002728       37.6189         0.0133        37.6189      2062.6335       0.0865     3.9000e-13      18799.999
 0.031860    10999.7002    0.053928    4.7730e-03    1076.3200    4.6228e+01    0.002378       39.9907         0.0139        39.9907      2062.6335       0.0853     3.9000e-13      18799.999
 0.032060    11199.7002    0.054460    7.5530e-04    1075.9800    2.9161e+01    0.000946       42.3624         0.0145        42.3624      2062.6335       0.0841     3.9000e-13      18799.999
 0.032260    11399.7002    0.054992    4.8527e-03    1075.5900    4.6435e+01    0.002398       44.7342         0.0151        44.7342      2062.6335       0.0829     3.9000e-13      18799.999
 0.032460    11599.7002    0.055524    6.9290e-03    1075.1300    5.0771e+01    0.002865       47.1059         0.0156        47.1059      2062.6335       0.0818     3.9000e-13      18799.999
 0.032660    11799.7998    0.056047    4.0022e-03    1074.6000    4.4272e+01    0.002178       48.0246         0.0161        48.0246      2062.6335       0.0807     3.9000e-13      18799.999
 0.032860    11999.7998    0.056568    3.1171e-03    1073.9700    4.1602e+01    0.001922       48.5798         0.0165        48.5798      2062.6335       0.0798     3.9000e-13      18799.999
 0.033060    12199.7002    0.057089    4.9482e-03    1073.2400    4.6713e+01    0.002421       49.1347         0.0169        49.1347      2062.6335       0.0788     3.9000e-13      18799.999
 0.033260    12399.7998    0.057611    8.4993e-03    1072.4000    5.3499e+01    0.003173       49.6902         0.0173        49.6902      2062.6335       0.0778     3.9000e-13      18799.999
 0.033460    12599.7002    0.058131    3.7668e-03    1071.4300    4.3671e+01    0.002113       50.2451         0.0177        50.2451      2062.6335       0.0768     3.9000e-13      18799.999
 0.033660    12799.7002    0.058652    4.5091e-03    1070.3000    4.5703e+01    0.002311       50.8003         0.0181        50.8003      2062.6335       0.0758     3.9000e-13      18799.999
 0.033860    12999.7002    0.059174    5.9845e-03    1069.0100    4.9084e+01    0.002663       51.3555         0.0186        51.3555      2062.6335       0.0748     3.9000e-13      18799.999
 0.034060    13199.7002    0.059695    4.8399e-03    1067.5200    4.6580e+01    0.002395       51.9107         0.0190        51.9107      2062.6335       0.0738     3.9000e-13      18799.999
 0.034260    13399.7002    0.060216    4.5448e-03    1065.8200    4.5890e+01    0.002320       52.4659         0.0194        52.4659      2062.6335       0.0728     3.9000e-13      18799.999
 0.034460    13599.7002    0.060737    3.6470e-03    1063.8700    4.3473e+01    0.002079       53.0211         0.0198        53.0211      2062.6335       0.0718     3.9000e-13      18799.999
 0.034660    13799.7002    0.061258    5.9194e-03    1061.6400    4.9120e+01    0.002648       53.5763         0.0202        53.5763      2062.6335       0.0708     3.9000e-13      18799.999
 0.034860    13999.7002    0.061779    3.3717e-03    1059.1100    4.2724e+01    0.001999       54.1315         0.0206        54.1315      2062.6335       0.0699     3.9000e-13      18799.999
 0.035060    14199.7002    0.062293    3.5965e-03    1056.2200    4.3478e+01    0.002064       55.7383         0.0210        55.7383      2062.6335       0.0689     3.9000e-13      18799.999
 0.035260    14399.7002    0.062788    4.3558e-03    1052.9500    4.5681e+01    0.002272       59.7992         0.0213        59.7992      2062.6335       0.0680     3.9000e-13      18799.999
 0.035460    14599.7002    0.063284    3.5364e-03    1049.2400    4.3439e+01    0.002047       63.8600         0.0216        63.8600      2062.6335       0.0672     3.9000e-13      18799.999
 0.035660    14799.7002    0.063779    1.2178e-02    1045.0400    5.9294e+01    0.003798       67.9210         0.0219        67.9210      2062.6335       0.0663     3.9000e-13      18799.999
 0.035680    14819.7998    0.063829    1.4783e-02    1044.5900    6.2251e+01    0.004185       68.3291         0.0220        68.3291      2062.6335       0.0662     3.9000e-13      18799.999
 0.035860    14999.7998    0.064275    3.3941e-03    1040.3000    4.3180e+01    0.002005       71.9838         0.0222        71.9838      2062.6335       0.0655     3.9000e-13      18799.999
 0.036060    15199.7998    0.064770    2.6941e-03    1034.9600    4.0862e+01    0.001787       76.0447         0.0226        76.0447      2062.6335       0.0646     3.9000e-13      18799.999
 0.036260    15399.7002    0.065265    4.6793e-03    1028.9600    4.7046e+01    0.002355       80.1036         0.0229        80.1036      2062.6335       0.0637     3.9000e-13      18799.999
 0.036460    15599.7002    0.065761    5.2361e-03    1022.2200    4.8546e+01    0.002491       84.1644         0.0232        84.1644      2062.6335       0.0629     3.9000e-13      18799.999
 0.036660    15799.7998    0.066256    5.4062e-03    1014.6700    4.9118e+01    0.002531       88.2274         0.0235        88.2274      2062.6335       0.0620     3.9000e-13      18799.999
 0.036860    15999.7002    0.066752    2.7718e-03    1006.2200    4.1737e+01    0.001812       92.2862         0.0238        92.2862      2062.6335       0.0611     3.9000e-13      18799.999
 0.037060    16199.7998    0.067247    3.9885e-03     996.7850    4.5928e+01    0.002174       96.3491         0.0241        96.3491      2062.6335       0.0603     3.9000e-13      18799.999
 0.037260    16399.6992    0.067742    2.7652e-03     986.2810    4.2132e+01    0.001810      100.4079         0.0244       100.4079      2062.6335       0.0594     3.9000e-13      18799.999
 0.037460    16599.6992    0.068238    4.0470e-03     974.6060    4.6617e+01    0.002190      104.4688         0.0247       104.4688      2062.6335       0.0585     3.9000e-13      18799.999
 0.037660    16799.6992    0.068565    3.2920e-03     961.6630    4.4569e+01    0.001975      105.8380         0.0250       105.8380      2062.6335       0.0579     3.9000e-13      18799.999
 0.037860    16999.6992    0.068849    4.1739e-03     947.3520    4.7649e+01    0.002224      106.5342         0.0253       106.5342      2062.6335       0.0573     3.9000e-13      18799.999
 0.038060    17199.8008    0.069133    3.0904e-03     931.5720    4.4573e+01    0.001913      107.2308         0.0256       107.2308      2062.6335       0.0567     3.9000e-13      18799.999
 0.038260    17399.6992    0.069418    3.8467e-03     914.2360    4.7525e+01    0.002135      107.9267         0.0259       107.9267      2062.6335       0.0561     3.9000e-13      18799.999
 0.038440    17579.6992    0.069674    2.5541e-02     897.2300    7.7008e+01    0.005501      108.5533         0.0262       108.5533      2062.6335       0.0555     3.9000e-13      18799.999
 0.038460    17599.6992    0.069702    9.1226e-03     895.2550    5.9598e+01    0.003288      108.6229         0.0262       108.6229      2062.6335       0.0555     3.9000e-13      18799.999
 0.038660    17799.6992    0.069987    1.9926e-03     874.5550    4.1223e+01    0.001536      109.3192         0.0265       109.3192      2062.6335       0.0548     3.9000e-13      18799.999
 0.038860    17999.6992    0.070271    1.8774e-03     852.0900    4.1146e+01    0.001491      110.0154         0.0268       110.0154      2062.6335       0.0542     3.9000e-13      18799.999
 0.039060    18199.6992    0.070555    4.2218e-03     827.8270    5.1119e+01    0.002236      110.7117         0.0271       110.7117      2062.6335       0.0536     3.9000e-13      18799.999
 0.039260    18399.6992    0.070840    2.4741e-03     801.7930    4.5446e+01    0.001712      111.4079         0.0274       111.4079      2062.6335       0.0530     3.9000e-13      18799.999
 0.039460    18599.6992    0.071124    2.9909e-03     774.0200    4.8501e+01    0.001882      112.1041         0.0277       112.1041      2062.6335       0.0524     3.9000e-13      18799.999
 0.039660    18799.6992    0.071409    2.7732e-03     744.6180    4.8524e+01    0.001813      112.8004         0.0280       112.8004      2062.6335       0.0518     3.9000e-13      18799.999
 0.039860    18999.6992    0.071693    4.3353e-03     713.7330    5.5420e+01    0.002266      113.4966         0.0282       113.4966      2062.6335       0.0512     3.9000e-13      18799.999
 0.040060    19199.6992    0.071976    4.3882e-03     681.5720    5.6884e+01    0.002280      113.5299         0.0285       113.5299      2062.6335       0.0506     3.9000e-13      18799.999
 0.040260    19399.6992    0.072258    4.8205e-03     648.3860    5.9708e+01    0.002390      112.0161         0.0287       112.0161      2062.6335       0.0502     3.9000e-13      18799.999
 0.040460    19599.6992    0.072539    5.2102e-03     614.4740    6.2537e+01    0.002485      110.5022         0.0288       110.5022      2062.6335       0.0497     3.9000e-13      18799.999
 0.040660    19799.6992    0.072820    4.0642e-03     580.1530    6.0485e+01    0.002194      108.9884         0.0290       108.9884      2062.6335       0.0492     3.9000e-13      18799.999
 0.040860    19999.6992    0.073101    3.1415e-03     545.7830    5.8472e+01    0.001929      107.4746         0.0291       107.4746      2062.6335       0.0488     3.9000e-13      18799.999
 0.041060    20199.6992    0.073382    1.5775e-03     511.7020    5.0835e+01    0.001367      105.9608         0.0293       105.9608      2062.6335       0.0483     3.9000e-13      18799.999
 0.041260    20399.6992    0.073664    4.1261e-03     478.2270    6.6872e+01    0.002211      104.4470         0.0294       104.4470      2062.6335       0.0478     3.9000e-13      18799.999
 0.041460    20599.6992    0.073945    6.0519e-03     445.6570    7.6234e+01    0.002678      102.9332         0.0296       102.9332      2062.6335       0.0473     3.9000e-13      18799.999
 0.041660    20799.6992    0.074226    9.5035e-03     414.2450    8.8516e+01    0.003355      101.4193         0.0298       101.4193      2062.6335       0.0469     3.9000e-13      18799.999
 0.041780    20919.6992    0.074395    4.1551e-02     396.0430    1.3090e+02    0.007016      100.5111         0.0298       100.5111      2062.6335       0.0466     3.9000e-13      18799.999
 0.041860    20999.6992    0.074507    1.4748e-02     384.1940    1.0259e+02    0.004180       99.9055         0.0299        99.9055      2062.6335       0.0464     3.9000e-13      18799.999
 0.042060    21199.8008    0.074788    5.0817e-03     355.6450    8.1690e+01    0.002454       98.3910         0.0301        98.3910      2062.6335       0.0459     3.9000e-13      18799.999
 0.042260    21399.6992    0.075070    5.6699e-03     328.7090    8.7330e+01    0.002592       96.8779         0.0302        96.8779      2062.6335       0.0455     3.9000e-13      18799.999
 0.042460    21599.6992    0.075351    1.0499e-02     303.4250    1.0603e+02    0.003527       95.3641         0.0304        95.3641      2062.6335       0.0450     3.9000e-13      18799.999
 0.042660    21799.6992    0.075562    1.1193e-02     279.8090    1.1220e+02    0.003641       96.3557         0.0307        96.3557      2062.6335       0.0445     3.9000e-13      18799.999
 0.042860    21999.6992    0.075755    6.7457e-03     257.8470    1.0298e+02    0.002827       97.9735         0.0310        97.9735      2062.6335       0.0439     3.9000e-13      18799.999
 0.043060    22199.6992    0.075949    4.1896e-03     237.4890    9.5257e+01    0.002228       99.5914         0.0314        99.5914      2062.6335       0.0433     3.9000e-13      18799.999
 0.043260    22399.6992    0.076142    1.1338e-02     218.6740    1.2732e+02    0.003665      101.2093         0.0317       101.2093      2062.6335       0.0428     3.9000e-13      18799.999
 0.043460    22599.6992    0.076336    1.7795e-02     201.3220    1.4853e+02    0.004592      102.8272         0.0321       102.8272      2062.6335       0.0422     3.9000e-13      18799.999
 0.043660    22799.6992    0.076529    4.3415e-03     185.3510    1.0879e+02    0.002268      104.4451         0.0324       104.4451      2062.6335       0.0417     3.9000e-13      18799.999
 0.043860    22999.6992    0.076722    1.7182e-02     170.6730    1.5990e+02    0.004512      106.0630         0.0328       106.0630      2062.6335       0.0411     3.9000e-13      18799.999
 0.044060    23199.6992    0.076916    1.2610e-02     157.1980    1.5422e+02    0.003865      107.6809         0.0331       107.6809      2062.6335       0.0405     3.9000e-13      18799.999
 0.044260    23399.6992    0.077109    1.3854e-02     144.8360    1.6449e+02    0.004051      109.2988         0.0335       109.2988      2062.6335       0.0400     3.9000e-13      18799.999
 0.044460    23599.6992    0.077303    1.7454e-02     133.5020    1.8151e+02    0.004547      110.9167         0.0338       110.9167      2062.6335       0.0394     3.9000e-13      18799.999
 0.044660    23799.6992    0.077496    7.0491e-03     123.1120    1.5068e+02    0.002890      112.5346         0.0341       112.5346      2062.6335       0.0389     3.9000e-13      18799.999
 0.044860    23999.6992    0.077690    9.2576e-03     113.5940    1.6793e+02    0.003312      114.1525         0.0345       114.1525      2062.6335       0.0383     3.9000e-13      18799.999
 0.045060    24199.6992    0.077953    1.0834e-02     104.8730    1.8178e+02    0.003583      115.7983         0.0347       115.7983      2062.6335       0.0378     3.9000e-13      18799.999
 0.045260    24399.6992    0.078378    1.6996e-02      96.8801    2.1166e+02    0.004487      117.5093         0.0346       117.5093      2062.6335       0.0374     3.9000e-13      18799.999
 0.045460    24599.6992    0.078803    7.8524e-03      89.5553    1.8150e+02    0.003050      119.2204         0.0345       119.2204      2062.6335       0.0370     3.9000e-13      18799.999
 0.045660    24799.6992    0.079228    1.6159e-01      82.8412    4.0194e+02    0.013836      120.9314         0.0344       120.9314      2062.6335       0.0367     3.9000e-13      18799.999
 0.045680    24819.7012    0.079271    1.9025e-01      82.2009    4.2031e+02    0.015013      121.1025         0.0344       121.1025      2062.6335       0.0366     3.9000e-13      18799.999
 0.045700    24839.7988    0.079313    2.3679e-01      81.5651    4.4567e+02    0.016749      121.2745         0.0344       121.2745      2062.6335       0.0366     3.9000e-13      18799.999
 0.045720    24859.6992    0.079356    2.1953e-01      80.9367    4.3901e+02    0.016127      121.4447         0.0344       121.4447      2062.6335       0.0366     3.9000e-13      18799.999
 0.045740    24879.7012    0.079398    2.4484e-01      80.3127    4.5291e+02    0.017032      121.6158         0.0344       121.6158      2062.6335       0.0365     3.9000e-13      18799.999
 0.045760    24899.6973    0.079441    2.0252e-01      79.6958    4.3359e+02    0.015490      121.7869         0.0344       121.7869      2062.6335       0.0365     3.9000e-13      18799.999
 0.045860    24999.6992    0.079653    4.6456e-02      76.6826    3.0591e+02    0.007419      122.6425         0.0343       122.6425      2062.6335       0.0363     3.9000e-13      18799.999
 0.046060    25199.6992    0.080079    2.6299e-02      71.0331    2.7570e+02    0.005582      124.3535         0.0342       124.3535      2062.6335       0.0359     3.9000e-13      18799.999
 0.046260    25399.6992    0.080504    1.0601e-01      65.8483    4.0573e+02    0.011207      126.0645         0.0341       126.0645      2062.6335       0.0355     3.9000e-13      18799.999
 0.046460    25599.6992    0.080929    1.5271e-01      61.0886    4.6149e+02    0.013451      127.7756         0.0340       127.7756      2062.6335       0.0351     3.9000e-13      18799.999
 0.046660    25799.6992    0.081354    5.5397e-02      56.7163    3.7170e+02    0.008101      129.4866         0.0339       129.4866      2062.6335       0.0348     3.9000e-13      18799.999
 0.046860    25999.6992    0.081779    2.5630e-02      52.6966    3.1803e+02    0.005510      131.1977         0.0339       131.1977      2062.6335       0.0344     3.9000e-13      18799.999
 0.047060    26199.6992    0.082205    1.6611e-02      49.0019    2.9592e+02    0.004436      132.9087         0.0338       132.9087      2062.6335       0.0340     3.9000e-13      18799.999
 0.047260    26399.6992    0.082630    3.0402e-02      45.6020    3.5679e+02    0.006002      134.6198         0.0337       134.6198      2062.6335       0.0336     3.9000e-13      18799.999
 0.047460    26599.6992    0.083055    1.2630e-02      42.4720    2.9681e+02    0.003868      136.3308         0.0336       136.3308      2062.6335       0.0333     3.9000e-13      18799.999
 0.047660    26799.6992    0.083200    1.0943e-02      39.5898    2.9660e+02    0.003601      135.3042         0.0337       135.3042      2062.6335       0.0330     3.9000e-13      18799.999
 0.047860    26999.6992    0.083276    3.8333e-02      36.9337    4.2011e+02    0.006739      133.5931         0.0339       133.5931      2062.6335       0.0327     3.9000e-13      18799.999
 0.048060    27199.6992    0.083351    2.2410e-02      34.4851    3.8016e+02    0.005153      131.8821         0.0341       131.8821      2062.6335       0.0324     3.9000e-13      18799.999
 0.048260    27399.6992    0.083426    3.0735e-02      32.2257    4.2558e+02    0.006034      130.1711         0.0343       130.1711      2062.6335       0.0321     3.9000e-13      18799.999
 0.048460    27599.6992    0.083501    3.4820e-02      30.1410    4.5400e+02    0.006423      128.4601         0.0345       128.4601      2062.6335       0.0318     3.9000e-13      18799.999
 0.048660    27799.6992    0.083577    4.3012e-02      28.2149    4.9469e+02    0.007138      126.7490         0.0347       126.7490      2062.6335       0.0316     3.9000e-13      18799.999
 0.048860    27999.6992    0.083652    6.8247e-02      26.4358    5.7359e+02    0.008992      125.0380         0.0349       125.0380      2062.6335       0.0313     3.9000e-13      18799.999
 0.049060    28199.6992    0.083727    7.2105e-02      24.7908    6.0051e+02    0.009243      123.3269         0.0351       123.3269      2062.6335       0.0310     3.9000e-13      18799.999
 0.049260    28399.6992    0.083802    7.7624e-02      23.2690    6.3138e+02    0.009590      121.6159         0.0353       121.6159      2062.6335       0.0307     3.9000e-13      18799.999
 0.049460    28599.6992    0.083878    9.8400e-02      21.8608    6.9118e+02    0.010797      119.9048         0.0355       119.9048      2062.6335       0.0304     3.9000e-13      18799.999
 0.049660    28799.6992    0.083953    1.4215e-01      20.5567    7.8143e+02    0.012978      118.1938         0.0357       118.1938      2062.6335       0.0302     3.9000e-13      18799.999
 0.049860    28999.6992    0.084028    2.4879e-01      19.3486    9.2642e+02    0.017168      116.4828         0.0359       116.4828      2062.6335       0.0299     3.9000e-13      18799.999
 0.050060    29199.6992    0.084208    3.6984e-01      18.2288    1.0539e+03    0.020932      115.9898         0.0359       115.9898      2062.6335       0.0296     3.9000e-13      18799.999
 0.050260    29399.6992    0.084632    2.8783e-01      17.1902    1.0193e+03    0.018466      118.3391         0.0358       118.3391      2062.6335       0.0293     3.9000e-13      18799.999
 0.050460    29599.6992    0.085055    5.7125e-01      16.2266    1.2453e+03    0.026015      120.6884         0.0356       120.6884      2062.6335       0.0290     3.9000e-13      18799.999
 0.050600    29739.6992    0.085352    1.1768e+00      15.5932    1.5219e+03    0.037340      122.3329         0.0355       122.3329      2062.6335       0.0288     3.9000e-13      18799.999
 0.050620    29759.7012    0.085394    1.3755e+00      15.5056    1.5869e+03    0.040369      122.5678         0.0355       122.5678      2062.6335       0.0288     3.9000e-13      18799.999
 0.050640    29779.6973    0.085436    1.5783e+00      15.4183    1.6470e+03    0.043242      122.8027         0.0354       122.8027      2062.6335       0.0287     3.9000e-13      18799.999
 0.050660    29799.6992    0.085479    1.6820e+00      15.3319    1.6782e+03    0.044640      123.0376         0.0354       123.0376      2062.6335       0.0287     3.9000e-13      18799.999
 0.050660    29799.6992    0.085479    1.6820e+00      15.3319    1.6782e+03    0.044640      123.0376         0.0354       123.0376      2062.6335       0.0287     3.9000e-13      18799.999
 0.050680    29819.6992    0.085521    1.6239e+00      15.2459    1.6682e+03    0.043862      123.2726         0.0354       123.2726      2062.6335       0.0287     3.9000e-13      18799.999
 0.050700    29839.7012    0.085563    1.6355e+00      15.1608    1.6758e+03    0.044019      123.5075         0.0354       123.5075      2062.6335       0.0287     3.9000e-13      18799.999
 0.050720    29859.6992    0.085606    3.0784e+00      15.0762    1.9684e+03    0.060391      123.7424         0.0354       123.7424      2062.6335       0.0286     3.9000e-13      18799.999
 0.050740    29879.6992    0.085648    5.0383e+00      14.9922    2.2326e+03    0.077260      123.9774         0.0353       123.9774      2062.6335       0.0286     3.9000e-13      18799.999
 0.050760    29899.7012    0.085690    1.9671e+00      14.9088    1.7697e+03    0.048275      124.2123         0.0353       124.2123      2062.6335       0.0286     3.9000e-13      18799.999
 0.050860    29999.6992    0.085902    4.1826e-01      14.5009    1.2185e+03    0.022261      125.3869         0.0352       125.3869      2062.6335       0.0284     3.9000e-13      18799.999
 0.051060    30199.6992    0.086326    6.3323e-01      13.7287    1.3892e+03    0.027390      127.7362         0.0351       127.7362      2062.6335       0.0281     3.9000e-13      18799.999
 0.051260    30399.6992    0.086749    5.3327e-01      13.0108    1.3670e+03    0.025135      130.0855         0.0349       130.0855      2062.6335       0.0278     3.9000e-13      18799.999
 0.051460    30599.6992    0.087173    4.7211e-01      12.3431    1.3614e+03    0.023650      132.4348         0.0347       132.4348      2062.6335       0.0275     3.9000e-13      18799.999
 0.051660    30799.6992    0.087596    5.8659e-01      11.7218    1.4749e+03    0.026362      134.7841         0.0345       134.7841      2062.6335       0.0272     3.9000e-13      18799.999
 0.051860    30999.6992    0.088020    5.3569e-01      11.1434    1.4788e+03    0.025193      137.1333         0.0344       137.1333      2062.6335       0.0269     3.9000e-13      18799.999
 0.052060    31199.6992    0.088443    5.1433e-01      10.6044    1.5005e+03    0.024685      139.4826         0.0342       139.4826      2062.6335       0.0267     3.9000e-13      18799.999
 0.052260    31399.6992    0.088867    5.7463e-01      10.1023    1.5806e+03    0.026092      141.8319         0.0340       141.8319      2062.6335       0.0264     3.9000e-13      18799.999
 0.052460    31599.6992    0.089290    5.1218e-01       9.6342    1.5726e+03    0.024633      144.1812         0.0338       144.1812      2062.6335       0.0261     3.9000e-13      18799.999
 0.052660    31799.6992    0.089480    4.7882e-01       9.1977    1.5826e+03    0.023818      144.9715         0.0338       144.9715      2062.6335       0.0258     3.9000e-13      18799.999
 0.052860    31999.6992    0.089611    4.7289e-01       8.7903    1.6139e+03    0.023670      145.3722         0.0339       145.3722      2062.6335       0.0257     3.9000e-13      18799.999
 0.053060    32199.6992    0.089742    4.5624e-01       8.4100    1.6352e+03    0.023249      145.7728         0.0339       145.7728      2062.6335       0.0255     3.9000e-13      18799.999
 0.053260    32399.6992    0.089874    5.4663e-01       8.0547    1.7481e+03    0.025448      146.1734         0.0340       146.1734      2062.6335       0.0253     3.9000e-13      18799.999
 0.053460    32599.6992    0.090005    5.3689e-01       7.7229    1.7773e+03    0.025221      146.5741         0.0340       146.5741      2062.6335       0.0251     3.9000e-13      18799.999
 0.053660    32799.6992    0.090136    5.3864e-01       7.4127    1.8156e+03    0.025262      146.9747         0.0341       146.9747      2062.6335       0.0249     3.9000e-13      18799.999
 0.053860    32999.6992    0.090267    7.5848e-01       7.1227    2.0176e+03    0.029977      147.3754         0.0341       147.3754      2062.6335       0.0247     3.9000e-13      18799.999
 0.054060    33199.6992    0.090398    8.2648e-01       6.8514    2.1018e+03    0.031292      147.7760         0.0342       147.7760      2062.6335       0.0245     3.9000e-13      18799.999
 0.054260    33399.6992    0.090530    8.2586e-01       6.5975    2.1415e+03    0.031280      148.1766         0.0342       148.1766      2062.6335       0.0243     3.9000e-13      18799.999
 0.054460    33599.6992    0.090661    8.3088e-01       6.3599    2.1844e+03    0.031375      148.5773         0.0342       148.5773      2062.6335       0.0241     3.9000e-13      18799.999
 0.054660    33799.6992    0.090792    7.7068e-01       6.1372    2.1823e+03    0.030217      148.9779         0.0343       148.9779      2062.6335       0.0239     3.9000e-13      18799.999
 0.054860    33999.6992    0.090923    6.0100e-01       5.9287    2.0865e+03    0.026684      149.3785         0.0343       149.3785      2062.6335       0.0237     3.9000e-13      18799.999
 0.055060    34199.6992    0.091039    5.9976e-01       5.7332    2.1207e+03    0.026656      149.1665         0.0344       149.1665      2062.6335       0.0235     3.9000e-13      18799.999
 0.055260    34399.6992    0.091118    6.4604e-01       5.5499    2.1958e+03    0.027666      147.5247         0.0345       147.5247      2062.6335       0.0233     3.9000e-13      18799.999
 0.055460    34599.6992    0.091198    6.2075e-01       5.3780    2.2085e+03    0.027119      145.8828         0.0347       145.8828      2062.6335       0.0231     3.9000e-13      18799.999
 0.055660    34799.6992    0.091277    6.0902e-01       5.2166    2.2317e+03    0.026861      144.2410         0.0348       144.2410      2062.6335       0.0229     3.9000e-13      18799.999
 0.055860    34999.6992    0.091357    5.0524e-01       5.0652    2.1615e+03    0.024466      142.5991         0.0349       142.5991      2062.6335       0.0227     3.9000e-13      18799.999
 0.056060    35199.6992    0.091436    4.9532e-01       4.9230    2.1816e+03    0.024225      140.9573         0.0351       140.9573      2062.6335       0.0224     3.9000e-13      18799.999
 0.056260    35399.6992    0.091515    4.5233e-01       4.7894    2.1622e+03    0.023150      139.3155         0.0352       139.3155      2062.6335       0.0222     3.9000e-13      18799.999
 0.056460    35599.6992    0.091595    4.6554e-01       4.6639    2.2070e+03    0.023485      137.6736         0.0353       137.6736      2062.6335       0.0220     3.9000e-13      18799.999
 0.056660    35799.6992    0.091674    4.7210e-01       4.5459    2.2432e+03    0.023650      136.0318         0.0355       136.0318      2062.6335       0.0218     3.9000e-13      18799.999
 0.056860    35999.6992    0.091754    5.5177e-01       4.4349    2.3614e+03    0.025568      134.3900         0.0356       134.3900      2062.6335       0.0216     3.9000e-13      18799.999
 0.057060    36199.6992    0.091833    7.2148e-01       4.3305    2.5554e+03    0.029237      132.7481         0.0357       132.7481      2062.6335       0.0214     3.9000e-13      18799.999
 0.057260    36399.6992    0.091913    8.5670e-01       4.2323    2.6983e+03    0.031859      131.1063         0.0358       131.1063      2062.6335       0.0211     3.9000e-13      18799.999
 0.057460    36599.6992    0.091992    9.8475e-01       4.1399    2.8250e+03    0.034157      129.4644         0.0360       129.4644      2062.6335       0.0209     3.9000e-13      18799.999
 0.057660    36799.6992    0.092106    8.6549e-01       4.0528    2.7645e+03    0.032022      129.5197         0.0360       129.5197      2062.6335       0.0208     3.9000e-13      18799.999
 0.057860    36999.6992    0.092229    1.3210e+00       3.9708    3.1043e+03    0.039561      129.9993         0.0360       129.9993      2062.6335       0.0207     3.9000e-13      18799.999
 0.058060    37199.6992    0.092351    7.8864e-01       3.8936    2.7556e+03    0.030567      130.4789         0.0359       130.4789      2062.6335       0.0206     3.9000e-13      18799.999
 0.058260    37399.6992    0.092474    6.5444e-01       3.8208    2.6550e+03    0.027845      130.9585         0.0359       130.9585      2062.6335       0.0204     3.9000e-13      18799.999
 0.058460    37599.6992    0.092596    5.7180e-01       3.7521    2.5903e+03    0.026028      131.4381         0.0359       131.4381      2062.6335       0.0203     3.9000e-13      18799.999
 0.058660    37799.6992    0.092719    5.8534e-01       3.6874    2.6283e+03    0.026334      131.9177         0.0359       131.9177      2062.6335       0.0202     3.9000e-13      18799.999
 0.058860    37999.6992    0.092841    7.0438e-01       3.6263    2.7759e+03    0.028888      132.3973         0.0358       132.3973      2062.6335       0.0201     3.9000e-13      18799.999
 0.059060    38199.6992    0.092964    6.3290e-01       3.5686    2.7243e+03    0.027383      132.8769         0.0358       132.8769      2062.6335       0.0200     3.9000e-13      18799.999
 0.059260    38399.6992    0.093087    7.5131e-01       3.5142    2.8656e+03    0.029835      133.3565         0.0358       133.3565      2062.6335       0.0199     3.9000e-13      18799.999
 0.059460    38599.6992    0.093209    5.8193e-01       3.4628    2.7082e+03    0.026257      133.8361         0.0358       133.8361      2062.6335       0.0198     3.9000e-13      18799.999
 0.059660    38799.6992    0.093332    6.5077e-01       3.4143    2.8047e+03    0.027767      134.3157         0.0357       134.3157      2062.6335       0.0197     3.9000e-13      18799.999
 0.059860    38999.6992    0.093454    6.9137e-01       3.3685    2.8667e+03    0.028620      134.7953         0.0357       134.7953      2062.6335       0.0195     3.9000e-13      18799.999
 0.060060    39199.6992    0.093563    6.5758e-01       3.3251    2.8495e+03    0.027912      135.0944         0.0358       135.0944      2062.6335       0.0194     3.9000e-13      18799.999
 0.060260    39399.6992    0.093639    5.8743e-01       3.2841    2.7874e+03    0.026381      134.9725         0.0359       134.9725      2062.6335       0.0191     3.9000e-13      18799.999
 0.060460    39599.6992    0.093716    6.2094e-01       3.2454    2.8432e+03    0.027123      134.8506         0.0361       134.8506      2062.6335       0.0189     3.9000e-13      18799.999
 0.060660    39799.6992    0.093792    6.2655e-01       3.2087    2.8658e+03    0.027245      134.7287         0.0363       134.7287      2062.6335       0.0186     3.9000e-13      18799.999
 0.060860    39999.6992    0.093869    6.0251e-01       3.1741    2.8534e+03    0.026717      134.6068         0.0365       134.6068      2062.6335       0.0183     3.9000e-13      18799.999
 0.061060    40199.6992    0.093945    5.0187e-01       3.1412    2.7402e+03    0.024384      134.4848         0.0367       134.4848      2062.6335       0.0180     3.9000e-13      18799.999
 0.061260    40399.6992    0.094021    4.5919e-01       3.1102    2.6933e+03    0.023324      134.3629         0.0369       134.3629      2062.6335       0.0178     3.9000e-13      18799.999
 0.061460    40599.6992    0.094098    4.4692e-01       3.0808    2.6879e+03    0.023011      134.2410         0.0370       134.2410      2062.6335       0.0175     3.9000e-13      18799.999
 0.061660    40799.6992    0.094174    6.3504e-01       3.0529    2.9480e+03    0.027429      134.1191         0.0372       134.1191      2062.6335       0.0172     3.9000e-13      18799.999
 0.061860    40999.6992    0.094251    9.3775e-01       3.0265    3.2639e+03    0.033332      133.9971         0.0374       133.9971      2062.6335       0.0170     3.9000e-13      18799.999
 0.062060    41199.6992    0.094327    1.1508e+00       3.0015    3.4495e+03    0.036924      133.8752         0.0376       133.8752      2062.6335       0.0167     3.9000e-13      18799.999
 0.062260    41399.6992    0.094403    8.6715e-01       2.9777    3.2267e+03    0.032052      133.7533         0.0378       133.7533      2062.6335       0.0164     3.9000e-13      18799.999
 0.062460    41599.6992    0.094480    1.0739e+00       2.9552    3.4168e+03    0.035670      133.6314         0.0380       133.6314      2062.6335       0.0162     3.9000e-13      18799.999
 0.062660    41799.6992    0.094573    7.3393e-01       2.9339    3.1179e+03    0.029488      135.1934         0.0380       135.1934      2062.6335       0.0161     3.9000e-13      18799.999
 0.062860    41999.6992    0.094672    6.2938e-01       2.9137    3.0108e+03    0.027307      137.1765         0.0379       137.1765      2062.6335       0.0160     3.9000e-13      18799.999
 0.063060    42199.6992    0.094770    5.9774e-01       2.8944    2.9821e+03    0.026611      139.1595         0.0379       139.1595      2062.6335       0.0159     3.9000e-13      18799.999
 0.063260    42399.6992    0.094868    5.5273e-01       2.8762    2.9336e+03    0.025590      141.1425         0.0378       141.1425      2062.6335       0.0159     3.9000e-13      18799.999
 0.063460    42599.6992    0.094966    6.6699e-01       2.8589    3.0839e+03    0.028111      143.1256         0.0378       143.1256      2062.6335       0.0158     3.9000e-13      18799.999
 0.063660    42799.6992    0.095064    7.3793e-01       2.8425    3.1720e+03    0.029568      145.1087         0.0377       145.1087      2062.6335       0.0157     3.9000e-13      18799.999
 0.063860    42999.6992    0.095162    9.6126e-01       2.8269    3.3981e+03    0.033747      147.0917         0.0377       147.0917      2062.6335       0.0157     3.9000e-13      18799.999
 0.064060    43199.6992    0.095260    1.0343e+00       2.8120    3.4700e+03    0.035005      149.0748         0.0377       149.0748      2062.6335       0.0156     3.9000e-13      18799.999
 0.064260    43399.6992    0.095358    1.7075e+00       2.7979    3.9432e+03    0.044977      151.0577         0.0376       151.0577      2062.6335       0.0155     3.9000e-13      18799.999
 0.064460    43599.6992    0.095456    6.7342e-01       2.7845    3.1324e+03    0.028246      153.0408         0.0376       153.0408      2062.6335       0.0155     3.9000e-13      18799.999
 0.064660    43799.6992    0.095554    6.7897e-01       2.7718    3.1460e+03    0.028362      155.0238         0.0375       155.0238      2062.6335       0.0154     3.9000e-13      18799.999
 0.064860    43999.6992    0.095652    6.2692e-01       2.7597    3.0906e+03    0.027253      157.0069         0.0375       157.0069      2062.6335       0.0153     3.9000e-13      18799.999
 0.065060    44199.6992    0.095742    7.3349e-01       2.7482    3.2211e+03    0.029479      157.6233         0.0375       157.6233      2062.6335       0.0153     3.9000e-13      18799.999
 0.065260    44399.6992    0.095811    8.2488e-01       2.7372    3.3237e+03    0.031261      155.0507         0.0375       155.0507      2062.6335       0.0151     3.9000e-13      18799.999
 0.065460    44599.6992    0.095881    8.6390e-01       2.7268    3.3687e+03    0.031992      152.4781         0.0376       152.4781      2062.6335       0.0150     3.9000e-13      18799.999
 0.065660    44799.6992    0.095950    8.7671e-01       2.7168    3.3873e+03    0.032229      149.9056         0.0376       149.9056      2062.6335       0.0148     3.9000e-13      18799.999
 0.065860    44999.6992    0.096020    8.3935e-01       2.7074    3.3565e+03    0.031534      147.3329         0.0377       147.3329      2062.6335       0.0147     3.9000e-13      18799.999
 0.066060    45199.6992    0.096089    7.4195e-01       2.6984    3.2600e+03    0.029648      144.7605         0.0378       144.7605      2062.6335       0.0146     3.9000e-13      18799.999
 0.066260    45399.6992    0.096158    6.2366e-01       2.6898    3.1265e+03    0.027182      142.1879         0.0378       142.1879      2062.6335       0.0144     3.9000e-13      18799.999
 0.066460    45599.6992    0.096228    5.4431e-01       2.6816    3.0265e+03    0.025394      139.6154         0.0379       139.6154      2062.6335       0.0143     3.9000e-13      18799.999
 0.066660    45799.6992    0.096297    5.3495e-01       2.6739    3.0178e+03    0.025175      137.0428         0.0379       137.0428      2062.6335       0.0142     3.9000e-13      18799.999
 0.066860    45999.6992    0.096367    5.7687e-01       2.6664    3.0795e+03    0.026143      134.4703         0.0380       134.4703      2062.6335       0.0140     3.9000e-13      18799.999
 0.067060    46199.6992    0.096436    5.5781e-01       2.6594    3.0578e+03    0.025707      131.8976         0.0381       131.8976      2062.6335       0.0139     3.9000e-13      18799.999
 0.067260    46399.6992    0.096506    5.6579e-01       2.6526    3.0726e+03    0.025890      129.3251         0.0381       129.3251      2062.6335       0.0137     3.9000e-13      18799.999
 0.067460    46599.6992    0.096575    6.1148e-01       2.6462    3.1366e+03    0.026916      126.7526         0.0382       126.7526      2062.6335       0.0136     3.9000e-13      18799.999
 0.067660    46799.6992    0.096694    7.2831e-01       2.6401    3.2806e+03    0.029374      128.1816         0.0381       128.1816      2062.6335       0.0136     3.9000e-13      18799.999
 0.067860    46999.6992    0.096825    8.6480e-01       2.6342    3.4283e+03    0.032009      130.6112         0.0380       130.6112      2062.6335       0.0135     3.9000e-13      18799.999
 0.068060    47199.6992    0.096956    6.1446e-01       2.6286    3.1509e+03    0.026981      133.0408         0.0378       133.0408      2062.6335       0.0135     3.9000e-13      18799.999
 0.068260    47399.6992    0.097087    1.1073e+00       2.6233    3.6545e+03    0.036220      135.4704         0.0377       135.4704      2062.6335       0.0135     3.9000e-13      18799.999
 0.068460    47599.6992    0.097218    1.3361e+00       2.6182    3.8338e+03    0.039786      137.9000         0.0376       137.9000      2062.6335       0.0135     3.9000e-13      18799.999
 0.068660    47799.6992    0.097349    1.2520e+00       2.6134    3.7756e+03    0.038514      140.3296         0.0375       140.3296      2062.6335       0.0135     3.9000e-13      18799.999
 0.068860    47999.6992    0.097480    1.0657e+00       2.6087    3.6297e+03    0.035532      142.7593         0.0373       142.7593      2062.6335       0.0135     3.9000e-13      18799.999
 0.069060    48199.6992    0.097610    1.0347e+00       2.6043    3.6061e+03    0.035013      145.1888         0.0372       145.1888      2062.6335       0.0134     3.9000e-13      18799.999
 0.069260    48399.6992    0.097741    1.0442e+00       2.6000    3.6173e+03    0.035172      147.6185         0.0371       147.6185      2062.6335       0.0134     3.9000e-13      18799.999
 0.069460    48599.6992    0.097872    8.8911e-01       2.5960    3.4775e+03    0.032456      150.0480         0.0370       150.0480      2062.6335       0.0134     3.9000e-13      18799.999
 0.069660    48799.6992    0.098003    8.0017e-01       2.5921    3.3896e+03    0.030790      152.4777         0.0368       152.4777      2062.6335       0.0134     3.9000e-13      18799.999
 0.069860    48999.6992    0.098134    7.6936e-01       2.5884    3.3588e+03    0.030191      154.9072         0.0367       154.9072      2062.6335       0.0134     3.9000e-13      18799.999
 0.070060    49199.6992    0.098239    7.8207e-01       2.5849    3.3749e+03    0.030439      156.0925         0.0367       156.0925      2062.6335       0.0133     3.9000e-13      18799.999
 0.070260    49399.6992    0.098280    7.0042e-01       2.5815    3.2853e+03    0.028807      154.3743         0.0368       154.3743      2062.6335       0.0131     3.9000e-13      18799.999
 0.070460    49599.6992    0.098322    5.9946e-01       2.5783    3.1619e+03    0.026650      152.6562         0.0370       152.6562      2062.6335       0.0129     3.9000e-13      18799.999
 0.070660    49799.6992    0.098364    5.3475e-01       2.5752    3.0747e+03    0.025170      150.9380         0.0371       150.9380      2062.6335       0.0127     3.9000e-13      18799.999
 0.070860    49999.6992    0.098406    5.1117e-01       2.5723    3.0420e+03    0.024609      149.2199         0.0373       149.2199      2062.6335       0.0125     3.9000e-13      18799.999
 0.071060    50199.6992    0.098448    4.9522e-01       2.5694    3.0197e+03    0.024222      147.5017         0.0374       147.5017      2062.6335       0.0123     3.9000e-13      18799.999
 0.071260    50399.6992    0.098490    5.0334e-01       2.5667    3.0336e+03    0.024420      145.7836         0.0376       145.7836      2062.6335       0.0121     3.9000e-13      18799.999
 0.071460    50599.6992    0.098531    5.2349e-01       2.5641    3.0650e+03    0.024904      144.0654         0.0377       144.0654      2062.6335       0.0119     3.9000e-13      18799.999
 0.071660    50799.6992    0.098573    5.4584e-01       2.5617    3.0987e+03    0.025430      142.3473         0.0379       142.3473      2062.6335       0.0117     3.9000e-13      18799.999
 0.071860    50999.6992    0.098615    5.5749e-01       2.5593    3.1166e+03    0.025700      140.6291         0.0380       140.6291      2062.6335       0.0115     3.9000e-13      18799.999
 0.072060    51199.6992    0.098657    5.8129e-01       2.5570    3.1507e+03    0.026243      138.9109         0.0382       138.9109      2062.6335       0.0113     3.9000e-13      18799.999
 0.072260    51399.6992    0.098699    5.9358e-01       2.5548    3.1686e+03    0.026519      137.1927         0.0383       137.1927      2062.6335       0.0111     3.9000e-13      18799.999
 0.072460    51599.6992    0.098741    5.2417e-01       2.5527    3.0729e+03    0.024920      135.4745         0.0385       135.4745      2062.6335       0.0109     3.9000e-13      18799.999
 0.072660    51799.6992    0.098806    5.6448e-01       2.5507    3.1315e+03    0.025860      136.7355         0.0385       136.7355      2062.6335       0.0108     3.9000e-13      18799.999
 0.072860    51999.6992    0.098878    6.5041e-01       2.5488    3.2457e+03    0.027759      138.7413         0.0385       138.7413      2062.6335       0.0108     3.9000e-13      18799.999
 0.073060    52199.6992    0.098949    6.3246e-01       2.5470    3.2242e+03    0.027373      140.7469         0.0385       140.7469      2062.6335       0.0107     3.9000e-13      18799.999
 0.073260    52399.6992    0.099021    5.8878e-01       2.5452    3.1681e+03    0.026411      142.7526         0.0385       142.7526      2062.6335       0.0106     3.9000e-13      18799.999
 0.073460    52599.6992    0.099092    5.6859e-01       2.5435    3.1417e+03    0.025954      144.7582         0.0385       144.7582      2062.6335       0.0105     3.9000e-13      18799.999
 0.073660    52799.6992    0.099164    5.5773e-01       2.5419    3.1276e+03    0.025705      146.7640         0.0385       146.7640      2062.6335       0.0104     3.9000e-13      18799.999
 0.073860    52999.6992    0.099235    7.9194e-01       2.5403    3.4151e+03    0.030631      148.7696         0.0385       148.7696      2062.6335       0.0104     3.9000e-13      18799.999
 0.074060    53199.6992    0.099307    9.3254e-01       2.5388    3.5586e+03    0.033239      150.7753         0.0385       150.7753      2062.6335       0.0103     3.9000e-13      18799.999
 0.074260    53399.6992    0.099378    8.6168e-01       2.5374    3.4899e+03    0.031951      152.7809         0.0385       152.7809      2062.6335       0.0102     3.9000e-13      18799.999
 0.074460    53599.6992    0.099450    8.5262e-01       2.5360    3.4817e+03    0.031783      154.7866         0.0385       154.7866      2062.6335       0.0101     3.9000e-13      18799.999
 0.074660    53799.6992    0.099521    7.7750e-01       2.5347    3.4032e+03    0.030350      156.7924         0.0385       156.7924      2062.6335       0.0101     3.9000e-13      18799.999
 0.074860    53999.6992    0.099593    6.3841e-01       2.5335    3.2404e+03    0.027502      158.7980         0.0385       158.7980      2062.6335       0.0100     3.9000e-13      18799.999
 0.075060    54199.6992    0.099659    6.0645e-01       2.5322    3.1998e+03    0.026805      159.8288         0.0385       159.8288      2062.6335       0.0099     3.9000e-13      18799.999
 0.075260    54399.6992    0.099714    6.6446e-01       2.5311    3.2745e+03    0.028057      158.5847         0.0385       158.5847      2062.6335       0.0098     3.9000e-13      18799.999
 0.075460    54599.6992    0.099768    7.1174e-01       2.5299    3.3320e+03    0.029039      157.3406         0.0385       157.3406      2062.6335       0.0097     3.9000e-13      18799.999
 0.075660    54799.6992    0.099823    7.4056e-01       2.5289    3.3659e+03    0.029621      156.0966         0.0386       156.0966      2062.6335       0.0096     3.9000e-13      18799.999
 0.075860    54999.6992    0.099877    7.3404e-01       2.5278    3.3592e+03    0.029490      154.8524         0.0386       154.8524      2062.6335       0.0095     3.9000e-13      18799.999
 0.076060    55199.6992    0.099931    6.8634e-01       2.5269    3.3039e+03    0.028516      153.6084         0.0387       153.6084      2062.6335       0.0094     3.9000e-13      18799.999
 0.076260    55399.6992    0.099986    7.0409e-01       2.5259    3.3256e+03    0.028882      152.3643         0.0387       152.3643      2062.6335       0.0093     3.9000e-13      18799.999
 0.076460    55599.6992    0.100040    6.2755e-01       2.5250    3.2319e+03    0.027267      151.1202         0.0387       151.1202      2062.6335       0.0092     3.9000e-13      18799.999
 0.076660    55799.6992    0.100095    5.5967e-01       2.5241    3.1413e+03    0.025750      149.8762         0.0388       149.8762      2062.6335       0.0091     3.9000e-13      18799.999
 0.076860    55999.6992    0.100149    5.3520e-01       2.5232    3.1069e+03    0.025181      148.6320         0.0388       148.6320      2062.6335       0.0090     3.9000e-13      18799.999
 0.077060    56199.6992    0.100203    5.0458e-01       2.5224    3.0620e+03    0.024450      147.3880         0.0388       147.3880      2062.6335       0.0089     3.9000e-13      18799.999
 0.077260    56399.6992    0.100258    4.6163e-01       2.5217    2.9951e+03    0.023386      146.1439         0.0389       146.1439      2062.6335       0.0088     3.9000e-13      18799.999
 0.077460    56599.6992    0.100312    4.5923e-01       2.5209    2.9916e+03    0.023325      144.8998         0.0389       144.8998      2062.6335       0.0087     3.9000e-13      18799.999
 0.077660    56799.6992    0.100367    4.7181e-01       2.5202    3.0123e+03    0.023643      144.7567         0.0389       144.7567      2062.6335       0.0087     3.9000e-13      18799.999
 0.077860    56999.6992    0.100422    4.9034e-01       2.5195    3.0419e+03    0.024103      144.8887         0.0389       144.8887      2062.6335       0.0087     3.9000e-13      18799.999
 0.078060    57199.6992    0.100477    5.1455e-01       2.5188    3.0792e+03    0.024690      145.0208         0.0388       145.0208      2062.6335       0.0086     3.9000e-13      18799.999
 0.078260    57399.6992    0.100532    5.7128e-01       2.5182    3.1612e+03    0.026016      145.1529         0.0388       145.1529      2062.6335       0.0086     3.9000e-13      18799.999
 0.078460    57599.6992    0.100587    6.4347e-01       2.5175    3.2570e+03    0.027611      145.2850         0.0388       145.2850      2062.6335       0.0086     3.9000e-13      18799.999
 0.078660    57799.6992    0.100642    7.0840e-01       2.5169    3.3366e+03    0.028970      145.4171         0.0388       145.4171      2062.6335       0.0085     3.9000e-13      18799.999
 0.078860    57999.6992    0.100697    7.1239e-01       2.5164    3.3417e+03    0.029052      145.5491         0.0387       145.5491      2062.6335       0.0085     3.9000e-13      18799.999
 0.079060    58199.6992    0.100752    7.3035e-01       2.5158    3.3630e+03    0.029416      145.6812         0.0387       145.6812      2062.6335       0.0085     3.9000e-13      18799.999
 0.079260    58399.6992    0.100807    7.0149e-01       2.5153    3.3296e+03    0.028829      145.8133         0.0387       145.8133      2062.6335       0.0084     3.9000e-13      18799.999
 0.079460    58599.6992    0.100862    7.0151e-01       2.5148    3.3299e+03    0.028829      145.9454         0.0386       145.9454      2062.6335       0.0084     3.9000e-13      18799.999
 0.079660    58799.6992    0.100917    6.0246e-01       2.5143    3.2059e+03    0.026716      146.0775         0.0386       146.0775      2062.6335       0.0084     3.9000e-13      18799.999
 0.079860    58999.6992    0.100972    5.7672e-01       2.5138    3.1714e+03    0.026139      146.2095         0.0386       146.2095      2062.6335       0.0083     3.9000e-13      18799.999
 0.080060    59199.6992    0.101019    5.4691e-01       2.5133    3.1299e+03    0.025455      146.1845         0.0386       146.1845      2062.6335       0.0083     3.9000e-13      18799.999
 0.080260    59399.6992    0.101048    5.1018e-01       2.5129    3.0762e+03    0.024585      145.7928         0.0386       145.7928      2062.6335       0.0082     3.9000e-13      18799.999
 0.080460    59599.6992    0.101077    4.9509e-01       2.5125    3.0535e+03    0.024219      145.4012         0.0386       145.4012      2062.6335       0.0082     3.9000e-13      18799.999
 0.080660    59799.6992    0.101106    4.8814e-01       2.5120    3.0430e+03    0.024048      145.0095         0.0387       145.0095      2062.6335       0.0081     3.9000e-13      18799.999
 0.080860    59999.6992    0.101135    4.7484e-01       2.5117    3.0223e+03    0.023718      144.6178         0.0387       144.6178      2062.6335       0.0080     3.9000e-13      18799.999
 0.081060    60199.6992    0.101164    4.7243e-01       2.5113    3.0187e+03    0.023658      144.2261         0.0388       144.2261      2062.6335       0.0079     3.9000e-13      18799.999
 0.081260    60399.6992    0.101193    4.7084e-01       2.5109    3.0163e+03    0.023618      143.8344         0.0388       143.8344      2062.6335       0.0079     3.9000e-13      18799.999
 0.081460    60599.6992    0.101223    4.8453e-01       2.5105    3.0382e+03    0.023959      143.4428         0.0388       143.4428      2062.6335       0.0078     3.9000e-13      18799.999
 0.081660    60799.6992    0.101252    5.0845e-01       2.5102    3.0753e+03    0.024544      143.0511         0.0389       143.0511      2062.6335       0.0077     3.9000e-13      18799.999
 0.081860    60999.6992    0.101281    5.1527e-01       2.5099    3.0857e+03    0.024707      142.6594         0.0389       142.6594      2062.6335       0.0077     3.9000e-13      18799.999
 0.082060    61199.6992    0.101310    5.0054e-01       2.5096    3.0636e+03    0.024352      142.2677         0.0389       142.2677      2062.6335       0.0076     3.9000e-13      18799.999
 0.082260    61399.6992    0.101339    4.8396e-01       2.5093    3.0381e+03    0.023945      141.8761         0.0390       141.8761      2062.6335       0.0075     3.9000e-13      18799.999
 0.082460    61599.6992    0.101368    4.8912e-01       2.5090    3.0464e+03    0.024072      141.4844         0.0390       141.4844      2062.6335       0.0075     3.9000e-13      18799.999
 0.082660    61799.6992    0.101409    5.0193e-01       2.5087    3.0663e+03    0.024386      140.9069         0.0390       140.9069      2062.6335       0.0074     3.9000e-13      18799.999
 0.082860    61999.6992    0.101453    5.1107e-01       2.5084    3.0803e+03    0.024607      140.2830         0.0390       140.2830      2062.6335       0.0074     3.9000e-13      18799.999
 0.083060    62199.6992    0.101497    5.0442e-01       2.5081    3.0704e+03    0.024446      139.6590         0.0389       139.6590      2062.6335       0.0074     3.9000e-13      18799.999
 0.083260    62399.6992    0.101542    5.0831e-01       2.5079    3.0765e+03    0.024540      139.0351         0.0389       139.0351      2062.6335       0.0074     3.9000e-13      18799.999
 0.083460    62599.6992    0.101586    5.1554e-01       2.5076    3.0875e+03    0.024714      138.4112         0.0388       138.4112      2062.6335       0.0074     3.9000e-13      18799.999
 0.083660    62799.6992    0.101630    5.2557e-01       2.5074    3.1026e+03    0.024953      137.7873         0.0388       137.7873      2062.6335       0.0074     3.9000e-13      18799.999
 0.083860    62999.6992    0.101674    5.2104e-01       2.5072    3.0960e+03    0.024846      137.1633         0.0388       137.1633      2062.6335       0.0074     3.9000e-13      18799.999
 0.084060    63199.6992    0.101718    5.4581e-01       2.5069    3.1323e+03    0.025429      136.5394         0.0387       136.5394      2062.6335       0.0074     3.9000e-13      18799.999
 0.084260    63399.6992    0.101762    6.2331e-01       2.5067    3.2382e+03    0.027175      135.9155         0.0387       135.9155      2062.6335       0.0073     3.9000e-13      18799.999
 0.084460    63599.6992    0.101806    6.5163e-01       2.5065    3.2745e+03    0.027785      135.2916         0.0387       135.2916      2062.6335       0.0073     3.9000e-13      18799.999
 0.084660    63799.6992    0.101850    5.8935e-01       2.5063    3.1934e+03    0.026424      134.6677         0.0386       134.6677      2062.6335       0.0073     3.9000e-13      18799.999
 0.084860    63999.6992    0.101894    5.5663e-01       2.5061    3.1483e+03    0.025680      134.0437         0.0386       134.0437      2062.6335       0.0073     3.9000e-13      18799.999
 0.085060    64199.6992    0.101937    5.3098e-01       2.5059    3.1115e+03    0.025081      133.7180         0.0386       133.7180      2062.6335       0.0073     3.9000e-13      18799.999
 0.085260    64399.6992    0.101977    5.0456e-01       2.5057    3.0721e+03    0.024450      134.0881         0.0386       134.0881      2062.6335       0.0072     3.9000e-13      18799.999
 0.085460    64599.6992    0.102017    5.1613e-01       2.5056    3.0897e+03    0.024728      134.4582         0.0386       134.4582      2062.6335       0.0071     3.9000e-13      18799.999
 0.085660    64799.6992    0.102057    5.2462e-01       2.5054    3.1024e+03    0.024931      134.8283         0.0387       134.8283      2062.6335       0.0071     3.9000e-13      18799.999
 0.085860    64999.6992    0.102097    5.2778e-01       2.5052    3.1072e+03    0.025006      135.1983         0.0387       135.1983      2062.6335       0.0070     3.9000e-13      18799.999
 0.086060    65199.6992    0.102137    5.1952e-01       2.5051    3.0950e+03    0.024809      135.5684         0.0387       135.5684      2062.6335       0.0069     3.9000e-13      18799.999
 0.086260    65399.6992    0.102177    5.3054e-01       2.5049    3.1114e+03    0.025071      135.9385         0.0387       135.9385      2062.6335       0.0068     3.9000e-13      18799.999
 0.086460    65599.7031    0.102216    5.6339e-01       2.5048    3.1586e+03    0.025835      136.3086         0.0388       136.3086      2062.6335       0.0068     3.9000e-13      18799.999
 0.086660    65799.7031    0.102256    5.9318e-01       2.5046    3.1997e+03    0.026510      136.6786         0.0388       136.6786      2062.6335       0.0067     3.9000e-13      18799.999
 0.086860    65999.7031    0.102296    5.3693e-01       2.5045    3.1210e+03    0.025222      137.0487         0.0388       137.0487      2062.6335       0.0066     3.9000e-13      18799.999
 0.087060    66199.7031    0.102336    5.1538e-01       2.5044    3.0893e+03    0.024710      137.4188         0.0389       137.4188      2062.6335       0.0065     3.9000e-13      18799.999
 0.087260    66399.7031    0.102376    4.8045e-01       2.5042    3.0356e+03    0.023858      137.7889         0.0389       137.7889      2062.6335       0.0065     3.9000e-13      18799.999
 0.087460    66599.7031    0.102416    4.7797e-01       2.5041    3.0318e+03    0.023796      138.1590         0.0389       138.1590      2062.6335       0.0064     3.9000e-13      18799.999
 0.087660    66799.7031    0.102447    4.9564e-01       2.5040    3.0595e+03    0.024232      138.4361         0.0389       138.4361      2062.6335       0.0064     3.9000e-13      18799.999
 0.087860    66999.7031    0.102475    4.9705e-01       2.5039    3.0618e+03    0.024267      138.6899         0.0389       138.6899      2062.6335       0.0063     3.9000e-13      18799.999
 0.088060    67199.7031    0.102504    4.7653e-01       2.5038    3.0297e+03    0.023761      138.9438         0.0389       138.9438      2062.6335       0.0063     3.9000e-13      18799.999
 0.088260    67399.7031    0.102533    4.5798e-01       2.5036    2.9999e+03    0.023294      139.1976         0.0389       139.1976      2062.6335       0.0063     3.9000e-13      18799.999
 0.088460    67599.7031    0.102561    4.5166e-01       2.5035    2.9895e+03    0.023132      139.4514         0.0389       139.4514      2062.6335       0.0063     3.9000e-13      18799.999
 0.088660    67799.7031    0.102590    4.6247e-01       2.5034    3.0073e+03    0.023407      139.7053         0.0388       139.7053      2062.6335       0.0063     3.9000e-13      18799.999
 0.088860    67999.7031    0.102618    4.6128e-01       2.5033    3.0054e+03    0.023377      139.9591         0.0388       139.9591      2062.6335       0.0063     3.9000e-13      18799.999
 0.089060    68199.7031    0.102647    4.4948e-01       2.5032    2.9861e+03    0.023076      140.2130         0.0388       140.2130      2062.6335       0.0062     3.9000e-13      18799.999
 0.089260    68399.7031    0.102675    4.5273e-01       2.5031    2.9915e+03    0.023160      140.4668         0.0388       140.4668      2062.6335       0.0062     3.9000e-13      18799.999
 0.089460    68599.7031    0.102704    4.6586e-01       2.5030    3.0130e+03    0.023493      140.7206         0.0388       140.7206      2062.6335       0.0062     3.9000e-13      18799.999
 0.089660    68799.7031    0.102732    4.7022e-01       2.5030    3.0201e+03    0.023603      140.9745         0.0388       140.9745      2062.6335       0.0062     3.9000e-13      18799.999
 0.089860    68999.7031    0.102761    4.7129e-01       2.5029    3.0219e+03    0.023630      141.2283         0.0387       141.2283      2062.6335       0.0062     3.9000e-13      18799.999
 0.090060    69199.7031    0.102791    4.8082e-01       2.5028    3.0371e+03    0.023867      141.5235         0.0387       141.5235      2062.6335       0.0062     3.9000e-13      18799.999
 0.090260    69399.7031    0.102826    4.7284e-01       2.5027    3.0245e+03    0.023668      141.9152         0.0388       141.9152      2062.6335       0.0061     3.9000e-13      18799.999
 0.090460    69599.7031    0.102861    4.7983e-01       2.5026    3.0356e+03    0.023843      142.3069         0.0388       142.3069      2062.6335       0.0060     3.9000e-13      18799.999
 0.090660    69799.7031    0.102896    4.9052e-01       2.5026    3.0524e+03    0.024107      142.6985         0.0388       142.6985      2062.6335       0.0060     3.9000e-13      18799.999
 0.090860    69999.7031    0.102931    4.8475e-01       2.5025    3.0435e+03    0.023965      143.0902         0.0388       143.0902      2062.6335       0.0059     3.9000e-13      18799.999
 0.091060    70199.7031    0.102966    4.8442e-01       2.5024    3.0430e+03    0.023957      143.4819         0.0389       143.4819      2062.6335       0.0058     3.9000e-13      18799.999
 0.091260    70399.7031    0.103001    4.9418e-01       2.5024    3.0583e+03    0.024197      143.8736         0.0389       143.8736      2062.6335       0.0058     3.9000e-13      18799.999
 0.091460    70599.7031    0.103036    4.9080e-01       2.5023    3.0530e+03    0.024114      144.2653         0.0389       144.2653      2062.6335       0.0057     3.9000e-13      18799.999
 0.091660    70799.7031    0.103071    5.0079e-01       2.5022    3.0685e+03    0.024358      144.6570         0.0389       144.6570      2062.6335       0.0057     3.9000e-13      18799.999
 0.091860    70999.7031    0.103105    5.1171e-01       2.5022    3.0851e+03    0.024622      145.0486         0.0389       145.0486      2062.6335       0.0056     3.9000e-13      18799.999
 0.092060    71199.7031    0.103140    4.9229e-01       2.5021    3.0555e+03    0.024150      145.4403         0.0390       145.4403      2062.6335       0.0055     3.9000e-13      18799.999
 0.092260    71399.7031    0.103175    4.7261e-01       2.5021    3.0245e+03    0.023663      145.8320         0.0390       145.8320      2062.6335       0.0055     3.9000e-13      18799.999
 0.092460    71599.7031    0.103210    4.4686e-01       2.5020    2.9825e+03    0.023009      146.2237         0.0390       146.2237      2062.6335       0.0054     3.9000e-13      18799.999
 0.092660    71799.7031    0.103248    4.6848e-01       2.5019    3.0179e+03    0.023559      146.1964         0.0390       146.1964      2062.6335       0.0054     3.9000e-13      18799.999
 0.092860    71999.7031    0.103287    5.3878e-01       2.5019    3.1253e+03    0.025265      146.0643         0.0390       146.0643      2062.6335       0.0053     3.9000e-13      18799.999
 0.093060    72199.7031    0.103326    5.5601e-01       2.5018    3.1501e+03    0.025666      145.9322         0.0390       145.9322      2062.6335       0.0053     3.9000e-13      18799.999
 0.093260    72399.7031    0.103365    5.3328e-01       2.5018    3.1174e+03    0.025136      145.8001         0.0390       145.8001      2062.6335       0.0053     3.9000e-13      18799.999
 0.093460    72599.7031    0.103404    5.4091e-01       2.5017    3.1285e+03    0.025315      145.6680         0.0390       145.6680      2062.6335       0.0052     3.9000e-13      18799.999
 0.093660    72799.7031    0.103443    5.2634e-01       2.5017    3.1073e+03    0.024972      145.5359         0.0390       145.5359      2062.6335       0.0052     3.9000e-13      18799.999
 0.093860    72999.7031    0.103482    5.0453e-01       2.5016    3.0746e+03    0.024449      145.4039         0.0390       145.4039      2062.6335       0.0052     3.9000e-13      18799.999
 0.094060    73199.7031    0.103522    5.3160e-01       2.5016    3.1151e+03    0.025096      145.2718         0.0390       145.2718      2062.6335       0.0051     3.9000e-13      18799.999
 0.094260    73399.7031    0.103561    5.1796e-01       2.5015    3.0949e+03    0.024772      145.1397         0.0390       145.1397      2062.6335       0.0051     3.9000e-13      18799.999
 0.094460    73599.7031    0.103600    4.7737e-01       2.5015    3.0324e+03    0.023782      145.0076         0.0390       145.0076      2062.6335       0.0050     3.9000e-13      18799.999
 0.094660    73799.7031    0.103639    4.2547e-01       2.5015    2.9464e+03    0.022452      144.8755         0.0389       144.8755      2062.6335       0.0050     3.9000e-13      18799.999
 0.094860    73999.7031    0.103678    4.2373e-01       2.5014    2.9434e+03    0.022406      144.7435         0.0389       144.7435      2062.6335       0.0050     3.9000e-13      18799.999
 0.095060    74199.7031    0.103713    4.2319e-01       2.5014    2.9425e+03    0.022391      144.6118         0.0389       144.6118      2062.6335       0.0049     3.9000e-13      18799.999
 0.095260    74399.7031    0.103740    4.0948e-01       2.5014    2.9184e+03    0.022026      144.4813         0.0389       144.4813      2062.6335       0.0050     3.9000e-13      18799.999
 0.095460    74599.7031    0.103768    4.1709e-01       2.5013    2.9319e+03    0.022229      144.3507         0.0388       144.3507      2062.6335       0.0050     3.9000e-13      18799.999
 0.095660    74799.7031    0.103795    4.2557e-01       2.5013    2.9467e+03    0.022454      144.2202         0.0388       144.2202      2062.6335       0.0050     3.9000e-13      18799.999
 0.095860    74999.7031    0.103822    4.2729e-01       2.5013    2.9497e+03    0.022500      144.0896         0.0388       144.0896      2062.6335       0.0050     3.9000e-13      18799.999
 0.096060    75199.7031    0.103850    4.4966e-01       2.5012    2.9876e+03    0.023081      143.9590         0.0387       143.9590      2062.6335       0.0050     3.9000e-13      18799.999
 0.096600    75739.7031    0.103923    4.7711e-01       2.5011    3.0322e+03    0.023775      143.6065         0.0386       143.6065      2062.6335       0.0050     3.9000e-13      18799.999
