Time (Myr)  Time-t0 (yr) Mstar (Msun)  Lstar (Lsun)  Rstar (Rsun)  Tstar (K)  Rdisk_in (AU)  Rdisk_out (AU)  Mdisk (Msun)  Renv_in (AU)  Renv_out (AU)  Menv (Msun)  Omega_0 (1/s)   c_s (cm/s)
 0.129100        0.0000        -NaN    0.0000e+00    1078.0000    0.0000e+00    0.000000        0.0000         0.0000         4.8717     13407.1182         -NaN     2.8000e-14      18799.999
 0.130100     1000.0000    0.012509    3.1195e-03    1078.0000    4.1533e+01    0.001922        0.0000         0.0000         4.8717     13407.1182       0.9865     2.8000e-14      18799.999
 0.131100     2000.0000    0.021078    4.6993e-03    1078.0000    4.6013e+01    0.002360        0.0000         0.0000         4.8717     13407.1182       0.9795     2.8000e-14      18799.999
 0.132100     3000.0000    0.029647    6.1723e-03    1078.0000    4.9258e+01    0.002704        0.0000         0.0000         4.8717     13407.1182       0.9725     2.8000e-14      18799.999
 0.133100     4000.0000    0.037552    7.4396e-03    1078.0000    5.1612e+01    0.002969        0.0000         0.0000         4.8717     13407.1182       0.9643     2.8000e-14      18799.999
 0.134100     5000.0000    0.045012    8.5770e-03    1078.0000    5.3481e+01    0.003188        0.0000         0.0000         4.8717     13407.1182       0.9553     2.8000e-14      18799.999
 0.135100     6000.0000    0.052415    9.6723e-03    1078.0000    5.5112e+01    0.003385        0.0000         0.0000         4.8717     13407.1182       0.9466     2.8000e-14      18799.999
 0.136100     7000.0000    0.059290    1.0647e-02    1077.9800    5.6452e+01    0.003552        0.0000         0.0000         4.8717     13407.1182       0.9411     2.8000e-14      18799.999
 0.137100     8000.0000    0.066166    1.1606e-02    1077.9300    5.7683e+01    0.003708        0.0000         0.0000         4.8717     13407.1182       0.9355     2.8000e-14      18799.999
 0.138100     9000.0000    0.072833    1.2514e-02    1077.7700    5.8785e+01    0.003850        0.0000         0.0000         4.8717     13407.1182       0.9286     2.8000e-14      18799.999
 0.139100    10000.0000    0.079361    1.3391e-02    1077.3400    5.9800e+01    0.003983        0.0000         0.0000         4.8717     13407.1182       0.9207     2.8000e-14      18799.999
 0.140100    11000.0000    0.085863    1.4263e-02    1076.2800    6.0780e+01    0.004111        0.0000         0.0000         4.8717     13407.1182       0.9131     2.8000e-14      18799.999
 0.141100    12000.0000    0.092119    1.5106e-02    1073.9000    6.1728e+01    0.004230        0.0000         0.0000         4.8717     13407.1182       0.9081     2.8000e-14      18799.999
 0.142100    13000.0000    0.098375    1.5987e-02    1068.8700    6.2756e+01    0.004352        0.0000         0.0000         4.8717     13407.1182       0.9031     2.8000e-14      18799.999
 0.143100    14000.0000    0.104516    1.6931e-02    1058.8300    6.3964e+01    0.004479        0.0000         0.0000         4.8717     13407.1182       0.8967     2.8000e-14      18799.999
 0.144100    15000.0000    0.110580    1.8032e-02    1039.7800    6.5572e+01    0.004622        0.0000         0.0000         4.8717     13407.1182       0.8894     2.8000e-14      18799.999
 0.145100    16000.0000    0.116628    1.9462e-02    1005.3000    6.7971e+01    0.004802        0.0000         0.0000         4.8717     13407.1182       0.8824     2.8000e-14      18799.999
 0.146100    17000.0000    0.122527    2.1520e-02     945.8020    7.1860e+01    0.005049        0.0000         0.0000         4.8717     13407.1182       0.8776     2.8000e-14      18799.999
 0.147100    18000.0000    0.128426    2.4879e-02     849.6780    7.8616e+01    0.005429        0.0000         0.0000         4.8717     13407.1182       0.8729     2.8000e-14      18799.999
 0.148100    19000.0000    0.134251    3.0841e-02     710.4850    9.0715e+01    0.006045        0.0000         0.0000         4.8717     13407.1182       0.8668     2.8000e-14      18799.999
 0.149100    20000.0000    0.140027    4.1817e-02     542.2650    1.1205e+02    0.007039        0.0000         0.0000         4.8717     13407.1182       0.8599     2.8000e-14      18799.999
 0.150100    21000.0000    0.145791    6.1485e-02     381.1940    1.4716e+02    0.008535        0.0000         0.0000         4.8717     13407.1182       0.8532     2.8000e-14      18799.999
 0.151100    22000.0000    0.151457    9.4584e-02     255.6840    2.0011e+02    0.010586        0.0000         0.0000         4.8717     13407.1182       0.8487     2.8000e-14      18799.999
 0.152100    23000.0000    0.157123    1.4731e-01     169.2360    2.7478e+02    0.013211        0.0000         0.0000         4.8717     13407.1182       0.8441     2.8000e-14      18799.999
 0.153100    24000.0000    0.162737    2.2783e-01     112.6630    3.7557e+02    0.016429        0.0000         0.0000         4.8717     13407.1182       0.8383     2.8000e-14      18799.999
 0.154100    25000.0000    0.168318    3.4702e-01      76.0799    5.0773e+02    0.020277        0.0000         0.0000         4.8717     13407.1182       0.8316     2.8000e-14      18799.999
 0.155100    26000.0000    0.173890    5.2748e-01      52.3034    6.7993e+02    0.024999        0.0000         0.0000         4.8717     13407.1182       0.8251     2.8000e-14      18799.999
 0.156100    27000.0000    0.179386    9.2006e-01      36.6731    9.3316e+02    0.033016        0.0000         0.0000         4.8717     13407.1182       0.8207     2.8000e-14      18799.999
 0.157100    28000.0000    0.184881    1.9810e+00      26.2609    1.3358e+03    0.048446        0.0000         0.0000         4.8717     13407.1182       0.8163     2.8000e-14      18799.999
 0.158100    29000.0000    0.190319    4.5990e+00      19.2298    1.9269e+03    0.073815        0.0000         0.0000         4.8717     13407.1182       0.8106     2.8000e-14      18799.999
 0.159100    30000.0000    0.195720    5.9870e+00      14.4190    2.3769e+03    0.084220        0.0000         0.0000         4.8717     13407.1182       0.8041     2.8000e-14      18799.999
 0.160100    31000.0000    0.201114    6.6072e+00      11.0862    2.7784e+03    0.088475        0.0000         0.0000         4.8717     13407.1182       0.7979     2.8000e-14      18799.999
 0.161100    32000.0000    0.206450    7.3285e+00       8.7500    3.2094e+03    0.093179        0.0000         0.0000         4.8717     13407.1182       0.7936     2.8000e-14      18799.999
 0.162100    33000.0000    0.211787    8.1919e+00       7.0940    3.6650e+03    0.098515        0.0000         0.0000         4.8717     13407.1182       0.7893     2.8000e-14      18799.999
 0.163100    34000.0000    0.217099    9.1698e+00       5.9080    4.1309e+03    0.104230        0.0000         0.0000         4.8717     13407.1182       0.7838     2.8000e-14      18799.999
 0.164100    35000.0000    0.222395    1.0230e+01       5.0502    4.5919e+03    0.110089        0.0000         0.0000         4.8717     13407.1182       0.7774     2.8000e-14      18799.999
 0.165100    36000.0000    0.227229    1.1398e+01       4.4239    5.0406e+03    0.116205        0.0000         0.0000         4.8717     13407.1182       0.7712     2.8000e-14      18799.999
 0.166100    37000.0000    0.227908    4.0465e+00       3.9627    4.1110e+03    0.069239        8.8326         0.0051         8.8326     13407.1182       0.7658     2.8000e-14      18799.999
 0.167100    38000.0000    0.228586    4.8000e+00       3.6202    4.4887e+03    0.075410       16.8623         0.0097        16.8623     13407.1182       0.7605     2.8000e-14      18799.999
 0.168100    39000.0000    0.229727    4.7682e+00       3.3639    4.6488e+03    0.075160       20.8540         0.0138        20.8540     13407.1182       0.7552     2.8000e-14      18799.999
 0.169100    40000.0000    0.231175    5.2189e+00       3.1706    4.8978e+03    0.078633       22.1536         0.0175        22.1536     13407.1182       0.7499     2.8000e-14      18799.999
 0.170100    41000.0000    0.232730    5.7948e+00       3.0238    5.1482e+03    0.082858       23.5073         0.0210        23.5073     13407.1182       0.7446     2.8000e-14      18799.999
 0.171100    42000.0000    0.235249    1.0586e+01       2.9116    6.0994e+03    0.111989       25.3475         0.0235        25.3475     13407.1182       0.7393     2.8000e-14      18799.999
 0.172100    43000.0000    0.237767    4.5420e+00       2.8253    5.0114e+03    0.073356       27.1876         0.0260        27.1876     13407.1182       0.7340     2.8000e-14      18799.999
 0.173100    44000.0000    0.240371    5.1089e+00       2.7585    5.2230e+03    0.077799       29.1261         0.0284        29.1261     13407.1182       0.7288     2.8000e-14      18799.999
 0.174100    45000.0000    0.243031    8.3864e+00       2.7064    5.9686e+03    0.099678       31.1301         0.0307        31.1301     13407.1182       0.7235     2.8000e-14      18799.999
 0.175100    46000.0000    0.245704    1.7552e+01       2.6657    7.2336e+03    0.144204       32.9337         0.0330        32.9337     13407.1182       0.7182     2.8000e-14      18799.999
 0.176100    47000.0000    0.248489    5.7766e+00       2.6336    5.5121e+03    0.082727       32.9337         0.0352        32.9337     13407.1182       0.7129     2.8000e-14      18799.999
 0.177100    48000.0000    0.251274    5.0205e+00       2.6082    5.3480e+03    0.077123       32.9337         0.0374        32.9337     13407.1182       0.7077     2.8000e-14      18799.999
 0.178100    49000.0000    0.254037    7.0198e+00       2.5881    5.8381e+03    0.091196       35.3841         0.0396        35.3841     13407.1182       0.7024     2.8000e-14      18799.999
 0.179100    50000.0000    0.256786    4.5664e+00       2.5720    5.2594e+03    0.073553       39.4680         0.0419        39.4680     13407.1182       0.6970     2.8000e-14      18799.999
 0.180100    51000.0000    0.259544    9.3675e+00       2.5590    6.3102e+03    0.105348       43.0924         0.0442        43.0924     13407.1182       0.6917     2.8000e-14      18799.999
 0.181100    52000.0000    0.262388    6.0411e+00       2.5486    5.6664e+03    0.084600       42.5823         0.0463        42.5823     13407.1182       0.6864     2.8000e-14      18799.999
 0.182100    53000.0000    0.265231    1.2409e+01       2.5402    6.7949e+03    0.121252       42.0722         0.0485        42.0722     13407.1182       0.6810     2.8000e-14      18799.999
 0.183100    54000.0000    0.267803    8.7190e+00       2.5333    6.2294e+03    0.101636       42.3307         0.0510        42.3307     13407.1182       0.6756     2.8000e-14      18799.999
 0.184100    55000.0000    0.270194    5.8819e+00       2.5277    5.6518e+03    0.083478       43.1017         0.0538        43.1017     13407.1182       0.6702     2.8000e-14      18799.999
 0.185100    56000.0000    0.272576    6.3669e+00       2.5232    5.7701e+03    0.086851       44.1728         0.0565        44.1728     13407.1182       0.6648     2.8000e-14      18799.999
 0.186100    57000.0000    0.274876    1.0362e+01       2.5194    6.5221e+03    0.110800       47.9452         0.0595        47.9452     13407.1182       0.6593     2.8000e-14      18799.999
 0.187100    58000.0000    0.277177    4.9578e+00       2.5163    5.4277e+03    0.076641       51.7176         0.0625        51.7176     13407.1182       0.6537     2.8000e-14      18799.999
 0.188100    59000.0000    0.279712    1.1846e+01       2.5137    6.7517e+03    0.118469       54.6410         0.0654        54.6410     13407.1182       0.6481     2.8000e-14      18799.999
 0.189100    60000.0000    0.282405    1.3610e+01       2.5116    6.9931e+03    0.126983       56.9984         0.0681        56.9984     13407.1182       0.6424     2.8000e-14      18799.999
 0.190100    61000.0000    0.285128    8.2918e+00       2.5099    6.1804e+03    0.099115       59.0159         0.0707        59.0159     13407.1182       0.6367     2.8000e-14      18799.999
 0.191100    62000.0000    0.288129    4.5373e+00       2.5084    5.3172e+03    0.073318       57.9752         0.0732        57.9752     13407.1182       0.6309     2.8000e-14      18799.999
 0.192100    63000.0000    0.291130    8.8150e+00       2.5071    6.2791e+03    0.102194       56.9345         0.0757        56.9345     13407.1182       0.6251     2.8000e-14      18799.999
 0.193100    64000.0000    0.294048    1.2394e+01       2.5061    6.8388e+03    0.121174       62.6909         0.0784        62.6909     13407.1182       0.6191     2.8000e-14      18799.999
 0.194100    65000.0000    0.296910    1.3121e+01       2.5052    6.9382e+03    0.124682       72.9786         0.0812        72.9786     13407.1182       0.6131     2.8000e-14      18799.999
 0.195100    66000.0000    0.299699    6.8953e+00       2.5045    5.9082e+03    0.090383       82.6568         0.0841        82.6568     13407.1182       0.6071     2.8000e-14      18799.999
 0.196100    67000.0000    0.301823    7.6045e+00       2.5038    6.0554e+03    0.094918       86.8513         0.0877        86.8513     13407.1182       0.6011     2.8000e-14      18799.999
 0.197100    68000.0000    0.303947    5.3774e+00       2.5033    5.5534e+03    0.079817       91.0458         0.0913        91.0458     13407.1182       0.5952     2.8000e-14      18799.999
 0.198100    69000.0000    0.306353    1.2405e+01       2.5029    6.8447e+03    0.121228       89.9131         0.0945        89.9131     13407.1182       0.5893     2.8000e-14      18799.999
 0.199100    70000.0000    0.308946    1.0229e+01       2.5025    6.5230e+03    0.110084       85.2288         0.0975        85.2288     13407.1182       0.5834     2.8000e-14      18799.999
 0.200100    71000.0000    0.311676    9.0104e+00       2.5022    6.3198e+03    0.103320       83.0098         0.1003        83.0098     13407.1182       0.5776     2.8000e-14      18799.999
 0.201100    72000.0000    0.315637    2.1076e+01       2.5019    7.8161e+03    0.158018      102.9771         0.1019       102.9771     13407.1182       0.5716     2.8000e-14      18799.999
 0.202100    73000.0000    0.319598    1.7445e+01       2.5016    7.4556e+03    0.143764      122.9438         0.1035       122.9438     13407.1182       0.5656     2.8000e-14      18799.999
 0.203100    74000.0000    0.322342    1.6115e+01       2.5014    7.3095e+03    0.138174      118.0952         0.1062       118.0952     13407.1182       0.5599     2.8000e-14      18799.999
 0.204100    75000.0000    0.324274    4.4584e+00       2.5013    5.3014e+03    0.072678       96.7017         0.1095        96.7017     13407.1182       0.5544     2.8000e-14      18799.999
 0.205100    76000.0000    0.326267    8.8042e+00       2.5011    6.2847e+03    0.102131       78.0035         0.1128        78.0035     13407.1182       0.5489     2.8000e-14      18799.999
 0.206100    77000.0000    0.328808    8.9942e+00       2.5010    6.3185e+03    0.103227       83.5618         0.1156        83.5618     13407.1182       0.5432     2.8000e-14      18799.999
 0.207100    78000.0000    0.331350    6.3191e+00       2.5008    5.7849e+03    0.086525       89.1199         0.1184        89.1199     13407.1182       0.5376     2.8000e-14      18799.999
 0.208100    79000.0000    0.334606    2.1449e+01       2.5007    7.8522e+03    0.159409       93.4079         0.1203        93.4079     13407.1182       0.5321     2.8000e-14      18799.999
 0.209100    80000.0000    0.338340    1.5750e+01       2.5006    7.2690e+03    0.136602       96.8492         0.1216        96.8492     13407.1182       0.5267     2.8000e-14      18799.999
 0.210100    81000.0000    0.341927    1.7445e+01       2.5006    7.4571e+03    0.143762      100.5243         0.1231       100.5243     13407.1182       0.5212     2.8000e-14      18799.999
 0.211100    82000.0000    0.344187    1.0373e+01       2.5005    6.5485e+03    0.110860      106.3033         0.1260       106.3033     13407.1182       0.5158     2.8000e-14      18799.999
 0.212100    83000.0000    0.346448    8.2062e+00       2.5004    6.1759e+03    0.098602      112.0824         0.1289       112.0824     13407.1182       0.5104     2.8000e-14      18799.999
 0.213100    84000.0000    0.349946    2.3315e+01       2.5004    8.0183e+03    0.166200      112.4099         0.1302       112.4099     13407.1182       0.5052     2.8000e-14      18799.999
 0.214100    85000.0000    0.354268    1.8049e+01       2.5004    7.5213e+03    0.146232      109.1031         0.1305       109.1031     13407.1182       0.5001     2.8000e-14      18799.999
 0.215100    86000.0000    0.358361    9.8759e+00       2.5003    6.4688e+03    0.108169      105.3748         0.1310       105.3748     13407.1182       0.4950     2.8000e-14      18799.999
 0.216100    87000.0000    0.360377    6.4737e+00       2.5003    5.8206e+03    0.087577       97.8533         0.1331        97.8533     13407.1182       0.4907     2.8000e-14      18799.999
 0.217100    88000.0000    0.362393    4.7430e+00       2.5002    5.3851e+03    0.074961       90.3319         0.1352        90.3319     13407.1182       0.4863     2.8000e-14      18799.999
 0.218100    89000.0000    0.364242    1.0789e+01       2.5002    6.6135e+03    0.113059       95.9587         0.1382        95.9587     13407.1182       0.4813     2.8000e-14      18799.999
 0.219100    90000.0000    0.365979    6.5956e+00       2.5002    5.8479e+03    0.088397      110.3516         0.1416       110.3516     13407.1182       0.4759     2.8000e-14      18799.999
 0.220100    91000.0000    0.367776    7.7345e+00       2.5002    6.0855e+03    0.095726      123.5320         0.1450       123.5320     13407.1182       0.4706     2.8000e-14      18799.999
 0.221100    92000.0000    0.370111    7.1422e+00       2.5002    5.9656e+03    0.091988      125.8024         0.1473       125.8024     13407.1182       0.4657     2.8000e-14      18799.999
 0.222100    93000.0000    0.372447    2.2769e+01       2.5002    7.9713e+03    0.164242      128.0728         0.1496       128.0728     13407.1182       0.4608     2.8000e-14      18799.999
 0.223100    94000.0000    0.374350    1.0893e+01       2.5001    6.6296e+03    0.113604      126.3162         0.1522       126.3162     13407.1182       0.4561     2.8000e-14      18799.999
 0.224100    95000.0000    0.375965    1.0833e+01       2.5001    6.6204e+03    0.113290      121.8751         0.1549       121.8751     13407.1182       0.4516     2.8000e-14      18799.999
 0.225100    96000.0000    0.377710    7.2543e+00       2.5001    5.9889e+03    0.092706      118.5597         0.1575       118.5597     13407.1182       0.4471     2.8000e-14      18799.999
 0.226100    97000.0000    0.380622    2.5471e+01       2.5001    8.1980e+03    0.173715      125.3756         0.1587       125.3756     13407.1182       0.4426     2.8000e-14      18799.999
 0.227100    98000.0000    0.383533    1.3499e+01       2.5001    6.9948e+03    0.126463      132.1917         0.1600       132.1917     13407.1182       0.4380     2.8000e-14      18799.999
 0.228100    99000.0000    0.386431    2.0662e+01       2.5001    7.7802e+03    0.156457      137.4404         0.1611       137.4404     13407.1182       0.4337     2.8000e-14      18799.999
 0.229100   100000.0000    0.389320    7.6062e+00       2.5001    6.0603e+03    0.094929      141.6444         0.1622       141.6444     13407.1182       0.4295     2.8000e-14      18799.999
 0.230100   101000.0000    0.392070    8.4131e+00       2.5001    6.2150e+03    0.099837      145.0892         0.1633       145.0892     13407.1182       0.4253     2.8000e-14      18799.999
 0.231100   102000.0000    0.393566    5.7720e+00       2.5001    5.6563e+03    0.082694      141.7012         0.1652       141.7012     13407.1182       0.4218     2.8000e-14      18799.999
 0.232100   103000.0000    0.395062    1.4136e+01       2.5000    7.0760e+03    0.129413      138.3132         0.1671       138.3132     13407.1182       0.4182     2.8000e-14      18799.999
 0.233100   104000.0000    0.397788    2.2277e+01       2.5000    7.9281e+03    0.162460      147.7988         0.1683       147.7988     13407.1182       0.4139     2.8000e-14      18799.999
 0.234100   105000.0000    0.401334    1.2424e+01       2.5083    6.8399e+03    0.121323      165.8667         0.1691       165.8667     13407.1182       0.4092     2.8000e-14      18799.999
 0.235100   106000.0000    0.404772    2.0472e+01       2.5195    7.7323e+03    0.155738      181.3041         0.1699       181.3041     13407.1182       0.4045     2.8000e-14      18799.999
 0.236100   107000.0000    0.407229    7.0325e+00       2.5277    5.9100e+03    0.091278      173.0648         0.1707       173.0648     13407.1182       0.4010     2.8000e-14      18799.999
 0.237100   108000.0000    0.409685    3.9369e+01       2.5326    9.0819e+03    0.215968      164.8256         0.1716       164.8256     13407.1182       0.3974     2.8000e-14      18799.999
 0.237120   108020.0000    0.409734    4.2184e+01       2.5335    9.2385e+03    0.223556      164.6608         0.1716       164.6608     13407.1182       0.3974     2.8000e-14      18799.999
 0.237520   108419.9922    0.410720    4.2041e+01       2.5452    9.2094e+03    0.223176      161.7390         0.1719       161.7390     13407.1182       0.3960     2.8000e-14      18799.999
 0.237540   108440.0078    0.410772    4.6296e+01       2.5460    9.4327e+03    0.234200      161.9485         0.1719       161.9485     13407.1182       0.3959     2.8000e-14      18799.999
 0.237560   108460.0000    0.410824    4.6913e+01       2.5471    9.4618e+03    0.235755      162.1575         0.1719       162.1575     13407.1182       0.3958     2.8000e-14      18799.999
 0.237580   108480.0000    0.410876    4.4856e+01       2.5482    9.3543e+03    0.230527      162.3667         0.1720       162.3667     13407.1182       0.3957     2.8000e-14      18799.999
 0.237600   108500.0000    0.410927    4.7951e+01       2.5491    9.5100e+03    0.238348      162.5757         0.1720       162.5757     13407.1182       0.3956     2.8000e-14      18799.999
 0.237620   108520.0000    0.410979    4.2996e+01       2.5500    9.2527e+03    0.225699      162.7849         0.1720       162.7849     13407.1182       0.3956     2.8000e-14      18799.999
 0.238100   109000.0000    0.412225    1.5971e+01       2.5597    7.2097e+03    0.137557      167.8049         0.1726       167.8049     13407.1182       0.3936     2.8000e-14      18799.999
 0.239100   110000.0000    0.414819    7.0165e+00       2.5685    5.8595e+03    0.091174      178.2627         0.1737       178.2627     13407.1182       0.3896     2.8000e-14      18799.999
 0.240100   111000.0000    0.417284    5.9276e+00       2.5724    5.6135e+03    0.083802      186.8260         0.1749       186.8260     13407.1182       0.3856     2.8000e-14      18799.999
 0.241100   112000.0000    0.418584    5.7774e+00       2.5771    5.5724e+03    0.082733      178.3361         0.1773       178.3361     13407.1182       0.3818     2.8000e-14      18799.999
 0.242100   113000.0000    0.419885    1.0112e+01       2.5829    6.4023e+03    0.109454      169.8462         0.1797       169.8462     13407.1182       0.3780     2.8000e-14      18799.999
 0.243100   114000.0000    0.421349    6.4690e+00       2.5886    5.7194e+03    0.087545      168.9205         0.1813       168.9205     13407.1182       0.3748     2.8000e-14      18799.999
 0.244100   115000.0000    0.422923    9.9528e+00       2.5959    6.3609e+03    0.108589      173.0381         0.1824       173.0381     13407.1182       0.3719     2.8000e-14      18799.999
 0.245100   116000.0000    0.424629    8.0078e+00       2.6025    6.0167e+03    0.097403      176.4329         0.1834       176.4329     13407.1182       0.3690     2.8000e-14      18799.999
 0.246100   117000.0000    0.427525    7.2747e+00       2.6125    5.8628e+03    0.092837      173.3218         0.1839       173.3218     13407.1182       0.3653     2.8000e-14      18799.999
 0.247100   118000.0000    0.430422    1.7982e+01       2.6252    7.3334e+03    0.145961      170.2106         0.1843       170.2106     13407.1182       0.3617     2.8000e-14      18799.999
 0.248100   119000.0000    0.432956    1.2601e+01       2.6379    6.6935e+03    0.122187      159.3696         0.1848       159.3696     13407.1182       0.3584     2.8000e-14      18799.999
 0.249100   120000.0000    0.435249    1.2342e+01       2.6511    6.6421e+03    0.120920      143.3755         0.1854       143.3755     13407.1182       0.3552     2.8000e-14      18799.999
 0.250100   121000.0000    0.437452    5.2650e+00       2.6559    5.3631e+03    0.078979      132.2856         0.1861       132.2856     13407.1182       0.3520     2.8000e-14      18799.999
 0.251100   122000.0000    0.438858    9.1959e+00       2.6602    6.1605e+03    0.104378      165.3364         0.1885       165.3364     13407.1182       0.3481     2.8000e-14      18799.999
 0.252100   123000.0000    0.440263    5.8193e+00       2.6670    5.4877e+03    0.083033      198.3853         0.1909       198.3853     13407.1182       0.3441     2.8000e-14      18799.999
 0.253100   124000.0000    0.442539    3.0260e+01       2.6762    8.2725e+03    0.189342      200.7686         0.1913       200.7686     13407.1182       0.3412     2.8000e-14      18799.999
 0.254100   125000.0000    0.445397    1.6375e+01       2.6912    7.0754e+03    0.139285      182.7065         0.1902       182.7065     13407.1182       0.3391     2.8000e-14      18799.999
 0.255100   126000.0000    0.448127    1.4281e+01       2.7010    6.8250e+03    0.130074      166.8619         0.1894       166.8619     13407.1182       0.3369     2.8000e-14      18799.999
 0.256100   127000.0000    0.449721    6.1755e+00       2.7117    5.5237e+03    0.085536      170.9794         0.1911       170.9794     13407.1182       0.3334     2.8000e-14      18799.999
 0.257100   128000.0000    0.451314    1.0275e+01       2.7151    6.2695e+03    0.110332      175.0970         0.1928       175.0970     13407.1182       0.3300     2.8000e-14      18799.999
 0.258100   129000.0000    0.452566    6.2796e+00       2.7193    5.5390e+03    0.086254      185.8784         0.1948       185.8784     13407.1182       0.3265     2.8000e-14      18799.999
 0.259100   130000.0000    0.453592    6.0276e+00       2.7238    5.4781e+03    0.084506      201.1023         0.1972       201.1023     13407.1182       0.3230     2.8000e-14      18799.999
 0.260100   131000.0000    0.454825    1.0702e+01       2.7284    6.3182e+03    0.112602      213.6069         0.1990       213.6069     13407.1182       0.3199     2.8000e-14      18799.999
 0.261100   132000.0000    0.457927    2.1463e+01       2.7367    7.5073e+03    0.159462      201.6375         0.1960       201.6375     13407.1182       0.3194     2.8000e-14      18799.999
 0.262100   133000.0000    0.461028    2.2994e+01       2.7510    7.6179e+03    0.165053      189.6675         0.1930       189.6675     13407.1182       0.3190     2.8000e-14      18799.999
 0.263100   134000.0000    0.463437    2.0372e+01       2.7638    7.3737e+03    0.155356      186.9227         0.1924       186.9227     13407.1182       0.3169     2.8000e-14      18799.999
 0.264100   135000.0000    0.465383    8.2796e+00       2.7704    5.8804e+03    0.099042      190.3270         0.1934       190.3270     13407.1182       0.3138     2.8000e-14      18799.999
 0.265100   136000.0000    0.467363    2.4560e+01       2.7814    7.7020e+03    0.170580      194.3777         0.1944       194.3777     13407.1182       0.3105     2.8000e-14      18799.999
 0.266100   137000.0000    0.469643    9.4312e+00       2.7949    6.0483e+03    0.105705      204.2415         0.1959       204.2415     13407.1182       0.3065     2.8000e-14      18799.999
 0.267100   138000.0000    0.471924    9.0489e+00       2.8011    5.9795e+03    0.103541      214.1055         0.1974       214.1055     13407.1182       0.3025     2.8000e-14      18799.999
 0.268100   139000.0000    0.473539    6.9969e+00       2.8059    5.6023e+03    0.091047      214.2694         0.1991       214.2694     13407.1182       0.2989     2.8000e-14      18799.999
 0.269100   140000.0000    0.474711    8.6532e+00       2.8103    5.9033e+03    0.101252      207.9666         0.2011       207.9666     13407.1182       0.2957     2.8000e-14      18799.999
 0.270100   141000.0000    0.475862    8.7835e+00       2.8162    5.9192e+03    0.102011      202.7944         0.2030       202.7944     13407.1182       0.2925     2.8000e-14      18799.999
 0.271100   142000.0000    0.476826    7.4516e+00       2.8204    5.6766e+03    0.093959      207.7985         0.2036       207.7985     13407.1182       0.2908     2.8000e-14      18799.999
 0.272100   143000.0000    0.477790    7.8512e+00       2.8238    5.7477e+03    0.096445      212.8025         0.2042       212.8025     13407.1182       0.2891     2.8000e-14      18799.999
 0.273100   144000.0000    0.478718    7.7485e+00       2.8286    5.7239e+03    0.095812      207.6226         0.2057       207.6226     13407.1182       0.2866     2.8000e-14      18799.999
 0.274100   145000.0000    0.479624    6.8443e+00       2.8322    5.5456e+03    0.090049      195.6526         0.2077       195.6526     13407.1182       0.2836     2.8000e-14      18799.999
 0.275100   146000.0000    0.480561    7.4285e+00       2.8355    5.6570e+03    0.093813      185.5764         0.2095       185.5764     13407.1182       0.2808     2.8000e-14      18799.999
 0.276100   147000.0000    0.481784    6.0184e+00       2.8390    5.3637e+03    0.084441      192.5421         0.2097       192.5421     13407.1182       0.2792     2.8000e-14      18799.999
 0.277100   148000.0000    0.483007    8.0798e+00       2.8454    5.7670e+03    0.097839      199.5077         0.2099       199.5077     13407.1182       0.2777     2.8000e-14      18799.999
 0.278100   149000.0000    0.484325    1.2384e+01       2.8516    6.4099e+03    0.121130      206.0757         0.2106       206.0757     13407.1182       0.2754     2.8000e-14      18799.999
 0.279100   150000.0000    0.485705    9.7763e+00       2.8563    6.0370e+03    0.107622      212.3784         0.2118       212.3784     13407.1182       0.2727     2.8000e-14      18799.999
 0.280100   151000.0000    0.487103    8.7405e+00       2.8629    5.8635e+03    0.101761      218.4525         0.2130       218.4525     13407.1182       0.2700     2.8000e-14      18799.999
 0.281100   152000.0000    0.488648    9.9008e+00       2.8693    6.0424e+03    0.108305      222.4678         0.2141       222.4678     13407.1182       0.2671     2.8000e-14      18799.999
 0.282100   153000.0000    0.490194    1.0530e+01       2.8761    6.1289e+03    0.111691      226.4829         0.2153       226.4829     13407.1182       0.2643     2.8000e-14      18799.999
 0.283100   154000.0000    0.491715    8.6272e+00       2.8827    5.8243e+03    0.101099      223.3767         0.2164       223.3767     13407.1182       0.2614     2.8000e-14      18799.999
 0.284100   155000.0000    0.493220    7.8415e+00       2.8892    5.6805e+03    0.096386      215.5232         0.2175       215.5232     13407.1182       0.2587     2.8000e-14      18799.999
 0.285100   156000.0000    0.494676    9.2926e+00       2.8947    5.9212e+03    0.104926      207.7372         0.2185       207.7372     13407.1182       0.2561     2.8000e-14      18799.999
 0.286100   157000.0000    0.495686    7.9099e+00       2.9001    5.6822e+03    0.096805      200.5601         0.2180       200.5601     13407.1182       0.2555     2.8000e-14      18799.999
 0.287100   158000.0000    0.496697    6.9328e+00       2.9035    5.4947e+03    0.090629      193.3828         0.2175       193.3828     13407.1182       0.2548     2.8000e-14      18799.999
 0.288100   159000.0000    0.497688    7.3127e+00       2.9065    5.5656e+03    0.093079      193.3397         0.2183       193.3397     13407.1182       0.2530     2.8000e-14      18799.999
 0.289100   160000.0000    0.498666    9.6373e+00       2.9097    5.9599e+03    0.106854      198.0525         0.2199       198.0525     13407.1182       0.2502     2.8000e-14      18799.999
 0.290100   161000.0000    0.499745    8.4812e+00       2.9154    5.7669e+03    0.100240      205.2910         0.2214       205.2910     13407.1182       0.2475     2.8000e-14      18799.999
 0.291100   162000.0000    0.501729    1.0955e+01       2.9225    6.1404e+03    0.113923      235.2549         0.2218       235.2549     13407.1182       0.2450     2.8000e-14      18799.999
 0.292100   163000.0000    0.503713    1.3193e+01       2.9310    6.4232e+03    0.125023      265.2207         0.2222       265.2207     13407.1182       0.2424     2.8000e-14      18799.999
 0.293100   164000.0000    0.505480    9.9857e+00       2.9405    5.9815e+03    0.108768      260.7051         0.2224       260.7051     13407.1182       0.2402     2.8000e-14      18799.999
 0.294100   165000.0000    0.507104    9.4278e+00       2.9474    5.8892e+03    0.105686      233.2046         0.2224       233.2046     13407.1182       0.2384     2.8000e-14      18799.999
 0.295100   166000.0000    0.508674    8.5481e+00       2.9529    5.7414e+03    0.100635      207.6235         0.2225       207.6235     13407.1182       0.2365     2.8000e-14      18799.999
 0.296100   167000.0000    0.509758    8.5205e+00       2.9585    5.7313e+03    0.100472      199.3118         0.2230       199.3118     13407.1182       0.2348     2.8000e-14      18799.999
 0.297100   168000.0000    0.510842    7.7227e+00       2.9617    5.5892e+03    0.095653      190.9998         0.2235       190.9998     13407.1182       0.2331     2.8000e-14      18799.999
 0.298100   169000.0000    0.511809    1.0452e+01       2.9661    6.0239e+03    0.111277      196.5591         0.2246       196.5591     13407.1182       0.2310     2.8000e-14      18799.999
 0.299100   170000.0000    0.512698    6.6223e+00       2.9697    5.3712e+03    0.088576      211.3667         0.2259       211.3667     13407.1182       0.2286     2.8000e-14      18799.999
 0.300100   171000.0000    0.513578    6.5387e+00       2.9732    5.3510e+03    0.088015      224.6930         0.2272       224.6930     13407.1182       0.2263     2.8000e-14      18799.999
 0.301100   172000.0000    0.514363    6.1072e+00       2.9759    5.2581e+03    0.085062      224.6930         0.2276       224.6930     13407.1182       0.2251     2.8000e-14      18799.999
 0.302100   173000.0000    0.515148    7.4503e+00       2.9795    5.5227e+03    0.093951      224.6930         0.2280       224.6930     13407.1182       0.2238     2.8000e-14      18799.999
 0.303100   174000.0000    0.516227    8.1179e+00       2.9838    5.6384e+03    0.098070      223.0989         0.2290       223.0989     13407.1182       0.2217     2.8000e-14      18799.999
 0.304100   175000.0000    0.517502    9.9304e+00       2.9890    5.9246e+03    0.108467      220.4421         0.2303       220.4421     13407.1182       0.2189     2.8000e-14      18799.999
 0.305100   176000.0000    0.518743    7.8524e+00       2.9948    5.5814e+03    0.096452      217.5431         0.2315       217.5431     13407.1182       0.2164     2.8000e-14      18799.999
 0.306100   177000.0000    0.519682    7.9871e+00       2.9987    5.6016e+03    0.097276      212.4630         0.2308       212.4630     13407.1182       0.2160     2.8000e-14      18799.999
 0.307100   178000.0000    0.520620    7.5143e+00       3.0027    5.5131e+03    0.094353      207.3831         0.2301       207.3831     13407.1182       0.2156     2.8000e-14      18799.999
 0.308100   179000.0000    0.521640    7.4867e+00       3.0059    5.5050e+03    0.094180      218.7212         0.2304       218.7212     13407.1182       0.2142     2.8000e-14      18799.999
 0.309100   180000.0000    0.522714    9.2110e+00       3.0115    5.7925e+03    0.104464      241.0049         0.2312       241.0049     13407.1182       0.2122     2.8000e-14      18799.999
 0.310100   181000.0000    0.523814    1.1703e+01       3.0159    6.1454e+03    0.117752      259.7415         0.2320       259.7415     13407.1182       0.2102     2.8000e-14      18799.999
 0.311100   182000.0000    0.525157    1.1093e+01       3.0222    6.0573e+03    0.114642      246.5527         0.2326       246.5527     13407.1182       0.2081     2.8000e-14      18799.999
 0.312100   183000.0000    0.526500    7.3956e+00       3.0273    5.4688e+03    0.093605      233.3647         0.2331       233.3647     13407.1182       0.2061     2.8000e-14      18799.999
 0.313100   184000.0000    0.527635    6.8876e+00       3.0322    5.3680e+03    0.090333      221.8982         0.2337       221.8982     13407.1182       0.2042     2.8000e-14      18799.999
 0.314100   185000.0000    0.528631    7.8138e+00       3.0362    5.5364e+03    0.096215      211.5803         0.2344       211.5803     13407.1182       0.2024     2.8000e-14      18799.999
 0.315100   186000.0000    0.529602    7.4309e+00       3.0400    5.4638e+03    0.093828      207.8848         0.2352       207.8848     13407.1182       0.2005     2.8000e-14      18799.999
 0.316100   187000.0000    0.530356    6.7909e+00       3.0434    5.3392e+03    0.089697      263.7617         0.2367       263.7617     13407.1182       0.1982     2.8000e-14      18799.999
 0.317100   188000.0000    0.531110    7.8285e+00       3.0463    5.5298e+03    0.096306      319.6406         0.2381       319.6406     13407.1182       0.1960     2.8000e-14      18799.999
 0.318080   188980.0156    0.532347    2.1124e+01       3.0515    7.0813e+03    0.158196      321.4248         0.2379       321.4248     13407.1182       0.1948     2.8000e-14      18799.999
 0.318100   189000.0000    0.532379    2.0928e+01       3.0518    7.0645e+03    0.157462      320.7158         0.2379       320.7158     13407.1182       0.1948     2.8000e-14      18799.999
 0.318100   189000.0156    0.532379    2.0928e+01       3.0518    7.0645e+03    0.157462      320.7158         0.2379       320.7158     13407.1182       0.1948     2.8000e-14      18799.999
 0.318120   189020.0000    0.532412    2.1023e+01       3.0522    7.0720e+03    0.157818      320.0068         0.2379       320.0068     13407.1182       0.1948     2.8000e-14      18799.999
 0.319100   190000.0000    0.533993    1.1630e+01       3.0586    6.0928e+03    0.117384      285.2578         0.2365       285.2578     13407.1182       0.1944     2.8000e-14      18799.999
 0.320100   191000.0000    0.535531    7.4504e+00       3.0648    5.4453e+03    0.093951      253.1931         0.2355       253.1931     13407.1182       0.1937     2.8000e-14      18799.999
 0.321100   192000.0000    0.536376    5.9891e+00       3.0680    5.1534e+03    0.084235      251.6844         0.2372       251.6844     13407.1182       0.1910     2.8000e-14      18799.999
 0.322100   193000.0000    0.537221    7.2249e+00       3.0723    5.3971e+03    0.092519      250.1755         0.2390       250.1755     13407.1182       0.1883     2.8000e-14      18799.999
 0.323100   194000.0000    0.537978    8.2796e+00       3.0754    5.5812e+03    0.099041      238.9585         0.2398       238.9585     13407.1182       0.1867     2.8000e-14      18799.999
 0.324100   195000.0000    0.538677    6.7462e+00       3.0778    5.3006e+03    0.089401      221.2700         0.2399       221.2700     13407.1182       0.1857     2.8000e-14      18799.999
 0.325100   196000.0000    0.539375    6.8256e+00       3.0807    5.3136e+03    0.089926      207.5796         0.2402       207.5796     13407.1182       0.1847     2.8000e-14      18799.999
 0.326100   197000.0000    0.540062    6.4497e+00       3.0833    5.2366e+03    0.087414      229.8628         0.2410       229.8628     13407.1182       0.1831     2.8000e-14      18799.999
 0.327100   198000.0000    0.540750    6.6882e+00       3.0863    5.2819e+03    0.089016      252.1470         0.2418       252.1470     13407.1182       0.1815     2.8000e-14      18799.999
 0.328100   199000.0000    0.541912    5.6043e+00       3.0894    5.0509e+03    0.081484      260.1271         0.2414       260.1271     13407.1182       0.1807     2.8000e-14      18799.999
 0.328940   199840.0000    0.543154    1.8741e+01       3.0919    6.8275e+03    0.149007      258.8210         0.2402       258.8210     13407.1182       0.1805     2.8000e-14      18799.999
 0.328960   199860.0000    0.543183    1.9531e+01       3.0922    6.8980e+03    0.152115      258.7900         0.2402       258.7900     13407.1182       0.1805     2.8000e-14      18799.999
 0.328980   199880.0000    0.543213    1.9695e+01       3.0925    6.9120e+03    0.152752      258.7589         0.2402       258.7589     13407.1182       0.1804     2.8000e-14      18799.999
 0.329000   199900.0000    0.543243    2.0484e+01       3.0928    6.9801e+03    0.155784      258.7278         0.2401       258.7278     13407.1182       0.1804     2.8000e-14      18799.999
 0.329020   199919.9844    0.543272    2.1553e+01       3.0930    7.0691e+03    0.159796      258.6967         0.2401       258.6967     13407.1182       0.1804     2.8000e-14      18799.999
 0.329040   199939.9844    0.543302    2.2501e+01       3.0934    7.1451e+03    0.163271      258.6656         0.2401       258.6656     13407.1182       0.1804     2.8000e-14      18799.999
 0.329060   199959.9844    0.543331    2.2554e+01       3.0939    7.1488e+03    0.163466      258.6345         0.2401       258.6345     13407.1182       0.1804     2.8000e-14      18799.999
 0.329080   199979.9844    0.543361    2.0822e+01       3.0943    7.0070e+03    0.157064      258.6034         0.2400       258.6034     13407.1182       0.1804     2.8000e-14      18799.999
 0.329100   200000.0000    0.543390    1.8523e+01       3.0946    6.8046e+03    0.148138      258.5723         0.2400       258.5723     13407.1182       0.1804     2.8000e-14      18799.999
 0.329100   200000.0156    0.543390    1.8523e+01       3.0946    6.8046e+03    0.148138      258.5723         0.2400       258.5723     13407.1182       0.1804     2.8000e-14      18799.999
 0.329660   200560.0000    0.544218    1.8253e+01       3.0991    6.7748e+03    0.147056      257.7016         0.2392       257.7016     13407.1182       0.1802     2.8000e-14      18799.999
 0.329680   200580.0000    0.544248    1.9515e+01       3.0995    6.8885e+03    0.152052      257.6705         0.2392       257.6705     13407.1182       0.1802     2.8000e-14      18799.999
 0.329700   200599.9844    0.544277    1.9992e+01       3.0999    6.9298e+03    0.153901      257.6395         0.2392       257.6395     13407.1182       0.1802     2.8000e-14      18799.999
 0.329720   200619.9844    0.544307    1.9175e+01       3.1002    6.8574e+03    0.150722      257.6083         0.2392       257.6083     13407.1182       0.1802     2.8000e-14      18799.999
 0.330100   201000.0000    0.544850    7.1217e+00       3.1039    5.3502e+03    0.091855      255.7397         0.2387       255.7397     13407.1182       0.1801     2.8000e-14      18799.999
 0.331100   202000.0000    0.546142    9.1779e+00       3.1084    5.6963e+03    0.104276      241.4097         0.2381       241.4097     13407.1182       0.1793     2.8000e-14      18799.999
 0.332100   203000.0000    0.547433    1.1873e+01       3.1141    6.0694e+03    0.118601      227.0791         0.2375       227.0791     13407.1182       0.1785     2.8000e-14      18799.999
 0.333100   204000.0000    0.548382    7.8562e+00       3.1193    5.4695e+03    0.096476      244.3691         0.2383       244.3691     13407.1182       0.1766     2.8000e-14      18799.999
 0.334100   205000.0000    0.549101    6.9819e+00       3.1221    5.3082e+03    0.090949      282.7422         0.2400       282.7422     13407.1182       0.1741     2.8000e-14      18799.999
 0.335100   206000.0000    0.549818    6.4893e+00       3.1241    5.2103e+03    0.087682      314.7197         0.2418       314.7197     13407.1182       0.1715     2.8000e-14      18799.999
 0.336100   207000.0000    0.550504    6.3062e+00       3.1268    5.1709e+03    0.086436      289.1465         0.2433       289.1465     13407.1182       0.1692     2.8000e-14      18799.999
 0.337100   208000.0000    0.551190    8.1721e+00       3.1298    5.5145e+03    0.098397      263.5732         0.2448       263.5732     13407.1182       0.1669     2.8000e-14      18799.999
 0.338100   209000.0000    0.552004    8.5544e+00       3.1334    5.5746e+03    0.100672      248.9502         0.2442       248.9502     13407.1182       0.1667     2.8000e-14      18799.999
 0.339100   210000.0000    0.552905    7.6888e+00       3.1372    5.4247e+03    0.095443      241.6270         0.2420       241.6270     13407.1182       0.1678     2.8000e-14      18799.999
 0.340100   211000.0000    0.553799    7.5724e+00       3.1408    5.4009e+03    0.094717      236.2346         0.2404       236.2346     13407.1182       0.1685     2.8000e-14      18799.999
 0.341100   212000.0000    0.554630    6.6476e+00       3.1444    5.2249e+03    0.088745      248.2227         0.2426       248.2227     13407.1182       0.1653     2.8000e-14      18799.999
 0.342100   213000.0000    0.555462    6.2292e+00       3.1479    5.1378e+03    0.085907      260.2104         0.2449       260.2104     13407.1182       0.1622     2.8000e-14      18799.999
 0.343100   214000.0000    0.556220    5.6746e+00       3.1508    5.0171e+03    0.081994      264.0590         0.2454       264.0590     13407.1182       0.1608     2.8000e-14      18799.999
 0.344100   215000.0000    0.556931    6.2079e+00       3.1535    5.1288e+03    0.085760      262.4805         0.2449       262.4805     13407.1182       0.1605     2.8000e-14      18799.999
 0.345100   216000.0000    0.557658    6.0451e+00       3.1569    5.0921e+03    0.084628      261.0600         0.2443       261.0600     13407.1182       0.1603     2.8000e-14      18799.999
 0.346100   217000.0000    0.558540    9.8078e+00       3.1598    5.7443e+03    0.107795      261.0600         0.2438       261.0600     13407.1182       0.1598     2.8000e-14      18799.999
 0.347100   218000.0000    0.559422    6.0860e+00       3.1641    5.0949e+03    0.084914      261.0600         0.2433       261.0600     13407.1182       0.1593     2.8000e-14      18799.999
 0.348100   219000.0000    0.560271    7.5143e+00       3.1684    5.3670e+03    0.094353      253.1470         0.2438       253.1470     13407.1182       0.1579     2.8000e-14      18799.999
 0.349100   220000.0000    0.561097    6.7478e+00       3.1715    5.2220e+03    0.089412      239.9590         0.2448       239.9590     13407.1182       0.1559     2.8000e-14      18799.999
 0.350100   221000.0000    0.561912    7.0075e+00       3.1747    5.2689e+03    0.091116      231.0986         0.2460       231.0986     13407.1182       0.1539     2.8000e-14      18799.999
 0.351100   222000.0000    0.562629    9.3545e+00       3.1774    5.6610e+03    0.105275      261.1885         0.2475       261.1885     13407.1182       0.1516     2.8000e-14      18799.999
 0.352100   223000.0000    0.563347    7.2744e+00       3.1807    5.3133e+03    0.092835      291.2793         0.2490       291.2793     13407.1182       0.1493     2.8000e-14      18799.999
 0.353100   224000.0000    0.564039    6.1322e+00       3.1829    5.0894e+03    0.085236      288.6465         0.2496       288.6465     13407.1182       0.1479     2.8000e-14      18799.999
 0.354100   225000.0000    0.564714    6.3114e+00       3.1862    5.1235e+03    0.086472      264.1992         0.2497       264.1992     13407.1182       0.1471     2.8000e-14      18799.999
 0.355100   226000.0000    0.565412    7.4626e+00       3.1893    5.3401e+03    0.094028      242.7942         0.2497       242.7942     13407.1182       0.1463     2.8000e-14      18799.999
 0.356100   227000.0000    0.566309    8.2273e+00       3.1926    5.4691e+03    0.098728      248.7854         0.2496       248.7854     13407.1182       0.1454     2.8000e-14      18799.999
 0.357100   228000.0000    0.567206    7.0783e+00       3.1967    5.2639e+03    0.091575      254.7766         0.2495       254.7766     13407.1182       0.1445     2.8000e-14      18799.999
 0.358100   229000.0000    0.568109    7.6226e+00       3.2007    5.3589e+03    0.095031      261.9810         0.2495       261.9810     13407.1182       0.1435     2.8000e-14      18799.999
 0.359100   230000.0000    0.569016    7.4806e+00       3.2048    5.3304e+03    0.094141      269.9941         0.2496       269.9941     13407.1182       0.1424     2.8000e-14      18799.999
 0.360100   231000.0000    0.569899    6.1592e+00       3.2079    5.0751e+03    0.085423      276.8784         0.2496       276.8784     13407.1182       0.1414     2.8000e-14      18799.999
 0.361100   232000.0000    0.570572    7.3766e+00       3.2106    5.3070e+03    0.093485      273.6008         0.2487       273.6008     13407.1182       0.1415     2.8000e-14      18799.999
 0.362100   233000.0000    0.571245    5.8655e+00       3.2135    5.0092e+03    0.083362      270.3231         0.2479       270.3231     13407.1182       0.1416     2.8000e-14      18799.999
 0.363100   234000.0000    0.571958    5.0998e+00       3.2164    4.8348e+03    0.077730      270.9785         0.2488       270.9785     13407.1182       0.1399     2.8000e-14      18799.999
 0.364100   235000.0000    0.572699    5.3576e+00       3.2190    4.8928e+03    0.079671      274.2561         0.2508       274.2561     13407.1182       0.1370     2.8000e-14      18799.999
 0.365100   236000.0000    0.573445    5.9020e+00       3.2226    5.0098e+03    0.083620      275.9521         0.2525       275.9521     13407.1182       0.1346     2.8000e-14      18799.999
 0.366100   237000.0000    0.574232    7.7194e+00       3.2257    5.3550e+03    0.095632      263.4121         0.2499       263.4121     13407.1182       0.1362     2.8000e-14      18799.999
 0.367100   238000.0000    0.575020    6.9692e+00       3.2292    5.2170e+03    0.090867      250.8721         0.2474       250.8721     13407.1182       0.1379     2.8000e-14      18799.999
 0.368100   239000.0000    0.575778    6.2904e+00       3.2324    5.0826e+03    0.086328      257.4937         0.2480       257.4937     13407.1182       0.1364     2.8000e-14      18799.999
 0.369100   240000.0000    0.576518    7.7758e+00       3.2357    5.3565e+03    0.095981      276.8911         0.2508       276.8911     13407.1182       0.1329     2.8000e-14      18799.999
 0.370100   241000.0000    0.577247    7.2669e+00       3.2386    5.2642e+03    0.092787      293.4983         0.2532       293.4983     13407.1182       0.1297     2.8000e-14      18799.999
 0.371100   242000.0000    0.577890    6.7047e+00       3.2411    5.1573e+03    0.089125      284.9897         0.2531       284.9897     13407.1182       0.1290     2.8000e-14      18799.999
 0.372100   243000.0000    0.578532    6.4067e+00       3.2439    5.0969e+03    0.087122      276.4814         0.2531       276.4814     13407.1182       0.1283     2.8000e-14      18799.999
 0.373100   244000.0000    0.579145    5.8109e+00       3.2459    4.9724e+03    0.082973      272.1021         0.2529       272.1021     13407.1182       0.1279     2.8000e-14      18799.999
 0.374100   245000.0000    0.579737    6.1869e+00       3.2477    5.0496e+03    0.085615      270.4758         0.2525       270.4758     13407.1182       0.1275     2.8000e-14      18799.999
 0.375100   246000.0000    0.580328    6.5239e+00       3.2513    5.1142e+03    0.087916      269.3397         0.2524       269.3397     13407.1182       0.1271     2.8000e-14      18799.999
 0.376100   247000.0000    0.580902    5.2243e+00       3.2545    4.8355e+03    0.078673      272.6173         0.2536       272.6173     13407.1182       0.1252     2.8000e-14      18799.999
 0.377100   248000.0000    0.581475    5.1454e+00       3.2561    4.8159e+03    0.078077      275.8949         0.2549       275.8949     13407.1182       0.1232     2.8000e-14      18799.999
 0.378100   249000.0000    0.581999    6.3501e+00       3.2585    5.0741e+03    0.086737      277.2060         0.2546       277.2060     13407.1182       0.1230     2.8000e-14      18799.999
 0.379100   250000.0000    0.582488    5.9642e+00       3.2606    4.9936e+03    0.084060      277.2060         0.2532       277.2060     13407.1182       0.1238     2.8000e-14      18799.999
 0.380100   251000.0000    0.583006    5.1921e+00       3.2624    4.8222e+03    0.078431      277.0408         0.2521       277.0408     13407.1182       0.1243     2.8000e-14      18799.999
 0.381100   252000.0000    0.583788    9.1968e+00       3.2656    5.5604e+03    0.104383      275.3897         0.2540       275.3897     13407.1182       0.1216     2.8000e-14      18799.999
 0.382100   253000.0000    0.584569    7.4159e+00       3.2691    5.2663e+03    0.093734      273.7385         0.2559       273.7385     13407.1182       0.1188     2.8000e-14      18799.999
 0.383100   254000.0000    0.585661    8.4067e+00       3.2726    5.4311e+03    0.099799      278.1833         0.2556       278.1833     13407.1182       0.1179     2.8000e-14      18799.999
 0.383600   254500.0000    0.586311    1.1651e+01       3.2754    5.8902e+03    0.117486      282.4375         0.2547       282.4375     13407.1182       0.1181     2.8000e-14      18799.999
 0.383620   254519.9844    0.586337    1.1651e+01       3.2755    5.8901e+03    0.117487      282.6077         0.2546       282.6077     13407.1182       0.1181     2.8000e-14      18799.999
 0.384100   255000.0000    0.586960    1.0356e+01       3.2788    5.7163e+03    0.110766      286.6917         0.2538       286.6917     13407.1182       0.1183     2.8000e-14      18799.999
 0.385100   256000.0000    0.588194    6.7452e+00       3.2843    5.1310e+03    0.089395      292.8618         0.2523       292.8618     13407.1182       0.1184     2.8000e-14      18799.999
 0.386100   257000.0000    0.588843    6.7060e+00       3.2878    5.1208e+03    0.089134      277.9917         0.2538       277.9917     13407.1182       0.1161     2.8000e-14      18799.999
 0.387100   258000.0000    0.589491    6.1855e+00       3.2897    5.0170e+03    0.085605      263.1206         0.2553       263.1206     13407.1182       0.1139     2.8000e-14      18799.999
 0.388100   259000.0000    0.590038    5.9301e+00       3.2918    4.9628e+03    0.083820      265.0435         0.2555       265.0435     13407.1182       0.1131     2.8000e-14      18799.999
 0.389100   260000.0000    0.590517    5.2449e+00       3.2937    4.8114e+03    0.078828      278.1602         0.2548       278.1602     13407.1182       0.1132     2.8000e-14      18799.999
 0.390100   261000.0000    0.591012    5.8378e+00       3.2958    4.9404e+03    0.083164      288.5005         0.2543       288.5005     13407.1182       0.1133     2.8000e-14      18799.999
 0.391100   262000.0000    0.591654    4.8326e+00       3.2987    4.7103e+03    0.075666      273.8521         0.2548       273.8521     13407.1182       0.1120     2.8000e-14      18799.999
 0.392100   263000.0000    0.592296    5.4087e+00       3.3013    4.8429e+03    0.080050      259.2031         0.2553       259.2031     13407.1182       0.1108     2.8000e-14      18799.999
 0.393100   264000.0000    0.592857    5.7783e+00       3.3036    4.9219e+03    0.082739      264.2529         0.2554       264.2529     13407.1182       0.1101     2.8000e-14      18799.999
 0.394100   265000.0000    0.593363    5.5578e+00       3.3060    4.8725e+03    0.081146      282.4346         0.2552       282.4346     13407.1182       0.1097     2.8000e-14      18799.999
 0.395100   266000.0000    0.593880    5.2428e+00       3.3077    4.8007e+03    0.078812      297.7695         0.2549       297.7695     13407.1182       0.1095     2.8000e-14      18799.999
 0.396100   267000.0000    0.594500    6.1174e+00       3.3102    4.9876e+03    0.085133      287.4812         0.2534       287.4812     13407.1182       0.1103     2.8000e-14      18799.999
 0.397100   268000.0000    0.595119    5.9526e+00       3.3132    4.9514e+03    0.083978      277.1934         0.2519       277.1934     13407.1182       0.1110     2.8000e-14      18799.999
 0.398100   269000.0000    0.595731    6.2010e+00       3.3156    5.0005e+03    0.085713      273.0780         0.2527       273.0780     13407.1182       0.1096     2.8000e-14      18799.999
 0.399100   270000.0000    0.596337    6.0891e+00       3.3184    4.9756e+03    0.084936      273.0780         0.2549       273.0780     13407.1182       0.1067     2.8000e-14      18799.999
 0.401380   272280.0000    0.597562    5.8891e+00       3.3234    4.9306e+03    0.083529      270.8336         0.2553       270.8336     13407.1182       0.1050     2.8000e-14      18799.999
